9929
9507
9506
9480
422
398
569
4103
2961
397
633
5611
5609
5610
5608
3738
402
584
4449
4005
6994
8383
4331
557
1636
1662
4168
401
583
704
705
1787
716
4450
715
5312
334
463
403
613
2812
4375
3921
2871
3355
2872
4374
399
599
3130
3131
6012
400
582
3478
4420
4514
5302
4007
9447
4623
2493
5259
7408
2161
4097
6613
7023
7026
7025
7052
7043
7045
617
203
1105
7049
7019
7029
7051
7040
7037
859
437
1422
6614
7018
7034
7038
7031
414
1086
149
492
6615
7036
7035
7027
7021
7028
7030
7024
7017
7046
7048
5273
7042
8079
8076
8077
8078
7056
5256
323
1063
1064
5833
1956
4205
6617
7022
7032
7033
6052
6916
6800
2690
1055
6928
6927
6929
6926
6930
4265
4266
4356
4267
4131
4268
4357
6136
2613
8101
6300
2224
1799
3135
3476
4314
6301
754
6590
5509
5471
5472
6034
6033
4293
6677
5404
5539
6678
6679
8109
8107
8108
8110
8105
8104
8103
8102
8002
8005
6189
6190
8286
8285
8283
8282
8288
8274
8278
8279
8280
8284
8287
8273
8277
8276
8281
8071
8073
8069
8068
8070
8075
8067
6436
5549
8111
8106
8003
8004
8275
558
8072
8074
5647
6434
6435
6433
6589
1763
4263
2850
9824
9817
3303
2905
2777
4304
6588
6364
7123
322
1238
1223
7020
7039
7047
7044
7041
7050
144
480
5336
6801
4647
6914
632
1504
1495
6616
7532
7531
6799
2298
6915
6619
766
8403
3443
3450
3445
3444
7862
4403
7721
6016
7719
7718
8882
587
9504
9512
9485
9501
9503
87
7810
1685
1979
4635
8394
6533
8115
6315
7074
8375
6532
8114
6314
7075
7771
3367
6924
8950
7880
6923
7877
8954
7883
6575
7881
7879
7876
8953
5486
7884
8951
6740
6970
7878
8952
5534
7757
6791
7759
8362
7760
8359
7763
9915
7766
9919
7772
3396
7013
8959
8955
5693
7890
8956
5997
7886
7887
7888
7400
5300
6755
7401
6067
7885
7889
8957
8958
5392
427
7768
6459
7094
6402
7095
6057
6778
9895
7882
7154
3920
8916
8913
8918
8915
8917
8919
8921
8922
8923
8924
8925
8926
8929
8930
8920
8928
8927
6967
7822
8914
5671
6734
7372
7374
7376
7375
5670
7373
5796
7770
2800
5725
8976
7529
7527
6421
7954
7953
8977
8979
8975
8974
8973
8972
8988
8981
8983
8985
8987
8989
8984
8982
8980
7528
6487
8978
8986
6310
8894
2730
3174
5296
5706
5597
8616
2378
7482
2702
1125
930
929
931
1124
8615
670
669
8610
570
8607
8608
8609
7481
8611
8617
671
668
571
8613
8614
5388
1973
2018
8612
7480
2640
4472
6009
6363
6629
6630
2155
580
2602
815
814
816
8677
8678
8676
8673
8674
686
685
8672
8668
8671
579
8670
8669
8667
7556
8666
8665
1572
1581
198
8664
5516
8663
5433
1990
2077
8675
7555
2360
4480
6017
6379
6640
6639
2166
585
2482
586
8712
822
821
823
8713
7562
8724
7561
688
689
8722
8714
8711
5544
6746
8716
8710
8715
8721
8725
7563
8723
8719
1577
1583
199
8718
6866
5437
2019
2085
8717
7564
8371
3793
9761
9762
9763
9764
9765
9766
9767
9768
9769
9771
9749
9760
9748
6845
6682
8271
8269
3880
9734
8268
8267
5578
8266
8270
6450
9725
9726
9727
9728
9729
9730
9731
9732
8411
5952
7802
9733
7801
9735
6392
9746
7800
9736
6426
8415
7799
9737
7798
8720
7803
5765
9738
8573
8572
8574
8570
1257
4425
5679
5944
5667
3462
7725
4636
7726
7727
7728
5680
3938
2315
4409
4518
5623
6492
5624
6491
2327
5574
5553
7147
7148
2093
7439
7442
7441
8537
8541
8538
7443
7436
7435
8539
7434
365
5985
366
1780
6781
7437
1663
7438
7440
8536
8540
5792
3845
6394
6393
5700
5487
6686
7194
8289
6432
3864
6557
7844
7841
7835
7836
7837
7838
7839
7840
7842
7843
7834
6952
6719
8932
7833
8931
8933
8934
8393
9775
5575
8175
8174
8173
6855
6794
7758
9802
5423
8577
4256
8576
7353
5747
4681
7403
207
8707
8706
8705
8708
7560
8351
9811
6909
7960
7959
9813
7761
6853
5422
8373
6173
8343
9814
8356
8352
5321
8382
7762
9815
6854
9816
1791
3578
6878
5494
5625
7708
5933
8350
7764
7422
7765
4318
7987
6192
7990
4252
5836
5230
6987
7988
7989
6667
6560
7875
7991
7767
4292
5996
4273
6291
4571
6877
7703
7702
6401
6264
7704
5365
7705
7769
5528
7780
7779
7781
5493
4877
6344
6495
6603
5431
6875
5341
4537
6153
4102
3279
7809
6460
8337
2388
2494
6787
1272
8398
8397
4878
7417
7418
9818
7431
5769
5641
7957
8518
5626
1445
9819
2028
2488
7741
1388
8152
7104
7107
8151
7105
6160
8150
8149
8147
7743
7106
481
8148
7112
7109
7111
7108
7110
7746
6624
8146
8145
4652
8144
8892
7747
7742
8884
6908
7740
5547
7745
4516
6252
8213
7958
4515
8214
6864
5785
6907
7744
9476
8886
8891
8887
6779
8885
8890
8153
8889
8888
7433
8883
8893
4625
7426
6721
2453
7817
1814
6416
8295
8172
8171
8170
8047
1889
8013
6287
8014
8015
8016
8019
8936
7686
6457
6769
5935
8053
8033
5526
6982
7410
6964
5709
6239
7681
6988
7680
7679
8045
7710
6152
5261
3918
6955
6516
8043
6574
7416
8042
7197
6980
9451
7675
2484
8039
8038
8935
7673
7145
2674
8036
5310
6098
5683
5329
6455
8034
7671
462
8029
8028
6889
6512
6200
500
8027
7478
5262
7685
7425
5637
5856
8026
6005
7196
8182
6137
6968
6476
4638
7687
7411
8024
6865
6793
6547
6789
7689
7694
8023
6551
8134
7693
7415
8021
7540
6511
8030
8020
8709
7691
7690
6407
6993
6796
6736
6563
8018
7849
8017
8022
6211
2158
8031
7848
7672
6480
7678
6479
7677
6874
5576
7676
4519
7847
8865
8051
5599
457
7962
8050
5888
8938
6888
7674
6788
8049
8395
8054
5733
7706
8048
7683
5876
7846
8046
5877
6582
7103
7429
3862
1896
6938
7845
6530
5983
8044
6965
6288
6811
7566
8041
8040
1892
385
5826
6056
8396
8037
7146
6456
7479
6221
8912
8035
8032
6391
6461
8052
1893
6558
8937
1941
9453
7811
1890
6535
5307
429
473
1193
1271
4002
1129
650
740
806
835
864
872
866
873
867
868
869
870
871
862
833
804
741
649
1131
2829
1159
683
763
855
924
939
968
957
967
954
953
969
955
962
966
956
942
975
971
972
973
974
976
977
936
926
857
764
681
1157
7102
4688
7815
3582
6953
5550
2410
6317
4218
6776
1842
6069
5366
6236
7419
6577
6452
6244
6166
6131
5768
6308
5949
6340
5950
7495
5411
8164
6810
5476
7496
5643
6786
6197
6095
7424
6176
6417
5771
7494
5322
8374
8426
8346
7122
3302
1137
667
751
819
882
892
918
916
915
913
912
911
921
920
914
917
919
891
883
820
750
666
1136
6867
449
2471
4870
6088
3825
8347
4507
7458
6403
4501
7459
6772
8348
6771
6469
9464
6107
7567
7568
393
6770
9465
6576
4144
2395
7812
5723
6347
1026
6053
5517
2831
6297
6468
3911
8001
7994
6899
1869
1338
3866
5319
5391
5778
1888
7813
5524
7016
4032
7814
7427
6920
6001
6894
5676
6546
2706
5930
3934
5384
1671
1802
2306
5993
1891
6522
2303
1898
1681
2225
6780
5447
8327
5403
6343
5600
7996
7997
5242
6284
7998
7995
7993
6720
6989
6990
6991
7999
8000
6992
7992
7670
7669
5414
6748
6415
6562
7195
4564
8386
4400
6681
4539
5241
7823
4578
8740
4417
5612
8389
5258
7460
9458
8565
7167
5729
5121
5278
8594
8595
8589
8591
8590
8588
8593
8587
545
8592
7250
6978
8326
8325
7168
2849
6425
7816
3737
7821
5764
1089
2380
1348
1942
1254
513
2355
5376
6790
6458
7819
5351
5828
733
5687
8376
9455
5713
8265
8264
8263
5717
527
731
2256
7100
8141
7099
8142
8143
7098
7097
4362
5622
610
335
1037
1696
2219
2319
2328
2334
2325
2311
2037
1578
544
191
588
1439
2448
3136
3588
3594
3596
3357
2778
2190
1947
6259
5946
1883
2677
4521
6260
8340
7985
7432
7984
7405
7983
7406
8290
6412
6194
5999
5735
5565
7668
7667
5546
6470
2729
6669
381
6670
9452
8341
3865
9457
8910
9454
7720
5730
8342
5607
8189
8186
9449
9475
8185
8188
8322
8184
8187
8183
5558
5840
7249
8323
7153
2727
21
52
163
1094
1858
2150
2167
2181
2182
2183
2184
2187
2180
2185
2169
2173
2186
2188
2178
2177
2176
2179
2175
2174
2172
2171
2170
2168
2163
2151
2148
2220
3465
6485
8324
5953
8552
8553
6784
8333
6898
6897
7707
6747
9479
8554
8385
5410
8390
5536
7395
8392
9481
8399
5412
8400
8401
5454
8402
6749
9511
9510
4879
7981
9509
9508
6320
7688
5640
8292
8229
7412
9484
8294
9491
8227
8388
8387
9493
2743
6977
2699
9494
8384
9497
8405
9456
7565
5573
7956
6971
2742
3937
7955
7806
7808
7807
6258
5462
575
5287
4010
5288
4693
2492
4692
6849
5334
8230
8428
5770
9459
9450
7404
5767
8571
6622
8569
8568
8567
7468
8575
8425
7208
7820
6188
8868
8869
8870
8880
8878
8873
8879
8877
8876
8875
8874
8881
4112
8872
8871
8422
9477
5753
2089
6366
6946
6943
3797
2695
6944
6945
2498
1571
1250
2691
7
51
121
656
1701
3245
3359
3404
3406
3405
3403
3401
3419
3411
3421
3420
3408
3417
3416
3418
3409
3407
3402
3410
3412
3413
3414
3415
3358
3455
3289
3798
3819
5488
1822
8419
2784
10
59
129
714
1755
3246
3363
3437
3435
3434
3440
3432
3431
3439
3429
3425
3422
3430
3428
3424
3433
3427
3426
3423
3436
3438
3362
3456
3290
3799
3820
5489
8412
9471
8410
3929
193
627
1517
3292
4415
4662
4669
4678
4679
4672
4673
4674
4675
4676
4677
4671
4670
4685
4680
4869
5206
5790
9470
4250
1331
6620
9469
6286
1267
4306
4473
5491
4307
5234
5166
1121
5861
6141
5860
6140
7386
5289
6380
6143
5859
3882
6144
7012
6466
4444
6145
5627
6142
6193
6321
2463
4416
8661
7543
9468
7542
6356
9466
9463
6381
5239
6483
8112
418
6482
8113
419
6101
5766
6361
6199
6360
6454
5827
8404
7407
8296
8291
8372
5268
7891
6950
5911
2749
6171
6172
5945
5947
6109
6773
6774
8370
6409
8367
6510
7070
9474
9461
7149
7005
7413
6956
8864
8363
9462
3595
9488
8911
732
9500
728
8448
9495
9489
8439
9505
8225
9502
9492
9483
9487
5822
2754
5779
7861
6732
7665
621
630
6884
620
631
8855
8858
8859
8857
6885
7863
7666
8856
7684
8442
8430
9486
8432
9482
8441
9513
217
1116
1828
2450
2637
2662
2666
2671
2668
2661
2636
2452
1827
1114
218
358
8368
9478
8418
9721
9515
298
1214
1836
2332
2402
2460
2461
2403
2330
1834
1213
299
410
5532
5760
5910
5295
548
549
1059
7489
5773
7490
1076
2524
16
44
150
1065
1846
2159
2191
2208
2204
2199
2203
2202
2201
2200
2206
2198
2196
2195
2193
2194
2197
2205
2207
2210
2211
2214
2215
2213
2212
2209
2192
2189
2160
2157
2223
3475
8449
7912
9797
9796
8438
5639
2607
2678
1052
5642
1337
444
562
521
522
563
445
1336
791
4170
6262
4454
4471
1798
4174
6261
3285
1472
6281
7171
7172
7170
5424
7818
7961
6665
7420
8293
8297
7497
4689
5908
6146
5202
7169
8490
9795
7421
8491
7402
6413
8502
5478
6564
6337
6949
6948
6947
5763
7530
8457
5373
7447
232
8556
8557
8555
7175
5519
8231
4906
8444
5638
1389
6240
6556
6241
4581
2356
1812
4457
6242
5719
6837
6836
6309
6762
8455
6196
808
4391
4390
4392
702
1036
703
4272
760
738
6451
2609
4395
8311
8313
8312
8321
8320
8314
8315
8316
8317
8318
8319
4009
2217
2218
5339
5480
1102
5338
6019
5557
6334
737
5555
5556
6331
6332
6856
4706
5442
6430
6660
5801
6333
3464
7396
7398
5847
7399
7397
6387
6750
5699
7306
6100
5621
5554
1675
6986
4311
8452
9794
186
6792
1025
2269
2299
2270
9793
8025
6235
8361
9792
9791
4175
4258
6580
5357
4437
6581
1766
2021
4270
4271
5775
5297
8529
8534
8530
8531
8532
8533
8535
8528
5165
8116
5571
6809
6725
4305
5387
2764
8961
7910
8970
8969
7150
7911
7906
8968
6739
6966
8971
7379
7054
6083
9790
8964
8966
8967
7907
8960
8962
8963
7908
7909
8330
5584
4431
6942
8965
8344
5951
9789
8345
8226
8353
7173
9788
9798
8339
7430
7198
8354
6578
9787
2869
1316
1306
1307
1317
1308
1309
1310
1311
1312
1313
1315
1314
1318
7682
6453
8220
8338
8336
8221
7717
6754
6664
5881
8219
2966
1608
5712
5631
5794
4697
8407
5793
4352
6039
8408
4351
8409
5857
3930
6958
7864
8948
6959
8946
8949
6960
6961
8944
8939
6995
8942
8941
7865
7866
6962
5925
8945
8943
8940
8947
9785
8413
6195
7385
9784
9048
8414
8895
8427
5409
8417
8216
9783
9782
9781
9780
8420
8421
5238
2569
197
255
2990
1507
2287
2244
1456
5869
2286
2568
2801
2616
629
3822
7414
8423
556
8215
8217
8066
8424
5318
6000
7982
6985
9779
8406
5214
9778
9777
9776
9786
7692
6377
6621
9800
9812
729
9801
9823
71
4254
3449
3448
3447
3446
6892
4315
7696
4446
9822
6243
7162
7160
7161
7697
8866
5548
6174
2216
5579
9821
9820
3926
3925
4380
0
4470
1016
1936
2023
4360
2305
5464
5465
7867
7870
5614
4481
4197
6939
7868
7869
4359
2304
5466
5463
7871
7872
5613
4482
4198
6940
7873
7874
6161
1505
8896
7461
604
602
8897
8163
6285
7462
7782
7117
5806
6626
7463
7464
6627
353
278
758
5588
5980
3887
7120
6061
5356
112
7119
6062
7214
6084
5368
4199
1949
8298
5552
8299
5343
1227
455
7118
8162
1453
1155
6628
7121
603
8900
5513
2944
2943
605
2799
711
712
601
8898
8899
5940
2245
9043
9042
185
184
9041
9040
9039
465
1247
9035
744
745
7980
5934
625
622
9038
9037
9036
9045
9034
9028
9033
9047
9030
478
477
420
623
624
9031
9029
1066
1067
534
9032
9044
9046
5941
2326
8487
7391
7392
7390
8485
8480
8488
7389
6422
8481
6765
8482
8483
6766
8484
8486
1394
8489
5572
5939
2724
8479
7383
7384
7380
7382
7381
8473
6593
8472
8474
8475
8478
8476
36
8477
7223
4109
8135
8136
8137
8138
8140
6050
6296
5835
7096
8139
7216
4378
8161
8159
8158
8157
6055
8160
8156
6135
1721
4396
594
274
1885
1373
1385
1387
1382
1359
1886
1390
1383
1386
1374
1391
1358
595
8863
8860
8301
8302
5306
7469
8862
7228
6246
8303
268
743
5542
5882
3277
7227
6247
5367
114
7225
6248
6249
246
5280
1252
1432
1496
1538
1540
1549
1550
1551
1554
1553
1552
1545
1556
1537
1565
1529
2285
4105
591
593
6838
7541
132
189
7224
7226
8304
592
5527
2814
2813
590
2495
1235
1225
1249
589
8861
6150
5942
4350
5541
2394
5903
5904
5905
5906
5540
2343
5989
5987
5988
5990
5986
4101
1954
7116
1925
6625
1224
7354
7360
7363
7364
7365
7368
7367
7371
7369
7370
7361
7362
7359
7358
7356
7355
7366
5805
6733
7357
5586
6661
7189
7186
7187
7190
5585
7188
5742
7221
2321
5583
8908
6798
7501
6418
6549
7797
6419
7796
6420
4401
62
123
307
1281
2031
2756
2783
2793
2792
2780
2803
2767
2963
3170
5371
4219
47
107
241
1204
1962
2787
2838
2858
2857
2856
2855
2859
2836
2876
2811
3249
3299
5396
3870
27
82
173
1077
1874
2875
2984
3146
3147
3148
3149
3150
3151
3152
3153
3162
3165
2983
3181
2907
3458
3480
5443
4135
38
102
208
1163
1918
2807
2868
2898
2863
2904
2826
3287
3364
5407
5416
3243
3581
3244
5417
2751
9
58
128
713
1736
3242
3349
3379
3385
3391
3392
3390
3383
3388
3386
3382
3393
3387
3384
3381
3378
3377
3376
3389
3380
3375
3350
3452
3280
3794
3810
5482
4137
40
104
221
1187
1939
2806
2866
2899
2897
2896
2894
2893
2892
2865
2902
2827
3286
3366
5408
3869
26
83
172
1078
1875
2874
2987
3154
3143
3142
3141
3140
3139
3144
3145
3155
3156
2985
3183
2906
3460
3479
5445
4000
30
86
182
1096
1908
2834
2789
2808
2512
2456
1866
2455
2511
2809
2804
2909
2981
2870
3370
3461
5430
3542
22
78
156
1041
1843
2946
3177
3234
3229
3226
3236
3235
3233
3232
3231
3237
3230
3228
3227
3176
3248
2967
3477
3580
5453
4220
46
108
240
1203
1963
2788
2839
2854
2852
2853
2861
2860
2837
2877
2810
3250
3300
5395
3868
25
81
171
1079
1873
2873
2982
3168
3167
3166
3164
3163
3157
3161
3160
3159
3158
2986
3182
2908
3459
3481
5444
4037
35
95
200
1147
1923
2820
2886
2914
2913
2912
2911
2915
2916
2910
2885
2952
2845
3343
3442
5419
4136
39
103
222
1186
1940
2805
2864
2887
2895
2888
2889
2890
2891
2867
2903
2828
3288
3365
5406
4036
34
94
201
1148
1922
2819
2883
2920
2923
2917
2922
2921
2919
2918
2884
2951
2844
3344
3441
5420
4402
63
122
308
1280
2030
2755
2782
2794
2795
2781
2802
2766
2964
3171
5370
8181
5724
6437
8907
8909
6263
8300
6873
2500
4295
5361
6280
5838
8548
2362
7445
134
2686
1109
889
888
890
1110
8550
655
652
8549
566
8551
8547
8546
7446
8544
8542
654
653
567
8543
6783
5369
1958
1974
8545
7444
6108
8355
1960
4648
5791
6585
6637
6638
2075
5744
7062
7061
2522
769
770
771
8459
8471
8463
8460
8461
7778
658
659
6763
8458
7777
8469
568
8468
8467
8470
7378
8465
8464
1528
1539
194
6764
5439
8466
5364
1959
1975
8462
7377
6154
6488
1932
4708
5824
6641
6730
6731
2114
5774
7092
7093
2466
572
8627
794
793
792
8630
7492
8626
7491
6205
7805
674
675
6813
8624
7804
8622
5531
6635
8618
8621
8629
8628
8623
5630
8625
8620
1543
1557
195
6814
6815
5389
1972
1991
8619
7493
6204
8349
2603
224
2398
1651
1649
1645
1646
1647
1644
1648
1640
1655
1629
1624
1659
1625
2397
1660
1630
1656
1639
1642
1643
1650
251
2100
1486
1477
1492
1467
1500
1459
2101
1462
1498
1469
1491
1476
1487
1483
1488
228
2367
1612
1616
1619
1617
1618
1620
1606
1623
1601
1632
1593
1592
2366
1633
1600
1622
1607
1613
1614
1615
270
1952
1428
1410
1436
1404
1951
1406
1433
1409
1430
1418
1423
1424
1419
313
1768
1770
1263
1292
1275
1285
1288
1278
1291
1261
294
1856
1368
1339
1857
1340
1369
1354
1365
1361
1360
1364
1353
250
2102
1485
1478
1494
1466
1499
1460
2099
1461
1497
1468
1493
1475
1489
1484
1482
204
2719
1749
1748
1745
1747
1740
1754
1742
1741
1739
1753
1730
1752
1751
1750
1733
1758
1719
1777
1729
2720
1776
1718
1757
1734
1743
1744
1746
314
1771
1769
1259
1295
1277
1286
1287
1274
1293
1258
363
1574
1134
1178
1151
1179
1133
1573
315
1772
1767
1260
1296
1276
1289
1290
1273
1294
1262
6901
269
1950
1427
1411
1435
1403
1953
1405
1434
1408
1429
1420
1426
1425
1421
6496
6572
6996
6997
2470
6900
6408
6738
6737
5880
8056
5530
8055
8057
2497
1610
9809
9808
9807
9806
9805
9804
9803
6861
4452
6882
5921
6592
6881
5922
6090
6002
4285
6091
6880
5923
6089
6003
4132
5829
7544
2365
6092
7545
5415
6760
6761
6759
1661
809
4517
5246
5247
5245
5244
476
5954
5957
5956
3454
4686
6594
5393
4894
2721
7151
7152
6400
4456
432
357
7448
7449
5750
6816
6817
6818
6819
6820
6821
5995
6822
6832
6823
6824
6825
6826
6827
6834
6175
6833
6831
6830
6829
6828
4512
2992
1824
2687
5810
2980
4491
6059
5808
4289
5919
4111
1978
5955
5484
5508
7069
7068
1710
3873
32
91
190
1111
1912
2848
2949
2972
2978
2977
2979
2975
2976
2973
2974
2948
3000
2880
3397
3468
5434
4411
77
135
347
1357
2108
2744
2763
2762
2775
2753
2881
2958
5352
5275
639
1455
2261
4106
4405
4479
4513
4552
5696
8224
8223
8306
8305
8309
5360
801
1548
2312
4129
4399
4494
4533
5684
5359
802
1546
2313
4127
4398
4493
4535
5686
5358
803
1547
2314
4128
4397
4492
4534
5685
8308
4094
272
932
1673
3795
4414
4570
4580
4588
4586
4584
4587
4585
4579
4611
4590
4651
4891
5758
329
9799
4511
328
635
8222
5866
4294
342
1088
1790
3917
4418
4547
4550
4557
4558
4551
4562
4559
4616
4691
5741
471
7229
6726
8310
8307
7773
5721
4269
6812
6367
6068
5688
4510
6220
5628
6520
8578
8579
8580
8581
8582
8583
8584
8585
4385
552
553
8586
5618
8357
3283
5802
7795
6075
7787
6080
2510
106
309
1081
2373
4316
5156
5168
5183
5178
5174
5177
5179
5184
5190
5191
5192
5197
5193
5188
5187
5186
5185
5182
5199
5181
5200
5176
5175
5180
5189
5195
5198
5173
5196
5194
5167
5204
5201
5243
5279
5843
7788
6076
7789
6077
7790
6078
3867
192
619
1514
3281
4412
4641
4649
4653
4661
4659
4660
4654
4655
4656
4657
4658
4650
4667
4663
4707
5172
5784
4133
273
933
1674
3796
4421
4577
4613
4619
4620
4621
4617
4618
4612
4624
4622
4668
4896
5759
7791
6081
7792
6079
7793
6082
6925
6668
8903
7794
8904
8901
8902
5854
5855
5853
5851
4530
5850
5375
8816
6860
5697
4355
6129
5483
6382
6383
4497
4496
1480
5399
2760
6066
5303
2376
7078
7077
7079
7081
7080
7222
6147
8416
4422
8208
461
8209
7004
5711
2797
6345
96
8133
8131
5751
8132
3469
6386
7191
5435
6099
6871
6872
6395
7215
1184
6094
2036
5984
6293
4703
6895
6292
6294
6295
6862
4225
6768
7451
7450
415
7454
7455
7453
7452
7456
7457
5849
1667
1471
5870
5871
5872
5875
5873
5874
6093
2713
2032
4717
57
11
417
179
504
394
467
2358
7218
5286
7506
7505
7507
1205
7220
3251
7715
5998
7714
4224
5745
4545
6886
7713
7716
6544
6481
7711
7712
7217
1900
4561
1948
1682
3369
6201
6506
6509
5726
1164
1071
609
1845
6508
3922
6507
7219
2882
7114
7115
8850
8849
8848
8854
8847
8845
8844
3941
8843
8842
8841
8840
8838
8839
8851
8852
8853
8846
8837
5976
7660
4134
4003
5492
6869
7659
7658
6318
5272
7785
7786
7784
7783
6870
7657
7656
5203
1586
2509
1054
4634
935
4536
9774
1566
517
644
4469
2337
5981
8377
1792
5525
352
281
1605
8378
730
8379
8358
101
8381
4474
9747
7428
9745
4151
3457
8526
8527
8525
8524
8519
8523
8521
8522
8520
6981
4281
8832
7664
8831
8830
8829
2698
8828
8833
8827
8825
6879
8824
8823
8821
8819
8826
8820
8822
8818
8817
8262
8260
8259
8258
8257
8261
8255
7184
3915
8256
8254
7487
4427
7488
7483
7486
7485
7484
7900
7905
7904
7903
7902
4282
7901
8562
8564
8563
8561
8560
4027
8559
8558
8685
8684
8683
4247
8682
8681
8680
8679
7774
8218
3539
2832
1095
5316
8329
9743
8272
4640
6008
8328
7252
1069
1818
7071
7473
1228
7858
6932
6934
7859
6931
5865
293
7852
7853
7857
7471
1695
5401
2489
2572
482
7856
6537
6933
6937
6935
6936
7470
4413
377
376
375
374
7855
7854
4540
7851
8604
7477
7476
8603
6808
7474
1969
7472
4499
6170
8154
7775
4498
8155
6729
5728
6807
7475
5718
2288
8602
8605
8606
1914
8596
8597
7850
8598
8599
6957
8600
8601
341
5413
7409
4370
1831
4460
533
6571
4317
3537
6313
6941
6526
6312
6527
7945
6179
1534
7951
4529
5497
7948
6489
7947
6180
4429
2673
7946
6251
1864
1501
1441
1113
7943
5421
7942
6490
2372
1594
2989
6167
1737
5722
5674
7512
5915
5349
7513
5916
7514
6214
7938
5299
9742
2357
722
1832
5977
3854
7952
5720
6210
4326
7944
5929
5691
9741
7515
226
7939
5900
7940
6250
7511
5917
6524
5529
2294
9740
7937
5891
1150
551
4696
5293
5292
287
1611
1119
1279
1029
7941
6182
7516
6215
6037
5469
7917
5890
7936
6183
6844
4310
1924
407
7949
5899
7158
1927
5274
2233
1051
4438
395
154
7950
4214
5386
7155
5140
7193
4257
4644
4643
4642
6954
6255
6231
4393
5441
1723
5251
6428
5678
6429
5811
1457
1031
1210
4426
4313
1584
2368
1229
1470
5755
6158
466
1938
1211
7935
5567
421
2017
1299
3853
1513
7517
5914
7519
6213
7925
2779
5716
5633
4211
7914
5374
6462
7915
5901
7916
5797
7518
7508
2262
5346
5266
1018
5231
7933
5446
7200
7199
7932
5898
7931
5897
2339
1531
1756
7930
5737
7509
2737
7510
2736
4541
2675
2693
5559
6553
6552
1243
662
8642
7929
2741
326
6528
7928
5896
2243
1535
1056
2786
1861
7927
5780
7934
2361
5982
7926
7520
2265
5943
7924
6181
2359
1230
4406
1687
1237
1854
4346
1626
1384
5938
5632
7923
6178
1764
555
5708
4208
7922
5895
7921
1091
282
1609
1906
1664
1106
1525
1567
1183
1118
468
818
362
4645
1905
124
367
1201
2575
4308
4576
4582
4592
4594
4610
4609
4603
4599
4600
4601
4602
4598
4604
4606
4607
4608
4605
4591
4595
4597
4593
4596
4583
4615
4589
4666
4884
5761
7920
6525
4386
7076
5889
7159
4212
4639
7919
5894
7918
5893
4441
1934
3806
6753
355
1053
1465
1853
7913
5892
1852
4524
2090
1716
1582
9739
4465
838
6414
2121
388
369
1083
1120
4001
1128
651
739
805
834
863
874
878
881
880
879
875
877
876
865
832
807
742
648
1130
2830
1160
682
762
856
925
938
943
944
945
946
947
948
949
950
951
952
970
958
959
960
961
963
964
965
937
927
858
765
680
1158
6979
1851
4463
981
4435
1379
416
2508
1246
7138
7137
7136
7144
7143
7139
7140
7141
7142
1976
292
1838
576
1595
1240
2295
1670
1872
1255
1454
1218
1876
1463
4646
1860
5799
3278
7230
4251
1765
5800
3809
4614
2483
2716
1684
5350
4209
2041
5798
2710
4526
2770
4527
2769
4528
2771
6683
2347
1099
615
693
748
767
776
782
781
787
783
784
785
786
780
790
788
789
777
768
749
692
614
1100
6642
2406
14
319
361
9724
1698
1146
746
470
5271
4458
2953
5270
4627
1692
4628
4423
1788
4373
5786
5787
330
4629
1909
1588
460
1862
4462
1591
1152
66
3855
4298
1530
5455
5675
1784
5501
5500
3347
280
436
1652
1916
2279
4361
1253
4467
2248
6064
2070
4464
2377
3348
4451
5533
2664
5689
1634
4215
1431
2338
578
813
2096
5255
1165
5589
1185
1112
1085
1199
5754
2682
7709
4104
4904
2714
5498
5502
2119
4569
5503
5504
5506
4369
5348
5347
5345
5507
5499
5344
5505
6633
6632
3169
6304
5327
5232
6378
2346
2692
1703
5298
2156
5240
6151
1440
8566
4123
5224
1103
660
5405
4436
5566
4322
1490
1473
2728
7653
7652
7651
7650
7647
7649
7648
7654
485
7655
5845
5485
6132
6133
4323
1320
1392
2324
4466
1380
9770
4461
1413
6398
6396
6397
6399
3298
1242
1362
824
1706
734
356
177
110
1345
5212
1156
4468
1325
187
727
469
8380
7009
9772
5772
2290
8097
2615
6559
8099
5252
6298
5746
7055
8098
5619
4523
4358
439
726
1576
6570
4626
7003
214
61
234
1303
2502
3470
3740
3741
3754
3753
3751
3755
3745
3744
3757
3780
3778
3775
3773
3771
3770
3763
3761
3760
3756
3779
3762
3764
3765
3768
3774
3749
3789
3783
3746
3748
3752
3750
3743
3781
3759
3758
3766
3767
3769
3772
3776
3777
3747
3782
3790
3788
3786
3785
3784
3787
3742
3739
3471
2501
1304
235
60
7001
7002
225
69
265
1350
2507
3353
3485
3493
3518
3502
3503
3498
3523
3531
3532
3509
3527
3508
3529
3499
3514
3511
3510
3507
3504
3505
3515
3536
3534
3528
3526
3522
3520
3494
3497
3519
3521
3524
3525
3530
3533
3535
3517
3495
3496
3500
3506
3512
3516
3513
3501
3492
3486
3354
2506
1349
264
70
236
73
285
1375
2527
3360
3541
3546
3554
3551
3550
3549
3553
3548
3552
3547
3556
3566
3563
3561
3560
3559
3555
3557
3558
3544
3543
3569
3576
3592
4354
4353
3593
3575
3568
3570
3573
3589
3876
4324
440
4325
3877
3590
3574
3571
3567
3562
3564
3565
3545
3540
3361
2526
1376
284
74
1980
1919
9759
340
174
511
1330
1665
1715
1722
1725
1717
1700
1559
1090
291
160
502
1347
2272
2694
2758
2761
2759
2718
2469
1789
1533
2251
1234
139
456
1305
2570
4098
4320
4329
4344
4341
4340
4339
4338
4337
4335
4342
4333
4334
4336
4343
4345
4328
4348
4332
4365
4388
5535
2252
1589
332
1070
1678
2723
3871
4013
4017
4016
4021
4015
4095
4110
5314
7701
2309
1167
690
773
884
941
979
993
988
987
986
984
989
983
982
985
990
1004
992
1005
994
995
996
997
998
999
1000
1001
1002
1003
991
1006
1008
1009
1010
1011
1012
1007
1015
1014
1013
980
940
885
772
691
1166
7700
2658
1122
643
723
779
827
836
853
852
851
850
849
848
854
846
839
845
844
843
842
841
840
847
837
826
778
724
642
1123
7699
1823
2468
6326
6325
6322
6323
6324
4682
2301
1520
699
1774
6106
6631
6634
1968
4563
684
3858
2308
1450
3857
5205
8369
634
9758
8662
9757
7698
2722
5233
1464
9756
9755
9754
9753
5330
5862
9752
7722
5864
8228
8366
5863
4424
447
6887
7723
8364
2038
23
56
168
1097
1820
2033
2086
2227
2386
4114
430
4115
2387
2228
2087
2068
2062
2061
2059
2067
2066
2065
2064
2063
2060
2057
2058
2056
2042
2029
2025
2073
2988
5740
7724
4100
7057
6538
7059
6299
7072
6096
6097
6998
6305
6283
125
7058
5832
2825
1017
283
4531
4107
1691
1598
1302
1599
1093
5852
1597
1323
1341
1596
1693
1301
6857
1479
564
9751
9750
5841
1126
380
386
387
9773
9826
8360
1921
5290
1957
5473
2790
5707
6164
5474
6163
2791
5867
5868
6162
1072
6208
1032
9877
9827
6918
117
5537
4377
6534
3451
6852
6424
1899
2152
6851
7244
7243
7245
5858
645
158
1563
1446
6257
1585
5333
5332
5331
9901
166
4710
4714
4712
4713
4715
4716
4711
1526
260
1946
1945
1935
909
4364
259
258
6036
503
2095
2835
1672
5809
1794
7185
6085
2945
6803
5355
6802
6806
6804
6411
6805
607
1372
382
72
8726
8736
8732
8734
8735
8738
8739
8727
8728
8733
8737
8729
3802
8730
8731
6863
6148
6177
1562
247
2717
5884
4440
5237
1050
1023
5236
5235
1028
5883
64
13
2520
188
84
245
923
1793
2320
2574
2579
2596
2597
2598
2600
2599
2594
2590
2584
2601
2583
2582
2589
2587
2592
2586
2581
2588
2591
2593
2595
2585
2580
2604
2577
2612
2618
4249
53
8431
2240
8
55
127
701
1705
2821
2901
2936
2927
2931
2935
2934
2924
2942
2933
2940
2939
2938
2937
2930
2929
2928
2926
2925
2932
2941
2900
2954
2840
3356
3395
5429
8433
2619
6
49
120
646
1694
2960
3190
3268
3267
3266
3265
3262
3271
3261
3260
3258
3257
3252
3255
3254
3253
3272
3263
3256
3259
3264
3269
3270
3189
3282
2997
3577
3586
5460
8435
3276
560
316
1241
1982
2846
3591
3827
3831
3841
3836
3835
3833
3834
3837
3838
3840
3839
3830
3842
3829
3852
3875
4508
8834
237
153
4196
1396
2709
720
1511
2841
3474
2487
1676
2991
2738
302
4141
4279
4142
4278
1955
1570
2333
4274
4143
1541
4277
1964
1714
1327
4276
1438
4275
2680
4025
5819
227
306
4698
4502
1759
4503
1442
1075
536
537
538
539
535
540
8836
433
348
3184
5762
2323
17
45
155
1074
1840
2110
2124
2128
2127
2130
2132
2145
2137
2138
2142
2143
2135
2147
2146
2126
2144
2141
2140
2139
2136
2134
2133
2131
2129
2123
2118
2111
2106
2162
3374
4299
6104
2688
48
80
257
1233
1863
2026
2044
2052
2050
2053
2045
2049
2048
2046
2051
2054
2047
2043
2035
2027
2022
2069
2959
354
256
678
828
6368
6376
6369
6374
6372
6370
6371
6373
6375
679
561
1208
8429
3924
4012
4718
5304
1232
312
2281
2263
577
252
1653
1378
1654
673
597
1895
2098
2239
1344
2238
1332
1933
1333
2125
253
152
337
7089
7090
1779
4303
1795
6307
3863
2705
2715
4538
7086
1080
7087
6896
6586
493
7091
4447
5732
6598
5920
5551
4455
5291
6599
6006
7466
6601
6341
4028
8010
5736
5846
5668
6600
8011
8012
8009
8008
4483
7465
6007
4664
7088
616
5207
1033
9900
5515
6893
6587
6583
1699
1284
6022
6023
6021
5788
5313
6302
1049
1844
7064
7063
7066
7065
6303
1867
1988
6410
6584
7067
7521
378
8453
7008
8451
7006
8450
9899
215
1117
1825
2451
2635
2660
2667
2670
2669
2659
2634
2449
1826
1115
216
359
8447
7007
8446
7010
9898
297
1215
1835
2331
2401
2459
2462
2400
2329
1833
1216
296
411
1038
360
65
596
1414
243
244
1153
412
4147
6472
2399
4148
1206
324
1416
15
42
148
1048
1797
1986
1993
2016
2015
2013
2011
2009
2007
2005
2014
2012
2010
1997
1996
1994
2008
2004
2003
2002
2001
1998
1995
2006
1999
2000
1992
1989
1987
1984
2020
2842
6919
4690
9897
9896
3579
1635
2088
2113
757
2391
1266
409
515
483
484
516
408
1265
530
2703
5830
2950
3872
1558
8059
8061
8065
8058
8064
8063
8062
8060
2467
5831
1045
54
4172
6111
6110
6112
1904
4459
6529
4490
6883
9894
7898
9893
7899
8436
2772
1516
6518
6517
7986
4546
5777
4522
5834
5991
9892
4221
4321
6795
5776
6105
2091
6951
5598
5992
5756
4297
6911
6912
4099
6486
6910
3603
4506
6913
6484
4367
6010
5470
6329
213
5677
6216
4226
5918
6051
8686
8687
8688
8689
8690
8691
8692
8693
8694
8697
8699
8700
8703
8701
8702
8704
8698
8696
8695
2776
5282
6999
4897
8165
7060
6561
5615
2250
2815
9902
9891
9889
9888
7748
7750
7751
7754
7755
7749
7752
7753
180
7756
6222
5587
4895
6542
6543
8166
6038
4407
7166
3597
978
275
908
1965
1971
1967
1523
1021
1087
1370
1966
1219
4892
4893
3373
6519
4309
9880
8434
5495
336
2833
2676
4201
4203
4202
4204
2701
4434
4432
4433
311
364
310
2336
317
318
1690
209
2818
7732
7734
7733
7735
7729
7730
7731
7739
7736
7738
7737
1783
1702
6716
196
2241
4383
531
1735
4381
4553
4485
6690
6714
6696
6695
6694
6693
6692
6691
6698
6697
6688
6701
6717
6702
6703
6704
6705
6706
6708
6715
6709
6710
6711
6712
6713
6699
6700
6707
6689
331
4555
4556
4486
4487
6198
5538
2310
2573
9924
5382
4683
4290
4484
1801
514
2284
5651
5664
5659
5652
5654
5655
5656
2094
5658
5665
5666
5660
5661
5662
5663
5650
5657
119
5653
487
5380
5378
5381
4024
5379
5269
2283
446
2768
2878
2879
5520
710
6272
6273
6274
6276
6277
6278
6265
6270
6279
6275
6271
5601
6268
6267
6269
5994
5220
6266
5690
2242
4382
6591
1192
5818
5817
5816
5815
5814
2672
4554
1393
4705
1042
8445
6573
6358
68
6494
1020
2231
2253
2230
6858
3247
1527
3394
3805
5673
3804
1343
383
1603
1657
1666
1602
133
115
1060
1061
1983
1937
6611
6610
6609
6604
6608
6607
6606
6605
1930
4709
1104
706
4366
230
7205
7203
2267
7202
7207
7206
7204
1708
1658
1944
1677
8241
7181
6232
8242
8243
7015
7179
6233
7178
5928
8232
5616
6086
6659
8233
6797
4006
4140
1402
5842
3587
2302
8234
8235
8236
7183
5927
8237
8238
8239
7180
6234
7182
5926
8080
1762
1220
2081
8240
8391
5257
8100
6782
6550
9922
8437
7174
6523
4903
9921
8835
6254
4900
5795
4288
2278
488
8440
1200
1171
1172
1173
4280
1175
3826
1190
6859
6728
1174
1170
1176
1169
1189
1191
1177
1197
4347
2282
7164
5937
5936
7163
6102
5560
6330
4898
7165
1231
303
2164
2237
2258
1887
1580
8443
2259
2499
2274
8456
1510
6328
825
2235
6839
7498
8634
6841
8639
8637
6843
6842
8638
8640
6671
8635
8641
7500
7499
6840
5710
8633
8632
8631
8636
3821
4372
1212
4549
1880
6389
6074
320
3828
6388
8867
5692
3473
405
206
8454
7011
6745
4122
4120
9928
9917
4121
1641
2480
3939
406
663
2039
142
229
2247
1196
1732
1248
761
5636
1731
2040
2226
1903
404
2296
2079
6680
118
6743
5377
6744
6775
4210
1043
2385
4520
4408
6595
6209
8365
1437
9911
9910
9909
9908
6359
2465
4283
9907
9906
9879
9903
608
5490
9851
9849
9848
9847
9846
9845
9844
9843
9842
9841
9840
9850
9839
9837
9836
9835
9834
9833
9832
9831
9830
9829
9828
9838
9852
9864
9853
9875
9874
9873
9872
9871
9870
9869
9868
9867
9866
9876
9865
9863
9862
9861
9860
9859
9858
9857
9856
9855
9854
9723
9825
9722
9617
9589
9588
9587
9586
9585
9584
9583
9582
9581
9580
9590
9579
9577
9576
9575
9574
9573
9572
9571
9570
9569
9568
9578
9592
9604
9593
9615
9614
9613
9612
9611
9610
9609
9608
9607
9606
9616
9605
9603
9602
9601
9600
9599
9598
9597
9596
9595
9594
9567
9591
9566
9539
9537
9536
9535
9534
9533
9532
9531
9530
9529
9528
9538
9527
9525
9524
9523
9522
9521
9520
9519
9518
9517
9516
9526
9540
9552
9541
9563
9562
9561
9560
9559
9558
9557
9556
9555
9554
9564
9553
9551
9550
9549
9548
9547
9546
9545
9544
9543
9542
9565
9618
9669
9619
9693
9692
9691
9690
9689
9688
9687
9686
9685
9684
9694
9683
9681
9680
9679
9678
9677
9676
9675
9674
9673
9672
9682
9696
9708
9697
9719
9718
9717
9716
9715
9714
9713
9712
9711
9710
9720
9709
9707
9706
9705
9704
9703
9702
9701
9700
9699
9698
9671
9695
9670
9643
9641
9640
9639
9638
9637
9636
9635
9634
9632
9642
9631
9629
9628
9627
9626
9625
9624
9623
9622
9621
9620
9630
9644
9656
9645
9667
9666
9665
9664
9663
9662
9661
9660
9659
9658
9668
9657
9655
9654
9653
9652
9651
9650
9649
9648
9647
9646
9514
9810
9633
9878
9912
9913
9914
9918
9920
9923
9925
9926
9927
9905
9916
9904
9890
9881
9882
9883
9884
9885
29
6662
6404
6405
1518
5342
5839
6406
5467
159
345
2681
1786
9886
9887
797
796
6735
5440
798
5461
6087
799
300
7831
7258
6727
7259
8179
8180
8178
8176
8177
7253
178
7254
7256
7257
6342
800
7832
7255
6348
3916
5428
1800
5594
5211
5141
5128
5119
4912
4984
4983
4979
4978
4977
4976
4975
4974
4973
5008
5004
5003
4999
5006
4958
4935
4934
4931
4924
4926
4937
4939
4963
4962
4961
4960
4959
4938
4956
4955
4954
4953
4964
4952
4950
4949
4948
4943
5020
5101
5098
5104
5117
5135
5151
5226
4633
4637
5260
4572
5222
5150
5134
5115
5105
5090
5089
5094
5095
5097
5099
5096
5047
5040
5038
5034
5030
5029
5028
5027
5024
5063
5062
5061
5060
5059
5058
5057
5124
5137
5159
5249
5459
454
5458
5248
5160
5136
5125
5053
5052
5051
5050
4916
4957
5110
5122
5139
5158
5254
4478
5253
5157
5138
5123
5109
5055
5056
5108
5113
5129
5146
5215
4567
5221
5162
5213
5596
5592
5209
5142
5127
5120
4911
5064
5065
5066
5067
5068
5069
5070
5071
5072
5075
5049
5073
5048
5046
5023
5025
5026
5031
5032
5033
5035
5036
5037
5039
5041
5042
5043
5044
5045
5074
5078
5076
5092
5103
5111
5132
5145
5217
4565
5216
5144
5131
5116
5107
5088
5086
5084
5083
5082
5081
5080
5091
5087
5077
5079
5085
5100
5093
5022
5001
4940
4941
4942
4944
4945
4946
4947
5102
5112
5130
5148
5218
4566
5219
5147
5133
5114
5106
4951
4928
4921
4920
4919
4918
4917
4922
4914
4915
4923
4936
4925
4927
4929
4930
4932
4933
4965
4967
4995
4996
4997
4998
5000
4966
5002
5005
5007
5019
5009
5010
5012
5013
5014
5015
5016
5017
5018
4994
4993
4992
4991
4968
4969
4970
4971
4972
4980
4981
4982
4985
4986
4987
4988
4989
5054
5021
4990
5011
4913
5118
5126
5143
5210
5593
696
697
695
694
5427
1819
5564
4910
4882
4864
4862
4721
4842
4841
4851
4845
4853
4840
4722
4723
4724
4725
4728
4736
4738
4739
4730
4737
4734
4733
4731
4727
4742
4768
4769
4770
4771
4772
4773
4775
4777
4778
4779
4780
4781
4782
4783
4786
4763
4744
4745
4752
4754
4757
4760
4741
4743
4749
4788
4804
4753
4762
4761
4759
4758
4756
4755
4751
4750
4748
4747
4746
4765
4766
4785
4784
4776
4774
4767
4764
4726
4740
4729
4732
4735
4720
4861
4865
4881
4908
5562
5569
5208
5570
5563
4909
4883
4868
4867
4871
4888
5154
4543
5153
4886
4873
4857
4854
4844
4839
4843
4846
4850
4837
4806
4805
4803
4802
4801
4800
4798
4797
4796
4795
4794
4793
4792
4791
4790
4811
4813
4836
4814
4835
4834
4833
4832
4831
4830
4829
4828
4827
4826
4825
4824
4823
4822
4821
4820
4819
4818
4817
4816
4815
4787
4789
4799
4807
4808
4809
4810
4812
4838
4856
4859
4875
4889
5163
4573
4574
5164
4890
4876
4866
4874
4885
5155
4542
5152
4887
4872
4858
4855
4852
4847
4848
4849
4719
4860
4863
4880
4907
5561
8905
8906
735
721
89
736
5749
5305
6756
6758
6757
288
6206
1720
6047
6049
6046
6048
6042
6045
6041
6043
6044
6040
6035
2684
4286
2683
501
6362
2082
8772
8776
8774
8773
8770
8769
8742
8743
8741
7593
7591
7590
7589
7587
7586
7585
7584
1329
7583
7581
7580
7579
7578
7577
7576
7575
7574
7573
8745
8755
8756
8754
8753
8752
8751
8750
8749
8748
8747
8746
8777
8775
8759
8760
8761
8762
8771
7570
7595
7582
7571
7572
7592
7569
7588
7594
8744
8768
8767
8766
8765
8764
8763
8758
8757
6441
6446
6447
2567
6449
6442
6448
6445
6444
6443
6471
1804
6723
6722
6724
6976
6972
6973
6974
6975
1283
333
147
442
532
453
181
755
2297
1709
2277
677
1512
2276
443
1810
267
5848
6316
431
5702
5543
5383
261
2679
1806
8194
8201
8207
8193
8196
8200
8501
8119
7232
8129
8494
8121
8496
8123
6684
8497
8118
8499
8130
8492
8124
8126
7393
8495
8127
7231
8128
7394
8117
8498
8202
8203
8204
8205
7156
8199
8192
8198
8195
8191
8190
8197
8206
7536
8247
8248
6835
8250
7535
8251
8252
8249
8253
8244
7534
8245
7084
6687
8120
8246
8122
7533
7538
7082
7537
7083
7539
8125
8493
8500
3345
2725
4150
5701
2071
4119
2843
4544
4022
4023
3346
2998
2999
8169
2454
5781
4525
5468
6013
31
8168
1245
1198
6685
6767
7233
7236
7241
7240
7239
7238
7242
7237
7235
7234
1207
9004
8990
8991
8994
8993
8995
9006
8998
8999
9002
9023
9003
8992
9010
9015
9027
8997
9007
9005
9026
9016
9014
9013
9008
9012
9025
9009
9011
9017
9018
9019
9020
9021
9022
9024
9001
9000
8996
289
1226
435
628
543
795
528
1587
829
1236
5577
6218
5475
6327
2965
5932
5620
7695
6876
2638
2735
2689
2732
2246
2496
2663
2734
2733
7467
4171
8815
4439
2773
2774
1335
2862
4004
7524
7824
7825
7826
7525
7827
7526
6777
7828
4093
6917
6541
6540
4124
9490
8660
4291
6623
3284
2823
1297
2364
1985
7297
7299
7301
7302
7303
7293
7292
7288
7287
6741
7283
7282
7281
7289
7300
7280
7286
7262
7266
7285
7268
7269
7270
7271
7272
7273
7274
7275
7276
7265
7260
6063
7264
6742
5812
7278
7261
7263
7267
7277
7284
7279
7294
7295
7296
7304
7305
7298
7291
7290
6423
4169
6128
373
4632
4560
812
860
5353
861
810
3371
2481
2504
934
811
8332
8331
6785
6579
5568
4026
1058
1092
1057
676
3484
4419
3856
220
1502
1728
4694
4695
5514
5263
6636
1395
1401
4500
4384
7251
7211
2116
5418
2115
5294
5739
2696
1326
6672
6674
5512
4453
5511
5510
2055
5354
4113
4130
3824
1560
6673
1561
2752
640
1398
641
151
5789
4687
5727
4020
6474
6473
3874
7558
6159
4489
5432
7557
3602
4488
2307
5825
3538
5907
5605
7559
6848
5695
7213
4319
6311
5644
2817
183
5606
5591
5590
6464
5323
6612
7895
2379
7896
4899
7897
7894
7893
7892
1977
2697
7053
7212
6548
7113
1910
1894
1515
1901
1911
1221
138
1902
1407
6440
5457
661
1522
7423
7343
7342
7341
7340
7339
7338
7337
7336
7335
6752
7344
7346
7332
7331
7330
7329
7328
7327
7326
7325
7324
7333
7345
7347
7351
7352
7350
7349
7348
7323
7334
6070
7321
6751
5823
7307
7311
7308
7309
7310
7320
7322
7313
7314
7315
7316
7317
7318
7312
7319
6427
2234
4448
6130
379
5496
6365
464
479
6134
6465
1508
2408
1807
4404
4704
428
143
459
1509
2291
2639
2644
2647
2650
2649
2651
2654
2655
2657
2648
2652
2653
2656
2646
2645
2641
2578
2092
1300
266
99
277
1047
2109
2962
3879
3888
3907
3901
3903
3900
3910
3909
3905
3902
3908
3904
3906
3886
3883
3466
2712
1775
1448
5149
2322
5804
6338
6339
550
238
709
1668
2271
2464
2473
2476
2478
2477
2475
2474
2472
2404
2117
1481
413
137
426
1269
2342
3186
3823
3844
3846
3847
3848
3843
3832
3467
2765
1961
1778
3400
3399
290
424
2610
1683
5170
5169
4296
5645
1519
5481
6238
5820
5646
1841
3733
4200
5398
4014
5879
719
752
5285
753
718
2816
2383
2458
775
717
3
8335
8334
5959
4387
7662
7661
7663
6065
7552
7553
7554
5518
4255
6149
7125
4011
6103
6567
5807
6169
5581
6168
5582
5545
4287
79
372
392
928
2232
2257
2275
1882
2249
2112
3372
301
2254
2348
3931
1816
2260
2080
2300
2076
2229
2264
1879
1524
1569
1568
1521
1542
1808
304
5803
7101
6467
6566
6054
6718
6568
5669
6478
5978
6477
5979
7246
520
7248
2731
1346
4509
1352
1837
1697
1444
1871
1244
2382
1970
1073
1809
636
759
1458
1202
1412
1334
1377
1101
321
1270
747
756
817
1024
1068
1319
1811
672
6207
5400
6439
5634
4371
5924
7247
6185
5390
6531
5648
1839
7201
7209
2084
1631
5975
5973
5969
5970
5971
5968
5966
5972
5974
5967
6011
2606
4217
2605
499
6256
2074
8785
8814
8800
8804
8798
8806
8807
8813
8778
7611
7620
7608
7607
7606
7605
7604
7603
1328
7602
7601
7600
7599
7622
7621
7598
7609
7610
7597
8779
8799
8796
8791
8793
8794
8786
8783
8812
8808
8802
8801
8809
8811
8805
8780
8781
8797
8782
7612
7613
7614
7615
7616
7596
7617
7618
7619
8803
8810
8792
8790
8789
8788
8787
8795
8784
6187
5887
5617
5317
1321
1084
1132
1180
1108
1579
1351
5328
4259
2457
1913
1239
1188
5264
4376
1107
529
6357
7860
5715
6336
6217
6663
5311
4379
1821
1019
3940
7192
5878
4108
4428
6868
4139
5629
7131
3919
7132
1415
5635
1928
8503
8514
8517
8513
8512
8511
8510
4410
5276
8509
8516
8508
8507
8515
8506
8505
2847
8504
3275
1022
271
491
126
490
489
5694
5426
7135
6922
7134
6514
6245
2824
6618
6850
5734
5649
7073
5603
2396
4630
5604
5602
1686
2947
518
3812
5315
4284
4548
4631
657
4146
3352
2392
1452
1451
2393
3351
4145
5704
5705
2104
1324
1282
249
505
6847
2621
18
28
145
1829
2
24
170
1256
2750
2993
3001
3029
3028
3027
3026
3025
3024
3023
3022
3021
3020
3019
3018
3017
3016
3015
3014
3013
3012
3011
3010
3009
3008
3007
3006
3005
3004
3003
3030
3032
3047
3033
3061
3059
3058
3055
3053
3050
3049
3062
3048
3046
3044
3043
3042
3041
3040
3036
3035
3034
3129
3037
3038
2995
3132
2969
3296
3491
4477
3490
3295
2971
3134
2996
3051
3052
3054
3056
3057
3063
3064
3065
3098
3099
3100
3101
3128
3103
3104
3105
3106
3107
3109
3110
3111
3112
3113
3114
3115
3116
3117
3118
3119
3120
3121
3122
3123
3124
3125
3126
3097
3096
3095
3079
3066
3067
3068
3069
3070
3172
3274
3585
4019
4442
4018
3584
3273
3173
3071
3072
3073
3074
3075
3076
3077
3078
3080
3094
3081
3082
3083
3084
3085
3086
3087
3088
3089
3090
3091
3092
3093
3002
3127
3108
3102
3031
3060
3045
3039
2994
3133
2970
3297
3489
4476
3488
2796
2165
546
92
4
1
5
88
606
1920
3601
3604
3726
3722
3725
3714
3688
3691
3694
3697
3702
3715
3710
3706
3704
3703
3693
3695
3713
3630
3678
3676
3673
3663
3659
3658
3657
3680
3612
3619
3627
3624
3614
3621
3620
3611
3626
3608
3705
3699
3690
3683
3727
3730
3717
3623
3625
3672
3629
3708
3655
3654
3641
3607
3735
3599
3818
3859
5228
5227
3861
3816
3598
3734
3605
3613
3615
3616
3660
3661
3662
3669
3670
3674
3675
3632
3634
3645
3649
3652
3618
3651
3650
3648
3647
3646
3644
3643
3653
3642
3640
3639
3638
3637
3636
3635
3633
3631
3656
3679
3681
3677
3671
3668
3667
3666
3665
3664
3791
3800
3913
4117
4902
434
4901
4116
3912
3801
3792
3728
3689
3684
3687
3696
3711
3712
3729
3707
3724
3682
3720
3716
3718
3719
3721
3723
3685
3686
3692
3698
3700
3709
3701
3610
3609
3617
3628
3622
3606
3736
3600
3817
3860
5229
5223
3849
1926
1098
161
90
67
1931
50
140
1030
2222
3932
3942
3944
3946
3975
3992
3998
3948
3960
3962
3971
3974
3968
3954
3967
3981
3976
3947
3953
3951
3956
3950
3959
3988
3980
3978
3964
3972
3977
3958
3973
3966
3963
3955
3993
3983
3979
3989
3985
3996
3987
3961
3969
3965
3957
3984
3970
3952
3949
3997
3994
3999
3986
3991
3982
3995
3990
3945
3943
3935
3731
1870
573
93
12
85
295
1474
2700
4030
4035
4090
4089
4085
4044
4083
4086
4088
4074
4073
4047
4049
4051
4055
4075
4056
4057
4058
4059
4060
4063
4066
4072
4071
4070
4067
4062
4052
4048
4082
4080
4079
4076
4084
4081
4041
4040
4039
4078
4092
4087
4043
4053
4091
4054
4046
4050
4045
4061
4068
4065
4064
4077
4038
4042
4069
4034
4033
3185
2255
1154
554
239
210
2293
212
325
111
371
6071
6072
6657
6651
5961
5962
6503
6498
6655
6656
6658
6650
6352
5703
5958
4213
6225
2409
6502
8007
6223
5964
5752
5522
5521
6229
1689
9050
6497
5479
5337
6653
6649
6354
6355
6499
5963
4349
6224
6647
6505
6643
6645
8211
8212
6073
9051
9052
9053
6227
7776
5340
6230
8006
5748
6602
7014
4532
5385
5960
6501
6353
6646
6349
4223
6226
6228
6500
6504
6652
6648
6644
5931
6350
6351
4222
6654
211
9049
202
637
6202
3487
279
441
346
1712
248
887
1363
1707
4495
1182
1897
3483
5397
233
2707
2747
2726
2748
2381
2517
2685
2746
2745
2363
2518
2490
2519
1859
2344
2083
2153
2154
8210
2505
542
1679
1680
2024
2389
9069
9066
9065
9062
9063
9061
9058
9057
9095
9096
9093
9076
9075
9074
9054
9070
9078
9079
9080
9081
9082
9083
9084
9094
9086
9087
9085
9088
9089
9090
9092
9091
9073
9077
9071
9064
9055
9056
9059
9060
9072
9067
9068
2097
512
3936
2665
6675
774
5451
5452
6025
5448
5523
6030
6346
5449
6676
6028
6027
6026
6024
7157
5450
6029
6031
6032
541
5837
5682
5681
165
598
351
9744
5757
524
523
4575
1884
6666
162
164
1850
5265
2292
6463
7523
8647
8646
8644
8645
8643
8648
7522
8650
7176
1849
1590
7979
7977
7964
6984
7974
7972
7968
7967
7978
7975
7965
7969
7970
7971
7966
7963
7976
7973
6983
1847
1638
1817
223
109
6438
6127
6118
6126
6119
6125
6115
6120
6124
6123
6117
2515
6116
2516
2514
6114
6113
6121
6122
1848
450
1342
1855
8659
8658
8657
8656
8655
8654
8653
8651
8649
8652
7177
8167
7130
6390
7133
6513
1637
5913
4118
1503
2798
5902
5372
4327
2371
1397
5171
5394
5477
5965
830
7129
2486
2369
5731
6219
2072
5580
3732
6536
4665
4138
5277
6184
5886
5301
2708
6058
2739
2103
2704
1575
4475
3472
1803
3933
5267
6555
6554
6475
4312
664
665
626
1027
519
389
1195
497
6191
6890
6891
5783
5284
5672
1815
4302
4194
4300
506
4301
4261
4260
4262
1417
4195
4193
7124
1039
4443
6157
5335
5161
6155
6156
5324
5326
5456
254
5325
6597
6384
7127
6515
5782
5283
6569
6335
6282
5436
6290
384
647
581
368
486
1532
6289
4684
7550
7546
7547
7551
7548
7549
5362
7000
205
8081
8082
8084
8083
33
37
2384
2479
242
1209
1322
1727
1724
390
141
458
1506
2268
2608
2617
2622
2631
2633
2626
2632
2630
2629
2625
2624
2628
2627
2623
2620
2614
2521
2078
1298
263
98
276
1046
2107
2957
3878
3885
3889
3890
3898
3891
3896
3892
3895
3897
3899
3894
3893
3884
3881
3463
2711
1773
1447
5425
305
1868
1627
1628
391
231
687
1621
2149
2340
2349
2352
2353
2354
2351
2350
2345
2318
1981
1443
396
136
425
1268
2335
3138
3803
3811
3814
3813
3815
3808
3807
3453
2757
1943
1760
452
451
2642
423
3572
1761
2105
5844
6565
6545
3291
3851
2407
6431
2289
5698
2341
169
43
131
700
1781
2370
2405
2412
2432
2429
2428
2427
2426
2425
2423
2447
2430
2431
2433
2435
2438
2439
2443
2444
2445
2415
2421
2414
2416
2436
2422
2420
2437
2446
2419
2418
2417
2442
2441
2440
2424
2434
2413
2411
2374
2266
1381
339
75
20
100
344
1555
2503
3178
3188
3204
3203
3195
3193
3192
3201
3210
3212
3221
3222
3223
3225
3198
3191
3224
3219
3216
3215
3214
3213
3220
3217
3218
3194
3196
3197
3211
3209
3200
3199
3202
3205
3206
3207
3208
3187
3180
2513
1805
707
349
1181
1040
3927
4445
3928
7126
1127
4389
2576
4504
3923
4505
2034
5309
5438
5308
2643
5595
1669
4702
4700
4701
4699
3583
574
1564
370
922
475
559
1082
1217
1711
7210
5821
4905
5743
1713
6165
3179
2822
1449
2122
2390
3175
1782
1251
1044
2785
448
1400
1062
1536
1162
2317
1688
1222
6186
5885
4363
1264
4008
5813
496
508
4368
509
495
2280
2221
2236
526
494
8088
4430
6306
6015
9372
9373
9374
7628
9375
9376
9377
9378
9379
9380
9381
9428
9382
7627
9383
7626
9385
7625
9398
9386
9387
9388
9389
9390
9391
9392
9393
9394
9395
9396
9397
9371
9370
9369
9368
9343
9344
9345
9400
9347
9348
9349
9350
9351
9352
9353
9354
9355
7624
9356
9357
9358
9359
9360
9361
9362
9363
7623
9364
9365
9366
9367
9384
9399
7645
9435
9434
9431
9441
9430
7644
9432
9433
9436
9437
9438
9439
9440
9443
9444
7641
9445
9442
9446
9429
9427
7639
9413
9402
9403
9404
9405
9406
9407
7646
9408
9409
9410
9411
9412
9414
7634
9426
9415
9416
9417
9401
9418
9419
9420
7633
9421
9422
9423
9424
9425
9341
9342
9346
9340
9258
9259
9260
9261
9262
9263
9264
9265
9266
9267
9268
9269
9270
9255
9271
7629
9272
9273
9274
9275
9276
9277
9278
9279
9280
9281
9256
9282
9254
9250
9236
7631
9238
9235
9234
9232
9233
9237
9231
9230
9229
9253
9240
9241
9242
9239
9243
9244
9245
7630
9246
9247
9248
9249
7632
9251
7635
9252
9257
9283
9339
9285
9314
9315
9316
9317
9318
9319
9320
9321
9322
9323
9324
9325
9326
9327
7636
9328
9329
9330
9331
9332
9333
7638
9334
9335
9336
9337
9338
9313
9312
9311
9297
9284
7637
9286
9287
9288
7640
9289
9290
9291
9292
9293
9294
9295
9296
7642
9298
7643
9310
9299
9300
9301
9302
9303
9304
9305
9306
9307
9308
3240
3239
3241
9309
1865
5320
6905
6903
6902
6904
6138
6139
9149
9150
9152
9162
9153
9154
9155
9156
9157
9158
9159
9160
9161
9141
9140
9139
9138
9119
9120
9121
9122
9123
9124
9125
9126
9127
9128
9129
9130
9131
9132
9133
9134
9135
9136
9137
9197
9164
9148
9147
9146
9145
9143
9118
9151
9114
9113
9105
9101
9100
9099
9163
9228
9219
9198
9201
472
9167
9173
9175
9176
9177
9178
9179
9180
9181
9182
9184
9185
9186
9193
9192
9188
9170
9226
9117
9142
9202
9213
9203
9204
9205
9207
9209
9218
9195
9166
9168
9169
6020
9171
9172
9174
9189
9190
9191
9187
9183
9196
9216
9217
9221
9220
9222
9223
9224
9225
9227
9214
9215
9212
9211
9210
9208
9206
9200
9199
9165
9194
9144
9102
9103
9098
9097
9104
9115
9106
9107
9108
9109
9110
9111
9112
9116
7387
7388
1929
6921
7829
8087
8086
7830
8085
8096
8090
8089
8092
6014
8095
8094
8093
8091
7128
5363
7503
7502
7504
6004
7085
6596
6385
2375
1168
1135
910
6539
6319
6969
4126
327
6963
6237
5738
1034
1149
1604
1194
1704
3238
6493
1785
6253
1161
1139
1138
1143
1144
1145
1141
1142
1140
6846
2611
6212
5912
5714
1878
1356
1367
1366
547
1355
1877
3914
6018
1726
105
113
886
1830
3368
4029
4149
4153
4154
4155
4156
4157
4158
4160
4161
4162
4163
4164
4165
4159
4152
4167
4166
4173
4207
5225
219
474
146
176
157
1035
1881
3482
4096
4176
4177
4187
4190
4179
4186
4181
4182
4183
4189
4180
4184
4188
4185
4178
4192
4191
4206
4216
5250
262
498
116
638
1738
3398
4125
4227
4229
4242
4241
4240
4239
4245
4236
4235
4234
4233
4232
4231
4244
4237
4230
4243
4238
4228
4248
4246
4253
4264
5281
167
438
286
1371
2120
2740
2851
2955
2956
2968
3137
4330
510
831
4394
6060
2565
4568
175
41
130
698
1796
2485
2523
2529
2551
2548
2561
2530
2547
2545
2543
2542
2536
2539
2538
2535
2533
2531
2564
2563
2562
2560
2559
2541
2552
2557
2550
2540
2532
2549
2546
2558
2556
2544
2537
2534
2555
2554
2553
2528
2525
2491
2316
1399
343
76
19
97
338
1544
2566
3293
3304
3329
3334
3326
3330
3331
3309
3307
3342
3319
3314
3333
3336
3335
3338
3320
3313
3308
3310
3312
3316
3323
3327
3328
3337
3311
3340
3341
3339
3315
3332
3318
3317
3321
3322
3324
3325
3301
3294
2571
1813
708
350
6521
5909
2273
6203
6906
9498
9460
9499
5948
600
1917
618
1907
1915
507
611
3306
612
5402
3305
4031
565
525
3850
9496
9448
9473
9472
9467
725
901
902
900
899
904
903
905
898
897
896
895
894
893
906
907
