9944
9612
9613
9614
421
397
561
4119
2979
396
628
5621
5622
5623
5624
3807
402
576
4466
4020
7009
8354
4361
548
1621
1647
4184
399
575
705
704
1802
718
4465
719
5328
334
457
400
608
2829
4394
3938
2893
3371
2894
4393
401
590
3145
3146
6027
398
574
3500
4436
4532
5318
4023
9595
4630
2505
5271
7421
2179
4115
6632
7064
7068
7065
7066
7067
7063
609
203
1090
7060
7061
7044
7033
7034
7035
859
434
1407
6631
7036
7038
7039
7040
414
1071
149
484
6630
7041
7042
7043
7059
7046
7047
7048
7049
7050
7051
5288
7052
8091
8094
8092
8093
7071
5272
322
1049
1048
5848
1971
4220
6628
7053
7054
7055
6067
6931
6820
2705
1040
6942
6941
6940
6943
6944
4281
4278
4371
4279
4145
4280
4370
6150
2628
8116
6313
2241
1814
3148
3491
4329
6314
752
6604
5522
5487
5488
6049
6048
4306
6691
5418
5554
6692
6690
8126
8117
8122
8119
8118
8120
8121
8123
8019
8020
6198
6197
8303
8302
8301
8299
8298
8290
8291
8292
8293
8294
8295
8296
8289
8288
8297
8085
8088
8082
8087
8090
8083
8089
6451
5564
8125
8124
8017
8018
8300
550
8086
8084
5661
6448
6449
6450
6602
1778
4282
2864
9555
9554
3319
2920
2793
4319
6603
6379
7138
323
1223
1208
7062
7037
7058
7057
7045
7056
144
471
5351
6821
4662
6930
627
1489
1479
6629
7547
7546
6819
2314
6929
6634
766
8410
3462
3463
3464
3467
7876
4418
7735
6031
7734
7733
8897
579
9596
9608
9585
9631
9629
87
7829
1700
1995
4652
8392
6549
8129
6329
7095
8357
6550
8130
6330
7096
7786
3389
6938
8965
7898
6939
7891
8967
7897
6590
7896
7892
7893
8968
5504
7894
8966
6758
6986
7895
8969
5550
7774
6804
7784
8388
7785
8465
7783
9700
7782
9642
7781
3457
7028
8974
8971
5710
7904
8972
6012
7903
7902
7901
7416
5316
6773
7415
6082
7905
7900
8970
8973
5411
426
7775
6467
7110
6417
7109
6073
6794
9761
7899
7170
3936
8943
8940
8942
8945
8944
8932
8931
8930
8929
8934
8941
8938
8935
8937
8928
8936
8933
6982
7837
8939
5685
6749
7390
7389
7391
7387
5686
7388
5811
7772
2824
5740
8999
7542
7544
6438
7969
7968
8998
8997
8996
8995
9001
8991
8994
8993
8992
9000
8987
8990
9002
8989
8988
7543
6503
9004
9003
6327
8910
2745
3187
5311
5718
5608
8628
2393
7495
2720
1109
916
914
915
1110
8626
666
667
8627
563
8631
8622
8624
7497
8630
8629
665
668
562
8623
8625
5402
1988
2033
8632
7496
2657
4488
6026
6378
6645
6644
2167
571
2618
815
814
813
8692
8689
8687
8684
8679
683
684
8680
8681
8678
572
8683
8685
8688
7571
8690
8682
1556
1566
198
8693
5530
8691
5447
2005
2091
8686
7570
2375
4495
6032
6394
6654
6655
2180
578
2498
577
8734
821
822
823
8733
7579
8728
7578
687
688
8727
8729
8730
5560
6761
8731
8732
8726
8735
8736
7576
8737
8738
1561
1567
199
8739
6883
5452
2034
2098
8740
7577
8366
3810
9668
9581
9640
9579
9544
9492
9493
9559
9546
9547
9676
9701
9883
6860
6697
8285
8283
3900
9859
8286
8281
5594
8282
8284
6465
9862
9863
9864
9865
9875
9876
9877
9878
8417
5967
7818
9647
7813
9646
6407
9644
7814
9643
6440
8411
7817
9655
7816
8725
7815
5783
9672
8589
8583
8582
8588
1242
4440
5694
5959
5682
3476
7742
4651
7741
7740
7743
5695
3953
2330
4424
4533
5638
6507
5639
6508
2341
5590
5567
7162
7163
2110
7455
7449
7457
8553
8554
8551
7456
7454
7452
8552
7451
365
6000
364
1795
6796
7453
1648
7458
7450
8556
8555
5809
3860
6408
6409
5716
5505
6732
7210
8304
6447
3880
6573
7848
7853
7854
7858
7857
7856
7855
7852
7851
7859
7850
6967
6734
8948
7849
8946
8947
8949
8459
9683
5589
8190
8188
8189
6869
6807
7779
9682
5439
8591
4271
8592
7386
5763
4699
7424
207
8721
8722
8723
8720
7575
8453
9679
6928
7974
7975
9678
7780
6870
5438
8468
6189
8466
9677
8460
8462
5337
8455
7787
9605
6871
9604
1806
3594
6893
5510
5641
7722
5948
8361
7778
7420
7777
4335
8002
6206
8003
4269
5852
5245
7002
8005
8006
6682
6576
7890
8004
7776
4309
6011
4294
6310
4585
6892
7717
7720
6416
6278
7718
5380
7719
7773
5543
7794
7795
7796
5509
4892
6359
6511
6625
5446
6889
5357
4553
6167
4117
3293
7825
6475
8353
2406
2508
6809
1257
8373
8399
4894
7428
7427
9598
7438
5779
5653
7972
8533
5643
1430
9597
2043
2504
7771
1373
8165
7120
7121
8166
7125
6174
8168
8162
8163
7770
7126
472
8161
7124
7118
7119
7122
7123
7769
6639
8167
8159
4663
8160
8908
7768
7767
8906
6926
7766
5561
7765
4531
6269
8228
7973
4530
8229
6879
5803
6927
7764
9586
8905
8904
8903
6793
8902
8901
8164
8900
8899
7417
8907
8898
4640
7435
6735
2468
7826
1829
6431
8310
8187
8185
8186
8061
1904
8064
6303
8067
8057
8031
8029
8953
7698
6472
6784
5952
8034
8036
5540
6997
7446
6979
5724
6257
7694
7003
7689
7688
8037
7725
6168
5280
3933
6971
6533
8040
6589
7433
8042
7212
6995
9632
7696
2499
8044
8045
8952
7695
7160
2690
8050
5327
6114
5698
5345
6470
8051
7709
674
8049
8048
6904
6528
6211
491
8039
7493
5279
7686
7440
5652
5871
8053
6025
7211
8197
6158
6984
6491
4660
7702
7443
8041
6881
6811
6562
6812
7705
7699
8028
6568
8149
7703
7444
8056
7555
6529
8069
8030
8724
7692
7700
6422
7007
6802
6751
6577
8038
7863
8032
8033
6228
2178
8047
7861
7697
6494
7690
6495
7691
6890
5592
7707
4535
7860
8879
8055
5615
451
7977
8052
5903
8950
6903
7704
6810
8043
8391
8054
5748
7721
8035
7701
5891
7862
8068
5894
6600
7127
7448
3878
1913
6955
7864
6546
5999
8063
6980
6302
6826
7581
8062
8058
1907
384
5838
6071
8386
8066
7161
6468
7494
6237
8927
8065
8059
6406
6476
8060
1911
6572
8951
1957
9623
7831
1906
6552
5326
427
464
1177
1256
4017
1114
645
740
804
835
860
881
880
875
876
877
878
867
868
863
834
805
737
644
1115
2848
1142
681
763
856
909
923
941
952
961
962
957
950
934
933
931
930
929
928
927
937
932
938
935
936
922
912
858
761
680
1145
7117
4703
7824
3597
6968
5566
2462
6332
4234
6792
1859
6085
5384
6250
7447
6592
6469
6259
6186
6148
5786
6324
5971
6356
5969
7511
5427
8179
6825
5492
7509
5654
6801
6217
6110
7430
6192
6432
5784
7510
5336
8359
8370
8371
7137
3361
1121
664
750
818
882
892
897
901
899
905
906
902
900
904
903
896
898
891
883
819
751
663
1122
6880
444
2485
4885
6103
3856
8365
4524
7474
6421
4520
7473
6787
8367
6786
6485
9616
6123
7583
7582
392
6785
9617
6591
4165
2413
7835
5738
6362
1012
6069
5533
2845
6311
6483
3926
8014
8007
6912
1884
1323
3879
5333
5406
5792
1902
7834
5542
7032
4047
7836
7422
6935
6016
6911
5693
6561
2721
5944
3949
5399
1656
1818
2321
6008
1905
6537
2320
1912
1696
2239
6795
5462
8342
5423
6358
5614
8016
8015
5253
6299
8013
8011
8009
6736
7006
7004
7005
8010
8012
7008
8008
7685
7684
5435
6768
6428
6578
7209
4579
8355
4415
6696
4555
5257
7840
4598
8755
4434
5629
8451
5274
7477
9689
8580
7182
5745
5143
5293
8604
8609
8602
8603
8605
8606
8610
8608
537
8607
7265
6992
8340
8341
7183
2865
6441
7828
3804
7827
5785
1074
2395
1333
1956
1239
505
2365
5396
6808
6471
7832
5367
5844
731
5702
8446
9871
5729
8280
8279
8278
5732
519
733
2276
7115
8156
7114
8157
8158
7113
7112
4380
5637
602
335
1022
1711
2235
2335
2344
2350
2339
2326
2052
1562
536
191
580
1424
2463
3147
3603
3609
3610
3372
2791
2204
1962
6275
5968
1898
2692
4536
6276
8443
7999
7436
8000
7437
8001
7442
8311
6427
6210
6014
5750
5577
7682
7683
5562
6484
2744
6685
379
6684
9746
8439
3882
9716
8925
9704
7736
5744
8438
5626
8202
8204
9709
9710
8199
8201
8339
8198
8203
8200
5574
5855
7264
8338
7168
2743
21
52
163
1079
1872
2166
2182
2198
2197
2184
2196
2195
2194
2193
2192
2191
2190
2189
2188
2187
2186
2185
2199
2200
2201
2202
2203
2183
2176
2168
2163
2234
3478
6500
8337
5972
8569
8568
6800
8350
6914
6913
7723
6767
9724
8567
8447
5425
8437
5552
7414
8435
9729
8434
5426
8433
8432
5470
8431
6766
9794
9795
4893
7996
9797
9798
6335
7708
5655
8307
8242
7419
9806
8306
9808
8241
8430
8429
9813
2758
6993
2713
9814
8428
9816
8427
9818
7580
5588
7971
6985
2757
3951
7970
7821
7823
7822
6277
5477
567
5301
4025
5302
4706
2506
4705
6867
5349
8244
8402
5781
9768
9769
7423
5780
8584
6637
8585
8586
8587
7483
8590
8440
7228
7830
6205
8891
8892
8896
8888
8883
8895
8894
8893
8890
8889
8887
8886
4130
8885
8884
8441
9783
5769
2105
6381
6959
6958
3814
2711
6961
6960
2513
1557
1235
2712
7
51
120
653
1717
3260
3374
3435
3429
3434
3433
3416
3419
3428
3430
3424
3418
3421
3415
3417
3423
3431
3432
3427
3426
3420
3422
3425
3373
3470
3302
3812
3836
5501
1837
8406
2801
10
59
129
714
1770
3261
3375
3440
3450
3449
3448
3447
3446
3452
3444
3443
3442
3441
3453
3437
3454
3445
3451
3439
3438
3436
3376
3471
3304
3813
3837
5502
8407
9850
8449
3946
193
621
1501
3307
4429
4679
4684
4694
4696
4692
4691
4688
4693
4689
4695
4690
4685
4700
4697
4872
5223
5805
9848
4264
1316
6635
9847
6300
1252
4320
4487
5506
4321
5251
5185
1108
5873
6152
5875
6153
7401
5304
6395
6156
5874
3895
6157
7027
6481
4457
6155
5640
6154
6216
6341
2480
4433
8676
7558
9851
7557
6371
9836
9835
6398
5255
6499
8128
417
6498
8127
418
6116
5782
6376
6215
6377
6474
5846
8412
7425
8309
8312
8414
5286
7906
6965
5926
2764
6185
6184
5965
5964
6142
6790
6789
8436
6424
8448
6530
7085
9524
9564
7165
7020
7445
6972
8880
8467
9574
3617
9571
8926
727
9569
729
8450
9565
9563
8452
9552
8243
9483
9480
9468
9467
5842
2771
5794
7878
6748
7680
614
624
6900
613
625
8873
8874
8871
8872
6899
7877
7681
8870
7687
8378
8379
9675
8400
9607
8390
9600
217
1100
1842
2466
2637
2674
2679
2682
2681
2676
2635
2465
1841
1099
218
357
8363
9624
8368
9622
9621
299
1200
1847
2348
2418
2475
2476
2419
2346
1848
1201
296
410
5547
5776
5927
5310
541
540
1044
7504
5788
7505
1061
2582
16
44
150
1052
1861
2173
2206
2208
2209
2215
2230
2212
2223
2221
2210
2226
2220
2229
2218
2211
2213
2214
2216
2219
2217
2224
2222
2225
2227
2228
2207
2205
2174
2171
2238
3490
8356
7927
9618
9619
8358
5657
2622
2689
1036
5658
1321
440
554
514
513
555
441
1322
794
4185
6274
4469
4486
1813
4187
6273
3303
1457
6298
7187
7186
7185
5437
7833
7976
6679
7441
8305
8308
7512
4707
5928
6161
5218
7184
8516
9633
7429
8515
7418
6430
8517
5495
6579
6354
6963
6964
6962
5778
7545
8398
5389
7464
232
8570
8571
8572
7190
5535
8246
5132
8397
5656
1374
6256
6571
6255
4597
2374
1827
4485
6254
5734
6852
6851
6323
6777
8396
6214
808
4408
4407
4406
702
1021
703
4287
760
735
6466
2625
4411
8332
8335
8334
8327
8329
8330
8328
8326
8331
8336
8333
4024
2232
2233
5353
5491
1087
5352
6034
5569
6348
736
5571
5570
6347
6349
6868
4722
5457
6444
6675
5817
6350
3482
7409
7408
5863
7410
7411
6404
6763
5714
7385
6115
5635
5572
1660
7001
4326
8389
9606
186
6806
1010
2282
2313
2283
9641
8046
6251
8385
9673
9674
4190
4274
6594
5372
4454
6595
1789
2038
4286
4285
5791
5314
8547
8546
8545
8544
8549
8548
8543
8550
5186
8131
5584
6824
6740
4322
5405
2783
8984
7921
8983
8982
7164
7925
7922
8981
6754
6981
8980
7394
7069
6099
9693
8985
8978
8977
7923
8975
8976
8979
7926
7924
8345
5603
4448
6957
8986
8384
5966
9645
8383
8240
8382
7188
9649
9650
8381
7439
7213
8380
6596
9653
2885
1291
1292
1293
1294
1295
1299
1298
1297
1300
1296
1303
1301
1302
7706
6473
8236
8352
8351
8235
7732
6772
6680
5899
8234
2980
1593
5725
5646
5806
4710
8364
5807
4367
6054
8362
4366
8360
5872
3947
6977
7881
8963
6976
8962
8964
6975
6974
8957
8961
7010
8955
8956
7879
7880
6978
5940
8958
8959
8960
8954
9507
8403
6212
7400
9509
9063
8464
8909
8461
5424
8463
8231
9516
9517
9490
9518
8470
8454
5258
2583
197
255
2992
1492
2301
2259
1441
5884
2302
2584
2814
2631
623
3834
7432
8472
549
8232
8230
8081
8458
5334
6015
7997
7000
9464
8456
5228
9473
9487
9475
9476
7693
6393
6636
9478
9479
725
9481
9482
71
4268
3468
3466
3465
3461
6907
4330
7712
4461
9485
6258
7179
7180
7181
7713
8881
5563
6188
2231
5593
9519
9549
3940
3939
4392
0
4483
1001
1955
2037
4373
2319
5480
5481
7889
7888
5628
4497
4214
6953
7882
7883
4374
2318
5479
5478
7884
7885
5627
4496
4215
6954
7886
7887
6176
1490
8913
7476
596
597
8912
8177
6301
7475
7797
7134
5821
6642
7479
7478
6641
353
278
758
5601
5996
3897
7133
6076
5371
111
7136
6077
7238
6100
5383
4213
1963
8315
5568
8314
5365
1211
449
7132
8178
1438
1140
6643
7131
594
8915
5528
2959
2958
595
2817
710
711
593
8914
8911
5955
2261
9059
9044
184
185
9056
9062
9050
458
1231
9060
745
744
7995
5951
618
616
9058
9057
9055
9061
9053
9052
9051
9043
9045
468
467
419
619
617
9046
9047
1050
1051
526
9048
9049
9054
5957
2343
8503
7402
7403
7404
8501
8498
8499
7405
6436
8495
6781
8496
8497
6782
8500
8502
1379
8504
5587
5954
2740
8489
7399
7395
7398
7397
7396
8493
6608
8491
8492
8494
8490
8488
36
8487
7231
4124
8153
8154
8151
8150
8155
6065
6312
5850
7111
8152
7230
4395
8171
8176
8174
8173
6070
8172
8175
6151
1738
4405
582
274
1900
1358
1370
1371
1368
1344
1901
1376
1367
1372
1359
1375
1343
586
8875
8878
8316
8318
5323
7484
8876
7240
6264
8317
268
743
5557
5898
3290
7243
6261
5381
113
7241
6263
6262
246
5294
1236
1417
1481
1523
1525
1534
1535
1536
1537
1539
1538
1530
1541
1522
1551
1514
2299
4122
581
584
6853
7556
132
189
7242
7239
8319
583
5539
2827
2828
585
2510
1220
1209
1234
587
8877
6165
5956
4365
5556
2412
5922
5919
5920
5921
5555
2358
6005
6004
6003
6002
6001
4111
1964
7135
1940
6640
1210
7380
7379
7377
7381
7367
7374
7376
7370
7369
7372
7382
7383
7378
7368
7371
7384
7375
5820
6747
7373
5606
6677
7205
7203
7202
7201
5607
7204
5757
7235
2336
5600
8923
6813
7516
6433
6563
7811
6435
7812
6434
4416
61
122
307
1265
2046
2770
2797
2808
2809
2794
2816
2781
2977
3186
5385
4237
47
106
240
1188
1978
2803
2854
2867
2868
2866
2869
2874
2852
2891
2826
3264
3314
5409
3885
25
82
171
1064
1889
2889
2998
3162
3180
3163
3179
3178
3177
3174
3181
3173
3171
3001
3194
2922
3473
3495
5459
4152
38
101
208
1147
1932
2821
2881
2912
2882
2918
2841
3300
3377
5420
5430
3255
3596
3256
5431
2768
9
58
128
713
1751
3254
3365
3393
3394
3395
3396
3397
3399
3400
3401
3402
3403
3404
3405
3406
3407
3408
3409
3392
3398
3391
3364
3458
3294
3808
3823
5498
4154
39
103
222
1171
1953
2820
2878
2909
2908
2907
2906
2915
2911
2880
2919
2840
3298
3379
5421
3886
26
81
173
1062
1888
2888
2997
3164
3167
3165
3172
3182
3170
3175
3176
3169
3168
3002
3195
2921
3472
3494
5460
4015
30
86
181
1080
1922
2850
2804
2822
2528
2470
1880
2471
2529
2823
2818
2924
2996
2883
3383
3475
5445
3587
22
78
156
1026
1857
2960
3189
3252
3242
3243
3253
3247
3250
3245
3246
3251
3249
3244
3248
3188
3262
2982
3492
3595
5468
4238
46
107
241
1189
1977
2802
2853
2875
2870
2871
2872
2873
2851
2892
2825
3265
3315
5410
3887
27
83
172
1063
1890
2890
2999
3166
3161
3160
3159
3158
3157
3156
3155
3154
3153
3000
3196
2923
3474
3496
5458
4106
34
94
201
1131
1936
2832
2898
2938
2925
2937
2936
2935
2934
2926
2900
2966
2859
3320
3455
5433
4153
40
102
221
1172
1954
2819
2877
2910
2914
2903
2905
2904
2913
2879
2917
2839
3299
3378
5422
4107
35
93
200
1132
1937
2833
2899
2927
2928
2929
2930
2933
2931
2932
2897
2967
2858
3321
3456
5432
4417
60
121
308
1266
2045
2769
2796
2810
2807
2795
2815
2782
2978
3185
5386
8196
5739
6454
8922
8924
6279
8313
6888
2517
4308
5373
6280
5853
8564
2377
7459
134
2702
1094
888
889
890
1095
8566
651
649
8565
558
8557
8558
8559
7461
8560
8563
648
650
559
8562
6798
5382
1972
1989
8561
7460
6122
8426
1976
4667
5808
6599
6653
6652
2089
5760
7081
7080
2540
769
771
770
8485
8486
8475
8482
8481
7793
656
655
6778
8480
7792
8478
560
8477
8476
8474
7392
8473
8484
1513
1524
194
6779
5454
8479
5379
1973
1990
8483
7393
6169
6504
1948
4731
5843
6656
6745
6746
2129
5789
7107
7108
2484
564
8640
792
791
793
8643
7507
8644
7506
6219
7820
671
670
6848
8645
7819
8634
5548
6650
8633
8642
8641
8639
8638
5645
8637
8636
1528
1542
195
6849
6850
5403
1987
2006
8635
7508
6220
8442
2619
224
2411
1633
1627
1628
1629
1630
1631
1632
1624
1641
1614
1609
1644
1610
2410
1645
1615
1640
1625
1634
1636
1635
251
2115
1472
1462
1477
1454
1484
1447
2112
1446
1485
1452
1476
1463
1469
1470
1471
228
2382
1604
1597
1605
1602
1599
1600
1591
1608
1585
1617
1578
1577
2381
1616
1586
1607
1592
1603
1601
1598
270
1967
1413
1396
1419
1389
1968
1388
1421
1393
1414
1403
1408
1409
1404
315
1786
1781
1245
1281
1260
1270
1272
1261
1276
1244
294
1869
1354
1324
1870
1325
1353
1338
1350
1346
1345
1349
1337
250
2114
1473
1461
1478
1453
1482
1444
2113
1445
1483
1451
1475
1464
1474
1467
1468
204
2734
1754
1765
1759
1755
1769
1760
1768
1767
1763
1761
1744
1756
1757
1758
1749
1772
1733
1790
1745
2733
1791
1734
1771
1748
1766
1762
1764
314
1784
1783
1243
1279
1259
1273
1275
1263
1277
1246
362
1559
1118
1153
1136
1154
1119
1558
313
1785
1782
1247
1280
1258
1274
1271
1262
1278
1248
6916
269
1965
1415
1394
1418
1391
1966
1390
1420
1395
1412
1405
1411
1410
1406
6510
6587
7012
7011
2487
6915
6423
6753
6752
5895
8070
5546
8071
8072
2512
1595
9751
9750
9749
9748
9760
9745
9744
6876
4467
6895
5937
6607
6896
5938
6106
6017
4300
6105
6894
5936
6104
6018
4147
5845
7566
2380
6107
7565
5434
6774
6775
6776
1646
809
4529
5260
5262
5261
5259
469
5960
5962
5963
3469
4701
6624
5408
4909
2737
7167
7166
6415
4471
429
356
7463
7462
5766
6838
6845
6844
6843
6842
6840
6009
6847
6841
6846
6839
6837
6836
6835
6832
6190
6830
6829
6831
6833
6834
4527
3006
1843
2701
5834
3005
4506
6074
5823
4305
5929
4127
1993
5961
5499
5523
7084
7083
1726
3890
32
90
190
1096
1927
2862
2963
2989
2984
2988
2983
2987
2986
2990
2985
2964
3015
2895
3413
3483
5450
4426
77
135
347
1342
2123
2759
2777
2778
2790
2767
2896
2970
5368
5291
637
1440
2275
4120
4421
4493
4528
4571
5711
8237
8238
8320
8321
8325
5375
801
1533
2329
4143
4412
4509
4551
5701
5376
802
1532
2328
4141
4413
4508
4549
5700
5377
803
1531
2327
4142
4414
4510
4550
5699
8322
4110
272
917
1658
3809
4428
4587
4593
4604
4603
4602
4600
4601
4594
4627
4605
4668
4908
5773
328
9824
4526
329
630
8239
5883
4310
342
1073
1805
3931
4432
4562
4569
4572
4573
4570
4577
4575
4632
4708
5756
463
7244
6743
8323
8324
7788
5737
4284
6827
6382
6083
5704
4525
6235
5644
6535
8596
8597
8593
8599
8600
8601
8598
8595
4400
544
545
8594
5633
8444
3305
5818
7810
6094
7809
6096
2531
105
309
1066
2388
4332
5167
5183
5198
5199
5200
5190
5192
5191
5197
5196
5195
5194
5193
5201
5188
5189
5202
5205
5204
5215
5214
5212
5211
5203
5210
5209
5208
5207
5206
5213
5182
5217
5216
5254
5295
5858
7808
6090
7807
6091
7806
6092
3884
192
612
1499
3296
4427
4661
4664
4671
4670
4677
4678
4676
4675
4674
4673
4672
4665
4682
4680
4723
5187
5801
4150
273
918
1659
3811
4435
4592
4629
4637
4633
4634
4635
4636
4628
4639
4638
4683
4910
5774
7805
6093
7804
6095
7803
6097
6952
6683
8916
7802
8917
8918
8919
5864
5869
5868
5866
4545
5865
5390
8839
6877
5713
4372
6143
5500
6396
6397
4512
4511
1465
5414
2774
6080
5317
2391
7090
7094
7093
7092
7091
7237
6162
8445
4438
8224
454
8223
7019
5727
2813
6361
95
8147
8148
5765
8146
3484
6401
7206
5449
6113
6886
6887
6410
7233
1169
6109
2051
5998
6306
4719
6909
6309
6307
6308
6875
4242
6783
7471
7472
413
7465
7466
7467
7468
7469
7470
5870
1652
1456
5887
5886
5890
5889
5888
5885
6108
2730
2047
4732
57
11
416
178
496
393
459
2371
7234
5303
7520
7521
7522
1190
7236
3291
7731
6013
7727
4239
5761
4558
6901
7728
7729
6559
6496
7726
7730
7232
1919
4574
1970
1697
3382
6209
6512
6513
5742
1149
1056
601
1860
6514
3935
6515
7229
2916
7129
7130
8863
8862
8869
8860
8852
8853
8859
3956
8855
8856
8857
8858
8854
8866
8861
8864
8865
8867
8868
5991
7671
4148
4019
5507
6884
7675
7674
6334
5287
7801
7799
7798
7800
6885
7672
7673
5219
1571
2519
1039
4648
920
4552
9522
1550
509
640
4476
2353
5995
8425
1808
5541
352
281
1590
8424
728
8423
8404
100
8405
4490
9572
7434
9570
4182
3477
8539
8538
8537
8540
8535
8534
8542
8536
8541
6996
4298
8846
7679
8848
8834
8847
2715
8838
8845
8844
8843
6897
8842
8841
8840
8836
8835
8837
8833
8832
8831
8272
8273
8274
8276
8277
8269
8275
7199
3932
8271
8270
7498
4443
7499
7503
7500
7501
7502
7916
7919
7920
7918
7917
4299
7915
8578
8575
8573
8574
8576
4042
8577
8579
8695
8697
8694
4265
8696
8698
8699
8700
7789
8233
3553
2842
1082
5331
8343
9494
8287
4654
6019
8344
7267
1054
1833
7086
7492
1215
7867
6951
6945
7868
6949
5880
293
7871
7872
7873
7485
1710
5415
2503
2587
473
7874
6551
6946
6950
6948
6947
7486
4431
373
374
376
375
7865
7866
4554
7869
8614
7487
7489
8620
6823
7490
1983
7491
4514
6187
8169
7790
4513
8170
6744
5743
6822
7488
5733
2303
8619
8616
8613
1928
8611
8617
7870
8618
8612
6969
8621
8615
341
5428
7426
4382
1851
4478
525
6586
4331
3501
6325
6956
6541
6326
6540
7934
6201
1521
7959
4546
5524
7950
6505
7947
6203
4442
2688
7941
6267
1879
1486
1425
1098
7940
5436
7936
6506
2387
1580
3003
6181
1752
5736
5689
7530
5932
5359
7536
5930
7534
6229
7963
5313
9690
2372
721
1850
5992
3872
7933
5735
6225
4341
7935
5945
5706
9688
7528
226
7937
5904
7938
6268
7524
5931
6539
5544
2309
9687
7939
5908
1134
543
4709
5308
5307
287
1596
1104
1264
1014
7942
6199
7535
6231
6051
5486
7943
5915
7944
6200
6859
4323
1939
406
7945
5916
7174
1942
5289
2248
1037
4452
394
154
7946
4231
5401
7171
5153
7208
4272
4657
4658
4659
6970
6270
6238
4409
5455
1740
5266
6445
5692
6446
5826
1442
1016
1195
4441
4328
1569
2383
1214
1455
5770
6175
682
1952
1196
7948
5583
420
2032
1284
3866
1498
7526
5933
7529
6230
7965
2792
5731
5649
4226
7951
5388
6479
7952
5910
7953
5812
7523
7531
2277
5362
5278
1003
5239
7954
5461
7214
7215
7955
5911
7956
5914
2354
1517
1774
7957
5753
7532
2748
7533
2749
4556
2691
2707
5575
6567
6566
1228
659
8657
7958
2756
325
6543
7960
5913
2258
1519
1041
2800
1874
7961
5795
7962
2376
5997
7966
7527
2281
5958
7964
6202
2373
1213
4420
1702
1222
1875
4347
1613
1369
5953
5647
7949
6204
1779
547
5723
4222
7928
5909
7931
1077
282
1594
1920
1649
1091
1511
1553
1168
1103
460
820
361
4655
1921
123
366
1186
2590
4324
4588
4596
4607
4608
4611
4615
4617
4616
4623
4609
4606
4619
4624
4620
4621
4622
4625
4618
4614
4613
4612
4610
4595
4631
4599
4681
4897
5777
7932
6538
4401
7089
5907
7173
4227
4650
7967
5905
7929
5906
4455
1949
3821
6762
494
1038
1450
1867
7930
5912
1871
4537
2104
1731
1568
9620
4484
838
6429
2136
387
368
1068
1105
4016
1112
646
738
806
832
861
873
874
872
871
870
869
879
866
862
833
807
739
647
1113
2847
1144
678
764
857
911
921
940
960
939
959
958
956
955
954
953
951
948
947
946
945
944
943
942
949
924
910
855
762
679
1143
6994
1866
4482
966
4445
1364
415
2520
1232
7145
7147
7143
7146
7144
7140
7139
7141
7142
1991
292
1853
568
1579
1225
2310
1655
1886
1240
1439
1203
1891
1448
4656
1873
5813
3295
7245
4266
1780
5815
3827
4626
2497
2732
1699
5364
4224
2058
5814
2725
4541
2786
4542
2785
4543
2784
6698
2363
1084
605
691
748
767
776
786
787
790
789
788
784
785
781
782
780
783
777
768
749
692
606
1085
6657
2415
14
319
360
9615
1713
1133
746
462
5283
4472
2971
5282
4642
1708
4641
4437
1803
4388
5800
5799
330
4643
1924
1573
455
1877
4479
1576
1138
66
3867
4314
1516
5469
5690
1799
5520
5519
3317
280
433
1637
1931
2295
4375
1238
4480
2262
6078
2085
4475
2392
3360
4464
5545
2684
5703
1619
4228
1416
2352
570
816
2117
5270
1150
5598
1170
1097
1070
1184
5767
2697
7724
4118
4915
2728
5513
5514
2132
4583
5515
5516
5512
4383
5363
5360
5358
5521
5517
5361
5518
6646
6648
3184
6319
5342
5240
6392
2359
2706
1719
5312
2172
5256
6166
1426
8581
4140
5246
1088
657
5419
4447
5576
4333
1480
1458
2742
7668
7669
7666
7670
7665
7664
7663
7662
476
7667
5860
5497
6146
6147
4334
1305
1377
2337
4474
1366
9625
4477
1398
6414
6413
6412
6411
3308
1227
1347
824
1723
734
355
177
109
1330
5222
1141
4481
1310
187
732
461
8387
7021
9627
5787
2306
8112
2629
6574
8113
5267
6316
5759
7070
8114
5634
4538
4376
435
726
1564
6585
4644
7016
214
63
234
1288
2515
3485
3751
3753
3798
3803
3802
3801
3800
3799
3797
3790
3796
3794
3793
3792
3791
3795
3789
3772
3758
3759
3757
3760
3761
3756
3762
3763
3764
3765
3766
3767
3768
3769
3770
3771
3773
3788
3774
3775
3776
3777
3778
3779
3780
3781
3782
3783
3784
3785
3786
3787
3754
3752
3486
2516
1289
235
62
7017
7018
225
69
265
1335
2521
3370
3503
3509
3512
3513
3530
3532
3533
3534
3535
3536
3510
3531
3529
3528
3527
3526
3525
3537
3524
3523
3522
3521
3520
3519
3518
3517
3516
3515
3514
3538
3511
3550
3549
3551
3547
3548
3545
3544
3539
3543
3542
3541
3540
3552
3546
3508
3502
3369
2522
1336
264
70
236
73
284
1360
2539
3381
3556
3560
3581
3579
3578
3580
3576
3567
3564
3561
3562
3565
3563
3575
3566
3568
3569
3570
3571
3558
3557
3584
3592
3608
4369
4368
3607
3591
3583
3585
3589
3604
3891
4340
626
4339
3892
3605
3590
3586
3572
3573
3574
3577
3559
3555
3380
2538
1361
285
74
1994
1934
9628
340
174
503
1314
1650
1730
1737
1739
1732
1715
1544
1075
291
160
493
1331
2288
2708
2773
2776
2775
2735
2482
1804
1518
2266
1219
139
450
1290
2585
4113
4338
4343
4354
4351
4360
4359
4352
4349
4358
4357
4355
4353
4350
4348
4356
4344
4363
4346
4384
4404
5549
2267
1574
332
1055
1663
2738
3883
4028
4031
4032
4037
4030
4109
4125
5329
7716
2324
1151
689
772
884
925
964
971
976
977
968
982
983
981
980
967
979
978
975
974
973
972
970
986
969
984
985
1000
997
999
992
989
988
993
987
990
991
994
995
996
998
965
926
885
773
690
1152
7715
2677
1106
639
722
779
826
837
850
848
853
845
843
842
841
840
839
849
854
844
847
846
852
851
836
827
778
723
638
1107
7714
1838
2483
6338
6339
6340
6337
6336
4686
2316
1505
699
1787
6121
6649
6647
1984
4578
685
3870
2323
1434
3869
5220
8375
629
9634
8677
9635
7711
2736
5252
1449
9636
9637
9638
9611
5344
5876
9610
7738
5877
8245
8374
5878
4439
633
6902
7739
8372
2069
23
56
168
1081
1834
2048
2101
2246
2402
4128
611
4129
2401
2245
2102
2083
2073
2072
2081
2075
2082
2076
2074
2077
2078
2079
2080
2070
2055
2044
2039
2086
3004
5755
7737
4116
7073
6553
7072
6315
7087
6112
6111
7013
6320
6297
125
7074
5847
2844
1002
283
4544
4121
1705
1584
1286
1583
1078
5867
1582
1308
1326
1581
1707
1285
6872
1460
556
9587
9588
5857
1111
378
385
386
9589
9590
8376
1938
5305
1974
5484
2806
5722
6179
5485
6177
2805
5882
5881
6178
1057
6224
1017
9591
9592
6933
116
5551
4390
6547
3460
6866
6439
1914
2164
6865
7258
7259
7260
5879
641
158
1547
1432
6272
1570
5346
5347
5348
9593
166
4724
4725
4726
4729
4728
4730
4727
1510
260
1960
1961
1950
895
4378
258
259
6052
495
2106
2849
1657
5824
1810
7200
6101
2961
6818
5369
6817
6816
6815
6426
6814
600
1357
381
72
8748
8742
8743
8744
8745
8752
8746
8749
8750
8751
8753
8754
3819
8747
8741
6878
6163
6191
1548
247
2731
5896
4453
5249
1035
1008
5248
5250
1013
5897
64
13
2536
188
84
245
908
1807
2334
2589
2593
2610
2614
2612
2613
2616
2615
2609
2611
2607
2604
2603
2602
2599
2598
2597
2608
2606
2600
2601
2605
2596
2594
2617
2592
2627
2632
4263
53
8393
2257
8
55
127
701
1720
2834
2901
2957
2948
2955
2954
2953
2952
2951
2950
2949
2956
2946
2947
2940
2944
2943
2942
2941
2945
2939
2902
2968
2855
3368
3410
5444
8394
2652
6
49
119
642
1709
2975
3204
3280
3283
3277
3282
3285
3281
3270
3278
3275
3274
3273
3271
3276
3269
3268
3267
3266
3272
3279
3286
3284
3205
3297
3008
3588
3599
5475
8395
3292
553
316
1226
1997
2861
3606
3841
3846
3855
3854
3852
3853
3850
3849
3848
3851
3847
3845
3858
3844
3871
3888
4523
8849
237
153
4211
1380
2723
720
1496
2856
3487
2501
1661
3009
2751
302
4157
4288
4156
4292
1969
1555
2342
4291
4155
1526
4290
1982
1728
1312
4293
1422
4289
2695
4038
5828
227
306
4713
4516
1773
4517
1427
1060
532
531
530
528
527
529
8851
431
349
3199
5775
2340
17
45
155
1059
1855
2125
2140
2162
2159
2147
2156
2155
2154
2153
2152
2151
2150
2148
2157
2145
2144
2143
2146
2141
2142
2149
2158
2160
2161
2139
2133
2128
2121
2175
3387
4313
6118
2703
48
80
257
1218
1878
2040
2057
2061
2060
2063
2068
2059
2062
2065
2066
2067
2064
2056
2049
2041
2036
2084
2972
354
256
676
828
6388
6389
6391
6383
6385
6390
6386
6387
6384
675
552
1193
8369
3941
4026
4733
5319
1217
312
2294
2278
569
252
1638
1363
1639
669
589
1909
2111
2253
1329
2254
1317
1945
1318
2137
253
152
336
7106
7101
1794
4318
1809
6322
3877
2716
2729
4548
7102
1065
7103
6910
6601
483
7104
4462
5746
6622
5935
5565
4470
5306
6621
6022
7480
6620
6355
4043
8025
5749
5861
5683
6623
8026
8027
8024
8023
4498
7481
6023
4666
7105
607
5221
1018
9599
5531
6908
6605
6598
1714
1269
6038
6037
6036
5802
5324
6318
1034
1858
7075
7078
7079
7076
6317
1882
2003
6425
6597
7077
7525
377
8377
7023
8401
7024
8408
9639
215
1101
1840
2467
2638
2673
2678
2683
2680
2675
2636
2464
1839
1102
216
358
8471
7025
8469
7026
9580
297
1199
1845
2347
2417
2474
2473
2416
2345
1846
1198
298
409
1023
359
65
588
1399
244
243
1137
411
4159
6487
2414
4160
1191
324
1401
15
42
147
1033
1812
2001
2007
2024
2025
2019
2020
2015
2017
2022
2021
2018
2016
2023
2014
2013
2012
2011
2010
2009
2026
2027
2028
2029
2030
2031
2008
2004
2002
1999
2035
2857
6934
4704
9680
9681
3593
1620
2103
2126
755
2407
1250
407
508
474
475
507
408
1249
522
2719
5840
2962
3881
1543
8073
8080
8075
8076
8079
8078
8074
8077
2481
5841
1031
54
4186
6126
6125
6124
1918
4473
6542
4503
6898
9684
7913
9685
7914
8457
2789
1502
6532
6531
7998
4561
5793
4539
5849
6007
9686
4233
4337
6805
5790
6120
2109
6966
5613
6006
5772
4311
6923
6925
4112
6501
6922
3618
4521
6924
6497
4385
6024
5489
6344
213
5691
6232
4240
5934
6066
8719
8718
8717
8709
8716
8715
8714
8713
8712
8711
8710
8705
8704
8707
8703
8702
8701
8706
8708
2798
5298
7014
4912
8180
7082
6575
5630
2268
2830
9691
9692
9694
9695
7756
7755
7759
7758
7762
7760
7757
7763
180
7761
6236
5599
4911
6556
6555
8181
6053
4423
7178
3614
963
275
893
1980
1985
1981
1508
1006
1072
1355
1979
1204
4896
4895
3385
6534
4325
9696
8422
5511
337
2846
2693
4219
4218
4217
4216
2718
4449
4451
4450
311
363
310
2351
318
317
1706
209
2835
7752
7751
7750
7749
7748
7747
7744
7745
7753
7754
7746
1798
1716
6708
196
2255
4397
523
1750
4396
4567
4501
6729
6725
6724
6723
6720
6730
6717
6715
6712
6711
6710
6709
6707
6702
6705
6704
6716
6731
6706
6713
6714
6718
6719
6721
6722
6726
6703
6728
6727
331
4568
4566
4502
4500
6213
5553
2325
2588
9697
5397
4687
4304
4499
1815
506
2297
5670
5680
5673
5677
5672
5669
5675
2107
5666
5678
5676
5674
5671
5668
5667
5679
5664
118
5665
478
5392
5395
5394
4036
5393
5285
2296
442
2780
2887
2886
5534
712
6289
6285
6286
6290
6293
6294
6282
6281
6283
6284
6287
5616
6288
6295
6291
6010
5230
6292
5705
2256
4398
6606
1178
5833
5829
5831
5832
5830
2685
4565
1378
4720
1027
8421
6588
6373
68
6509
1004
2243
2265
2242
6873
3263
1512
3388
3817
5687
3818
1328
382
1587
1642
1651
1588
133
114
1045
1046
1998
1951
6610
6613
6615
6612
6609
6616
6611
6614
1944
4721
1089
706
4379
230
7220
7222
2284
7221
7217
7219
7218
1722
1643
1959
1662
8256
7194
6249
8258
8254
7030
7197
6247
7193
5942
8253
5631
6098
6674
8252
6803
4018
4149
1386
5856
3602
2317
8251
8250
8248
7195
5943
8255
8257
8247
7196
6248
7198
5941
8095
1777
1205
2095
8249
8420
5273
8115
6797
6565
9698
8419
7189
6544
4919
9699
8850
6266
4916
5810
4303
2293
482
8418
1185
1163
1162
1161
4295
1165
3842
1175
6874
6741
1160
1158
1159
1164
1174
1176
1157
1183
4362
2300
7177
5950
5949
7176
6117
5573
6345
4914
7175
1216
303
2177
2250
2271
1899
1565
8416
2270
2514
2287
8415
1494
6343
825
2252
6855
7513
8650
6854
8651
8652
6856
6857
8653
8654
6689
8655
8649
7514
7515
6858
5726
8656
8648
8646
8647
3835
4387
1197
4563
1895
6402
6089
320
3840
6403
8882
5709
3489
404
206
8413
7022
6757
4136
4135
9671
9670
4134
1626
2495
3954
403
662
2053
142
229
2260
1181
1746
1233
765
5651
1747
2054
2240
1917
405
2311
2094
6695
117
6756
5391
6755
6788
4225
1028
2400
4534
4422
6617
6223
8409
1423
9648
9651
9652
9654
6374
2479
4297
9656
9669
9657
9658
599
5503
9659
9660
9661
9662
9663
9664
9665
9666
9667
9489
9495
9496
9497
9498
9499
9500
9501
9502
9503
9504
9505
9506
9508
9510
9511
9512
9513
9514
9515
9488
9486
9471
9469
9472
9466
9465
9463
9462
9470
9477
9474
9484
9491
9521
9553
9556
9557
9558
9560
9561
9562
9578
9566
9567
9568
9573
9575
9576
9577
9551
9550
9534
9523
9525
9526
9527
9528
9529
9530
9531
9532
9533
9535
9548
9536
9537
9538
9539
9540
9541
9542
9543
9520
9545
9703
9855
9856
9857
9858
9860
9861
9867
9868
9869
9870
9872
9873
9825
9828
9829
9830
9832
9833
9842
9843
9844
9943
9885
9921
9923
9924
9940
9913
9898
9886
9887
9888
9889
9890
9891
9892
9893
9894
9895
9896
9897
9899
9912
9900
9901
9902
9903
9904
9905
9906
9907
9908
9909
9910
9911
9823
9822
9821
9734
9735
9736
9737
9738
9739
9740
9741
9742
9743
9752
9753
9754
9755
9756
9757
9758
9759
9733
9732
9705
9706
9707
9708
9711
9712
9713
9714
9715
9717
9730
9718
9720
9721
9722
9723
9725
9726
9727
9728
9731
9762
9763
9796
9799
9800
9801
9802
9803
9804
9805
9807
9809
9810
9811
9812
9815
9817
9819
9820
9793
9792
9791
9776
9764
9765
9766
9767
9770
9771
9772
9773
9774
9784
9787
9788
9789
9786
9785
9782
9781
9780
9779
9778
9790
9777
9775
9719
9747
9914
9915
9942
9941
9939
9938
9937
9936
9935
9934
9933
9932
9931
9930
9929
9928
9927
9926
9925
9922
9920
9919
9918
9917
9916
9884
9882
9849
9702
9846
9845
9841
9840
9839
9838
9834
9831
9827
9826
9837
9852
9853
9854
9881
9880
9879
29
6678
6418
6420
1503
5356
5854
6419
5482
159
345
2696
1801
9874
9866
800
797
6750
5456
798
5476
6102
799
300
7847
7270
6742
7269
8191
8192
8193
8194
8195
7274
179
7271
7272
7268
6357
796
7846
7273
6363
3930
5443
1816
5609
5225
5159
5141
5133
4927
5043
5044
5045
5046
5049
5050
5052
5053
5054
5055
5056
5057
5058
5059
5090
5111
5114
5112
5110
5107
5106
5104
5103
5101
5100
5099
5092
5098
5097
5096
5095
5094
5093
5035
5040
5033
4956
4957
4958
4959
4960
5118
5131
5150
5166
5247
4649
4653
5275
4589
5238
5165
5149
5126
5117
4973
4975
4976
4977
4978
4954
4953
4940
4932
4934
4936
4939
4947
4951
4981
5032
4982
5012
5019
5020
5021
5022
5025
5138
5151
5175
5264
5473
652
5474
5265
5176
5152
5139
5008
5007
5006
4993
4983
4986
5123
5137
5155
5173
5269
4494
5268
5174
5154
5136
5124
4990
4991
5122
5130
5145
5161
5232
4582
5237
5177
5229
5612
5611
5226
5157
5142
5134
4925
4998
4999
5000
5001
5002
5003
5004
5108
4997
4996
4995
5005
4994
4992
4988
4987
4985
4984
5031
5030
5029
5028
5027
5026
5024
5023
5018
5017
5016
5015
5014
5013
5011
5119
5128
5144
5164
5236
4581
5235
5163
5148
5129
5120
4948
4945
4944
4943
4942
4941
4938
4935
4933
4931
4930
4955
4974
4972
4971
4970
4969
4968
4967
4966
4965
4964
4963
5121
5125
5147
5160
5233
4580
5234
5162
5146
5127
5116
5091
5038
5036
4928
5061
5062
5063
5088
5087
5086
5085
5083
5081
5078
5077
5075
5074
5073
5072
5071
5070
5069
5068
5067
5066
5065
5064
4989
4929
5076
5079
5080
5082
5084
5047
5037
5039
5041
5042
5048
5060
5051
5089
5113
5115
5109
5105
5102
4980
4961
4962
4937
5034
4952
4946
4949
4950
4979
5009
5010
4926
5135
5140
5158
5227
5610
694
697
696
695
5442
1835
5579
4924
4900
4881
4877
4734
4768
4771
4754
4757
4745
4756
4852
4847
4839
4835
4803
4794
4796
4837
4851
4774
4739
4743
4747
4749
4772
4765
4753
4750
4740
4755
4759
4868
4800
4799
4798
4797
4792
4789
4786
4784
4782
4780
4777
4802
4805
4829
4827
4825
4821
4820
4819
4815
4814
4813
4806
4775
4811
4816
4822
4826
4830
4804
4779
4785
4791
4833
4801
4834
4860
4864
4859
4861
4854
4855
4776
4793
4746
4735
4878
4880
4899
4922
5580
5586
5224
5585
5578
4923
4898
4884
4883
4886
4902
5169
4559
5168
4905
4888
4874
4870
4840
4838
4863
4867
4865
4866
4862
4841
4832
4783
4812
4807
4810
4836
4842
4843
4849
4853
4738
4741
4858
4742
4831
4824
4790
4856
4758
4737
4748
4769
4763
4761
4760
4762
4751
4752
4850
4848
4846
4845
4844
4857
4788
4787
4781
4778
4828
4823
4795
4773
4744
4770
4767
4766
4764
4869
4875
4890
4907
5180
4590
4591
5181
4906
4891
4882
4889
4903
5171
4560
5170
4904
4887
4873
4871
4817
4808
4809
4818
4736
4876
4879
4901
4921
5581
8921
8920
741
724
124
742
5764
5320
6769
6771
6770
289
6221
1736
6062
6061
6060
6055
6058
6064
6056
6057
6059
6063
6050
2699
4301
2698
492
6375
2100
8789
8787
8792
8759
8758
8756
8771
8790
8774
7586
7605
7604
7609
7592
7610
7584
7597
1315
7587
7607
7606
7603
7593
7585
7588
7589
7590
7591
8788
8786
8785
8784
8783
8791
8781
8780
8779
8778
8777
8776
8775
8773
8772
8782
8757
8760
8761
7594
7595
7596
7598
7608
7599
7600
7601
7602
8762
8763
8764
8765
8766
8767
8768
8769
8770
6455
6460
6458
2580
6461
6459
6462
6464
6463
6456
6486
1819
6739
6737
6738
6988
6991
6990
6987
6989
1267
333
148
438
524
448
182
756
2312
1725
2290
677
1497
2291
439
1824
266
5862
6331
430
5717
5558
5398
261
2694
1822
8209
8213
8214
8216
8207
8208
8505
8143
7246
8142
8507
8141
8506
8139
6699
8508
8145
8514
8138
8510
8140
8144
7412
8511
8137
7247
8134
7413
8135
8512
8222
8210
8219
8220
7169
8218
8217
8215
8212
8211
8221
8206
8205
7551
8265
8264
6828
8263
7549
8262
8261
8260
8259
8268
7552
8267
7097
6701
8136
8266
8132
7550
7548
7098
7553
7099
7554
8133
8513
8509
3366
2739
4164
5715
2087
4137
2860
4557
4039
4040
3367
3014
3013
8183
2469
5798
4540
5483
6028
31
8182
1229
1182
6700
6780
7248
7255
7251
7252
7249
7250
7254
7253
7257
7256
1192
9007
9021
9005
9042
9024
9040
9039
9038
9037
9034
9032
9006
9012
9013
9016
9018
9019
9020
9022
9023
9017
9015
9014
9011
9010
9009
9008
9041
9036
9035
9033
9031
9030
9029
9028
9027
9026
9025
288
1212
432
622
533
795
520
1572
829
1221
5591
6234
5490
6342
2981
5947
5636
7710
6891
2653
2754
2704
2752
2263
2511
2687
2753
2755
7482
4189
8830
4456
2788
2787
1320
2884
4021
7539
7841
7843
7844
7541
7845
7540
6791
7842
4108
6932
6558
6557
4144
9630
8675
4307
6638
3306
2836
1282
2378
2000
7275
7276
7298
7278
7301
7302
7320
7303
7304
6760
7305
7306
7307
7308
7310
7311
7312
7313
7314
7315
7316
7317
7318
7300
7309
7299
7287
7279
7280
7281
7283
6079
7286
6759
5827
7291
7294
7277
7296
7295
7293
7292
7290
7289
7297
7288
7285
7284
7282
7319
6437
4183
6144
372
4645
4576
812
864
5366
865
811
3390
2496
2523
919
810
8347
8346
6799
6593
5582
4041
1043
1076
1042
673
3493
4430
3873
220
1487
1743
4711
4712
5529
5277
6651
1381
1387
4515
4399
7266
7225
2131
5429
2130
5309
5754
2710
1311
6688
6686
5525
4468
5526
5527
2071
5370
4126
4146
3839
1546
6687
1545
2766
636
1383
635
151
5804
4702
5741
4035
6489
6488
3889
7573
6173
4505
5448
7572
3616
4504
2322
5837
3554
5923
5620
7574
6863
5708
7227
4336
6328
5662
2837
183
5625
5604
5605
6478
5338
6627
7908
2394
7911
4913
7910
7909
7912
7907
1992
2709
7031
7226
6564
7128
1926
1908
1500
1915
1925
1206
138
1916
1392
6457
5472
658
1507
7431
7350
7354
7356
7357
7360
7359
7366
7361
7321
6765
7349
7358
7347
7324
7325
7326
7327
7328
7329
7330
7331
7332
7333
7334
7335
7336
7341
7342
7343
7344
7322
6084
7348
6764
5839
7346
7345
7340
7339
7338
7337
7323
7365
7364
7363
7362
7355
7353
7352
7351
6442
2249
4463
6145
380
5508
6380
456
470
6149
6477
1493
2420
1821
4419
4718
428
143
453
1495
2305
2654
2659
2661
2671
2670
2665
2669
2668
2667
2666
2664
2663
2672
2662
2660
2656
2595
2108
1287
267
98
277
1032
2124
2976
3894
3903
3923
3922
3921
3920
3919
3924
3917
3918
3916
3925
3915
3902
3898
3480
2727
1792
1433
5156
2338
5819
6352
6353
542
238
709
1653
2286
2478
2489
2491
2494
2493
2492
2490
2486
2421
2135
1466
412
137
425
1254
2356
3201
3838
3859
3862
3863
3861
3857
3843
3481
2779
1975
1793
3411
3412
290
423
2623
1698
5178
5179
4312
5660
1504
5496
6253
5835
5659
1856
3746
4212
5413
4029
5893
717
753
5297
754
715
2831
2399
2477
774
716
3
8348
8349
5973
4403
7676
7677
7678
6081
7568
7567
7569
5532
4270
6164
7152
4027
6119
6584
5822
6182
5596
6183
5595
5559
4302
79
371
389
913
2247
2273
2289
1897
2264
2127
3386
301
2269
2362
3944
1830
2274
2096
2315
2090
2244
2279
1894
1509
1554
1552
1506
1527
1823
304
5816
7116
6482
6582
6068
6733
6583
5684
6492
5994
6493
5993
7262
512
7261
2746
1332
4522
1339
1852
1712
1429
1887
1230
2396
1986
1058
1825
631
759
1443
1187
1397
1319
1362
1086
321
1255
747
757
817
1009
1053
1304
1826
672
6222
5416
6453
5648
4386
5939
7263
6195
5404
6545
5663
1854
7216
7223
2097
1618
5984
5983
5975
5982
5981
5980
5979
5978
5977
5976
6021
2620
4232
2621
490
6271
2092
8805
8804
8800
8793
8798
8797
8819
8829
8828
7631
7632
7637
7634
7635
7636
7613
7615
1313
7616
7611
7620
7621
7624
7625
7627
7633
7623
7622
8823
8822
8825
8824
8826
8827
8820
8794
8795
8796
8801
8802
8803
8806
8807
8808
8809
8810
8811
7626
7619
7617
7614
7612
7618
7628
7630
7629
8812
8813
8814
8815
8816
8821
8799
8818
8817
6196
5902
5632
5332
1307
1069
1117
1156
1093
1563
1334
5343
4273
2472
1929
1224
1173
5281
4389
1092
521
6372
7875
5730
6351
6227
6676
5325
4391
1836
1005
3955
7207
5892
4123
4444
6882
4158
5642
7157
3934
7150
1400
5650
1943
8521
8520
8524
8519
8522
8523
8526
4425
5290
8525
8532
8527
8528
8529
8530
8531
2863
8518
3287
1007
271
481
126
479
480
5707
5440
7148
6937
7156
6526
6260
2843
6633
6864
5751
5681
7088
5617
2409
4647
5618
5619
1701
2965
511
3826
5330
4296
4564
4646
654
4162
3363
2404
1437
1436
2403
3362
4161
5720
5719
2119
1309
1268
249
497
6861
2634
18
28
145
1849
2
24
170
1241
2765
3007
3016
3055
3056
3064
3057
3058
3059
3039
3062
3038
3028
3018
3019
3020
3021
3124
3023
3024
3026
3037
3027
3029
3030
3031
3033
3034
3035
3036
3052
3063
3093
3097
3098
3099
3123
3101
3094
3069
3073
3074
3075
3076
3079
3092
3083
3084
3085
3125
3091
3088
3087
3082
3081
3012
3149
2993
3313
3506
4492
3505
3311
2995
3151
3011
3136
3131
3130
3129
3132
3126
3127
3044
3090
3022
3089
3086
3080
3077
3072
3071
3070
3068
3067
3066
3078
3108
3095
3121
3120
3119
3118
3117
3116
3115
3114
3113
3112
3111
3110
3122
3109
3107
3106
3105
3104
3103
3102
3096
3065
3190
3288
3600
4034
4458
4033
3601
3289
3191
3054
3053
3051
3050
3049
3048
3046
3045
3043
3042
3041
3017
3061
3047
3060
3040
3025
3032
3100
3128
3144
3142
3140
3133
3141
3143
3139
3138
3137
3135
3134
3010
3150
2994
3312
3507
4491
3504
2812
2181
538
91
4
1
5
88
598
1935
3615
3619
3693
3694
3696
3697
3699
3701
3710
3703
3706
3707
3708
3709
3691
3688
3680
3734
3735
3719
3720
3721
3722
3724
3725
3727
3631
3629
3640
3666
3654
3645
3643
3646
3634
3635
3657
3660
3667
3637
3649
3625
3641
3633
3647
3648
3636
3714
3731
3681
3730
3692
3736
3622
3749
3611
3831
3876
5242
5241
3874
3832
3613
3747
3621
3626
3632
3650
3651
3652
3661
3711
3695
3742
3698
3702
3728
3639
3662
3655
3664
3638
3624
3623
3644
3627
3630
3628
3663
3656
3665
3658
3740
3653
3739
3744
3743
3732
3738
3737
3684
3690
3668
3682
3745
3741
3642
3659
3805
3816
3927
4132
4917
615
4918
4131
3928
3815
3806
3674
3671
3670
3704
3705
3700
3678
3672
3673
3675
3676
3677
3679
3683
3685
3686
3687
3689
3712
3729
3713
3733
3715
3716
3717
3718
3723
3726
3669
3620
3748
3612
3833
3875
5243
5231
3864
1941
1083
161
89
67
1947
50
140
1015
2237
3948
3957
3960
4002
4003
4009
3972
3967
3966
3980
3994
3990
3977
3964
3965
3973
3997
4010
4005
4001
4014
3998
4013
4006
3971
3970
3969
3968
3978
3979
3981
3982
3983
3985
3992
3987
3988
3993
4008
4007
4004
3961
3986
4000
3999
4011
4012
3995
3996
3974
3963
3962
3975
3984
3976
3991
3989
3959
3958
3950
3750
1885
565
92
12
85
295
1459
2714
4045
4050
4078
4077
4072
4068
4054
4055
4064
4060
4102
4104
4105
4099
4095
4089
4100
4085
4086
4088
4059
4069
4070
4071
4081
4065
4052
4053
4057
4058
4061
4062
4063
4083
4082
4103
4098
4094
4084
4092
4093
4097
4051
4074
4079
4056
4076
4075
4073
4067
4066
4096
4101
4090
4080
4087
4091
4049
4048
3200
2272
1139
546
239
210
2307
212
326
110
370
6088
6087
6666
6667
5987
5989
6520
6523
6665
6664
6661
6670
6365
5721
5974
4229
6244
2461
6521
8021
6245
5986
5768
5537
5536
6246
1704
9064
6517
5494
5354
6663
6662
6367
6368
6524
5985
4364
6241
6673
6522
6659
6660
8226
8227
6086
9065
9066
9067
6240
7791
5355
6239
8022
5762
6626
7029
4547
5400
5988
6516
6370
6668
6369
4235
6242
6243
6518
6519
6671
6658
6672
5946
6366
6364
4236
6669
211
9068
202
632
6208
3499
279
437
346
1727
248
887
1348
1721
4507
1167
1910
3497
5407
233
2722
2761
2741
2760
2397
2532
2700
2762
2763
2379
2533
2509
2534
1876
2361
2099
2169
2170
8225
2524
535
1665
1664
2042
2408
9088
9087
9071
9086
9085
9084
9083
9082
9081
9080
9079
9091
9078
9077
9076
9075
9074
9073
9072
9089
9069
9070
9102
9094
9095
9096
9097
9098
9099
9100
9101
9111
9104
9105
9106
9107
9108
9109
9110
9103
9092
9093
9090
2116
504
3952
2686
6693
775
5467
5463
6046
5465
5538
6042
6360
5466
6694
6043
6045
6044
6047
7172
5464
6041
6040
6039
534
5851
5697
5696
165
591
351
9626
5771
516
517
4586
1903
6681
162
164
1863
5276
2308
6480
7538
8662
8660
8666
8669
8670
8671
7537
8667
7191
1862
1575
7990
7989
7986
6999
7988
7994
7984
7982
7981
7979
7980
7978
7992
7983
7991
7985
7987
7993
6998
1864
1622
1832
223
108
6452
6133
6134
6127
6129
6130
6131
6132
6141
6140
6138
2527
6139
2526
2525
6137
6136
6128
6135
1865
445
1327
1868
8661
8672
8668
8673
8664
8674
8663
8665
8658
8659
7192
8184
7158
6405
7153
6527
1623
5925
4133
1488
2811
5917
5387
4345
2386
1382
5184
5412
5493
5990
830
7155
2502
2384
5747
6233
2088
5597
3755
6548
4669
4151
5292
6194
5900
5315
2724
6072
2747
2118
2717
1560
4489
3488
1817
3945
5284
6569
6570
6490
4327
660
661
620
1011
510
388
1180
485
6207
6905
6906
5797
5299
5688
1831
4315
4196
4317
498
4316
4277
4275
4276
1402
4194
4195
7149
1024
4459
6170
5350
5172
6171
6172
5339
5341
5471
254
5340
6619
6399
7159
6525
5796
5300
6581
6346
6296
5451
6305
383
643
573
367
477
1515
6304
4698
7563
7559
7562
7561
7560
7564
5378
7015
205
8097
8098
8099
8096
33
37
2398
2488
242
1194
1306
1741
1735
391
141
452
1491
2285
2624
2633
2640
2648
2649
2650
2642
2651
2646
2647
2643
2645
2644
2641
2639
2630
2535
2093
1283
263
97
276
1030
2122
2973
3893
3901
3913
3911
3904
3908
3907
3909
3906
3910
3912
3914
3905
3899
3896
3479
2726
1788
1431
5441
305
1883
1612
1611
390
231
686
1606
2165
2355
2364
2368
2370
2369
2367
2366
2360
2333
1996
1428
395
136
424
1253
2349
3152
3820
3825
3829
3828
3830
3824
3822
3459
2772
1958
1775
447
446
2655
422
3582
1776
2120
5859
6580
6560
3301
3868
2423
6443
2304
5712
2357
169
43
131
700
1796
2385
2422
2426
2430
2431
2447
2452
2459
2453
2456
2451
2457
2460
2450
2454
2449
2433
2458
2455
2436
2427
2428
2429
2432
2446
2435
2434
2437
2438
2439
2440
2441
2442
2443
2444
2445
2448
2425
2424
2390
2280
1365
339
75
20
99
344
1540
2518
3193
3203
3220
3219
3231
3217
3216
3215
3214
3213
3212
3211
3210
3209
3208
3207
3222
3240
3238
3237
3236
3235
3239
3233
3234
3232
3223
3225
3226
3227
3228
3206
3229
3224
3218
3221
3230
3202
3197
2530
1820
707
348
1166
1025
3942
4460
3943
7151
1116
4402
2591
4519
3937
4518
2050
5322
5453
5321
2658
5602
1654
4716
4717
4714
4715
3598
566
1549
369
907
465
551
1067
1202
1724
7224
5836
4920
5758
1729
6180
3198
2838
1435
2138
2405
3192
1797
1237
1029
2799
443
1385
1047
1520
1148
2332
1703
1207
6193
5901
4377
1251
4022
5825
486
501
4381
500
488
2298
2236
2251
518
487
8102
4446
6321
6029
9380
9381
9382
7645
9383
9384
9385
9386
9387
9388
9389
9390
9391
7655
9392
7650
9393
7661
9394
9395
9396
9397
9398
9399
9400
9401
9402
9403
9378
9377
9406
9376
9362
9351
9352
9353
9354
9355
9356
9357
9358
9359
9360
9361
9363
9375
9364
9365
7657
9366
9367
9368
9369
9370
9371
9372
9373
7652
9374
9404
9405
9431
9407
9437
7649
9438
9439
9440
9441
9442
7651
9443
9444
9449
9445
9446
9447
9448
9452
9450
7653
9460
9459
9458
9461
9456
7654
9457
9349
9454
9453
9451
9455
9436
7659
9434
9433
9408
9409
9410
9411
7656
9412
9413
9414
9415
9416
9417
9435
9418
7658
9419
9420
9421
9422
9423
9424
9425
9426
9427
9428
9429
9430
9432
9350
9379
9348
9315
9262
9263
9264
9265
9266
9260
9267
7660
9268
9269
9270
9271
9272
9273
9274
9275
9276
9277
9278
9279
9280
9281
9282
7638
9283
9284
9285
9286
9261
9287
9259
9245
9244
9246
9247
9258
9249
9250
9251
9252
9253
7639
9254
9255
9256
9248
7648
9257
7640
9288
9318
9290
9321
9322
9323
9324
9325
9326
9327
9328
9329
9330
9331
9332
9334
9347
9335
9336
7641
9337
9338
9339
9340
9341
9342
7642
9343
9344
9345
9346
9320
9333
9319
9289
9303
9291
7643
9292
9293
9294
7644
9295
9296
9297
9298
9299
9300
9301
9302
7646
9304
7647
9317
9305
9306
9307
9308
9309
9310
9311
9312
9313
9314
3258
3259
3257
9316
1881
5335
6917
6919
6918
6920
6160
6159
9134
9144
9132
9115
9116
9120
9114
9113
9121
9131
9123
9124
9125
9122
9126
9128
9129
9130
9136
9156
9192
9158
9219
9218
9217
9216
9215
9214
9213
9212
9220
9211
9209
9208
9207
9206
9205
9204
9203
9202
9222
9221
9231
9223
9241
9240
9239
9238
9237
9236
9235
9234
9242
9232
9233
9230
693
9229
9228
9227
9226
9225
9201
9210
9199
9200
9175
9174
9170
9169
9168
9167
9165
9164
9163
9162
9161
9160
9159
9176
9177
9196
9191
9198
9187
9185
9183
9188
9182
6035
9171
9180
9181
9195
9178
9173
9172
9193
9184
9189
9194
9186
9243
9190
9197
9157
9135
9179
9224
9166
9127
9118
9112
9117
9119
9154
9153
9152
9151
9150
9149
9148
9147
9146
9155
9145
9143
9142
9141
9140
9139
9138
9137
9133
7407
7406
1946
6936
7839
8101
8100
7838
8103
8107
8105
8104
8106
6030
8108
8109
8110
8111
7154
5374
7518
7517
7519
6020
7100
6618
6400
2389
1155
1120
894
6554
6333
6983
4138
327
6973
6252
5752
1019
1135
1589
1179
1718
3241
6502
1800
6265
1146
1129
1130
1127
1128
1126
1125
1124
1123
6862
2626
6226
5924
5728
1893
1340
1351
1352
539
1341
1892
3929
6033
1742
104
112
886
1844
3384
4044
4163
4166
4169
4178
4179
4177
4176
4173
4172
4170
4174
4175
4168
4171
4167
4181
4180
4188
4223
5244
219
466
146
176
157
1020
1896
3498
4114
4191
4193
4205
4204
4203
4201
4200
4198
4197
4207
4199
4202
4208
4206
4192
4210
4209
4221
4230
5263
262
489
115
634
1753
3414
4139
4241
4243
4254
4256
4257
4258
4259
4260
4255
4252
4249
4250
4248
4247
4253
4245
4251
4246
4244
4262
4261
4267
4283
5296
167
436
286
1356
2134
2750
2876
2969
2974
2991
3183
4342
502
831
4410
6075
2581
4584
175
41
130
698
1811
2500
2537
2543
2545
2546
2570
2571
2577
2572
2578
2568
2553
2555
2556
2557
2558
2560
2567
2561
2562
2563
2564
2566
2551
2565
2573
2574
2549
2547
2569
2544
2554
2575
2576
2552
2559
2548
2550
2542
2541
2507
2331
1384
343
76
19
96
338
1529
2579
3309
3318
3348
3325
3323
3322
3326
3324
3327
3337
3329
3338
3330
3332
3333
3350
3336
3335
3334
3339
3353
3354
3355
3356
3351
3352
3357
3349
3340
3347
3343
3342
3341
3328
3331
3344
3345
3346
3316
3310
2586
1828
708
350
6536
5918
2292
6218
6921
9603
9602
9601
5970
592
1933
610
1923
1930
499
603
3358
604
5417
3359
4046
557
515
3865
9584
9583
9582
9594
9609
730
1692
1691
1690
1689
1688
1687
1686
1685
1684
1683
1682
1694
1681
1680
1693
1678
1666
1675
1673
1671
1670
1668
1677
1667
1669
1672
1674
1676
1679
1695
