9934
9560
9559
9558
422
399
569
4108
2969
396
633
5616
5615
5613
5614
3745
401
582
4454
4010
6999
8415
4337
556
1641
1667
4173
397
584
704
705
1792
718
4455
719
5318
334
457
398
615
2819
4381
3926
2876
3361
2877
4382
402
599
3136
3135
6017
400
583
3489
4425
4519
5308
4013
9647
4622
2498
5262
7410
2168
4104
6619
7034
7036
7041
7044
7024
7040
617
203
1090
7039
7038
7025
7026
7027
7028
859
435
1427
6618
7033
7043
7045
7051
414
1071
149
485
6620
7052
7050
7023
7055
7048
7049
7057
7058
7056
7053
5278
7029
8082
8084
8083
8081
7061
5261
323
1049
1048
5838
1961
4210
6622
7047
7054
7046
6057
6919
6805
2695
1040
6934
6935
6932
6933
6931
4271
4272
4361
4273
4136
4270
4360
6141
2618
8106
6305
2230
1804
3140
3481
4319
6306
754
6595
5514
5477
5478
6039
6038
4297
6681
5408
5544
6682
6680
8110
8113
8109
8115
8116
8114
8107
8108
8008
8007
6194
6195
8285
8289
8286
8287
8293
8292
8288
8290
8291
8282
8281
8279
8278
8280
8284
8077
8078
8076
8079
8072
8073
8075
6438
5554
8111
8112
8010
8009
8283
558
8074
8080
5652
6440
6441
6439
6594
1768
4268
2854
9749
9763
3307
2910
2782
4309
6593
6369
7128
322
1243
1208
7035
7037
7031
7032
7042
7030
144
472
5341
6804
4652
6920
632
1509
1500
6621
7536
7537
6806
2304
6921
6624
766
8431
3456
3455
3454
3453
7866
4408
7726
6021
7724
7723
8887
587
9681
9695
9680
9673
9672
87
7814
1690
1984
4640
8445
6539
8119
6320
7080
8434
6538
8120
6319
7079
7772
3375
6929
8958
7887
6928
7885
8957
7886
6580
7889
7881
7888
8959
5491
7884
8955
6745
6975
7883
8956
5540
7777
6801
7767
8395
7765
8388
7764
9907
7763
9823
7768
3402
7018
8964
8960
5699
7892
8961
6002
7891
7895
7890
7405
5305
6763
7406
6072
7893
7894
8963
8962
5397
427
7776
6464
7099
6407
7100
6062
6783
9540
7882
7159
3925
8926
8934
8931
8930
8929
8925
8919
8922
8920
8927
8921
8924
8918
8932
8933
8935
8928
6972
7827
8923
5675
6739
7377
7378
7380
7381
5676
7379
5801
7771
2806
5730
8987
7534
7533
6427
7959
7958
8990
8991
8992
8993
8994
8984
8983
8989
8988
8986
8982
8980
8985
8977
8978
7532
6492
8979
8981
6315
8900
2735
3177
5301
5708
5602
8620
2383
7486
2710
1110
916
915
914
1109
8617
668
669
8616
570
8615
8614
8613
7487
8612
8619
671
670
571
8621
8618
5392
1978
2023
8622
7485
2645
4477
6015
6368
6634
6635
2158
580
2608
814
815
816
8669
8671
8680
8679
8678
685
684
8677
8676
8675
579
8674
8673
8672
7561
8682
8670
1576
1586
198
8681
5521
8683
5437
1995
2082
8668
7560
2365
4485
6022
6384
6645
6644
2171
586
2488
585
8730
821
822
823
8721
7566
8723
7568
689
688
8726
8716
8715
5550
6751
8719
8717
8724
8725
8729
7569
8722
8727
1581
1588
199
8728
6872
5442
2024
2090
8718
7567
8356
3799
9687
9688
9689
9690
9691
9692
9693
9694
9696
9731
9764
9732
9767
6850
6687
8276
8271
3885
9768
8275
8274
5584
8273
8272
6455
9769
9770
9771
9772
9773
9774
9775
9776
8353
5957
7805
9777
7808
9778
6397
9779
7807
9780
6430
8396
7806
9782
7803
8720
7804
5773
9785
8580
8577
8578
8579
1262
4430
5685
5949
5672
3467
7733
4641
7730
7732
7731
5684
3943
2320
4414
4523
5629
6498
5628
6497
2332
5579
5558
7152
7153
2100
7447
7446
7441
8541
8542
8543
7439
7445
7443
8544
7444
364
5990
365
1785
6786
7448
1668
7440
7442
8545
8546
5799
3850
6399
6398
5705
5492
6692
7199
8294
6437
3869
6563
7840
7841
7838
7842
7839
7843
7844
7845
7849
7848
7847
6957
6724
8939
7846
8938
8937
8936
8370
9766
5580
8178
8180
8179
6861
6793
7773
9781
5428
8582
4261
8581
7358
5752
4688
7412
207
8710
8711
8712
8713
7565
8452
9747
6918
7965
7964
9733
7774
6859
5429
8435
6179
8436
9734
8439
8442
5327
8420
7775
9735
6860
9737
1796
3583
6883
5499
5630
7712
5938
8437
7766
7430
7770
4323
7994
6197
7992
4258
5842
5234
6992
7996
7995
6672
6565
7880
7993
7769
4298
6001
4278
6296
4575
6882
7710
7709
6406
6269
7708
5370
7707
7762
5533
7784
7785
7786
5498
4882
6349
6500
6615
5436
6879
5346
4542
6158
4107
3283
7826
6459
8342
2393
2499
6794
1277
8419
8443
4883
7411
7433
9740
7434
5769
5648
7962
8523
5632
1450
9741
2033
2493
7760
1393
8150
7113
7111
8153
7117
6164
8149
8151
8152
7759
7109
473
8154
7116
7112
7114
7115
7110
7758
6629
8156
8157
4656
8158
8895
7757
7756
8894
6912
7755
5551
7754
4521
6259
8218
7963
4522
8219
6869
5790
6913
7761
9743
8892
8890
8889
6784
8888
8891
8155
8896
8898
7408
8897
8893
4630
7422
6726
2458
7817
1819
6421
8302
8175
8177
8176
8059
1894
8021
6293
8037
8038
8039
8035
8940
7685
6462
6774
5940
8051
8048
5529
6987
7419
6970
5714
6244
7681
6993
7677
7687
8040
7715
6157
5266
3923
6960
6523
8033
6579
7435
8018
7202
6985
9753
7692
2489
8019
8025
8943
7695
7150
2679
8031
5316
6103
5688
5334
6460
8055
7678
529
8023
8027
6894
6518
6205
492
8036
7483
5267
7686
7415
5642
5861
8032
6012
7201
8187
6148
6973
6481
4645
7690
7416
8030
6870
6798
6552
6797
7684
7688
8020
6556
8139
7693
7414
8024
7545
6520
8041
8028
8714
7697
7696
6412
6997
6792
6741
6568
8056
7852
8042
8052
6217
2164
8046
7854
7676
6484
7682
6485
7683
6880
5581
7699
4524
7850
8869
8026
5604
452
7967
8045
5893
8942
6893
7698
6795
8053
8371
8054
5738
7711
8058
7691
5881
7851
8057
5883
6589
7108
7420
3867
1902
6943
7853
6536
5988
8029
6969
6292
6816
7570
8050
8049
1897
384
5830
6061
8398
8047
7151
6461
7484
6226
8917
8022
8034
6396
6466
8043
1900
6562
8941
1947
9755
7816
1896
6541
5314
428
465
1177
1276
4006
1116
650
740
806
833
865
872
875
881
870
869
868
867
866
864
834
805
739
651
1113
2836
1145
681
763
857
912
922
954
953
952
951
950
949
948
947
946
945
944
943
958
941
940
939
938
937
924
910
856
764
680
1143
7107
4693
7825
3587
6958
5555
2452
6322
4223
6781
1847
6075
5372
6241
7432
6582
6457
6249
6174
6136
5776
6313
5958
6346
5959
7500
5417
8169
6815
5481
7501
5644
6791
6202
6100
7424
6181
6422
5775
7499
5326
8389
8390
8391
7127
3309
1121
666
750
819
883
891
897
896
906
898
899
900
901
902
903
904
905
892
882
818
751
667
1122
6871
445
2476
4875
6093
3833
8387
4514
7463
6411
4508
7464
6775
8382
6776
6474
9458
6112
7573
7572
392
6777
9460
6581
4153
2401
7824
5728
6352
1012
6059
5522
2835
6302
6473
3916
7999
8002
6904
1874
1343
3870
5324
5396
5782
1893
7820
5530
7021
4037
7815
7413
6925
6006
6901
5682
6551
2711
5935
3939
5389
1676
1807
2311
5998
1895
6527
2308
1903
1686
2229
6785
5452
8332
5410
6348
5605
8004
8006
5243
6289
8005
8003
8001
6725
6998
6994
6995
7997
7998
6996
8000
7673
7672
5419
6753
6420
6567
7200
4569
8377
4405
6686
4545
5247
7828
4585
8745
4424
5617
8403
5264
7467
9552
8570
7172
5734
5133
5283
8600
8599
8598
8597
8596
8595
8593
8592
544
8594
7255
6982
8330
8331
7173
2855
6431
7819
3744
7823
5774
1074
2385
1353
1946
1259
509
2356
5381
6799
6463
7822
5356
5834
731
5692
8428
9543
5719
8268
8270
8269
5722
524
729
2264
7102
8146
7105
8148
8147
7103
7104
4367
5627
610
335
1022
1701
2225
2324
2333
2340
2329
2316
2042
1582
543
191
588
1444
2453
3141
3593
3599
3600
3362
2783
2195
1952
6267
5962
1888
2682
4526
6266
8427
7988
7429
7989
7436
7990
7421
8295
6417
6203
6004
5740
5567
7675
7674
5552
6475
2734
6674
380
6675
9506
8425
3871
9512
8915
9532
7725
5735
8421
5612
8193
8192
9537
9536
8189
8191
8329
8188
8194
8190
5563
5845
7254
8328
7158
2733
21
52
163
1079
1862
2156
2173
2176
2180
2185
2178
2190
2183
2182
2177
2179
2181
2193
2188
2191
2192
2174
2175
2187
2189
2186
2184
2172
2167
2157
2153
2224
3469
6490
8327
5956
8559
8558
6789
8338
6903
6902
7713
6754
9640
8557
8456
5415
8459
5542
7404
8422
9634
8460
5416
8458
8457
5460
8455
6755
9629
9628
4884
7986
9626
9625
6325
7689
5647
8301
8233
7418
9660
8296
9658
8231
8454
8406
9654
2748
6983
2703
9661
8363
9651
8364
9650
7571
5578
7961
6976
2747
3941
7960
7813
7812
7811
6265
5467
575
5293
4015
5292
4697
2497
4698
6854
5339
8230
8366
5772
9649
9648
7426
5771
8574
6627
8573
8572
8576
7473
8575
8369
7213
7818
6193
8884
8883
8882
8881
8880
8879
8886
8876
8885
8875
8877
8873
4118
8874
8878
8373
9646
5759
2095
6371
6949
6948
3804
2700
6950
6951
2503
1577
1255
2697
7
51
121
656
1706
3250
3363
3407
3408
3409
3410
3411
3412
3413
3425
3414
3415
3426
3416
3417
3418
3419
3420
3421
3422
3423
3424
3406
3364
3460
3294
3802
3824
5493
1827
8374
2789
10
59
129
714
1760
3251
3365
3433
3427
3443
3442
3445
3444
3429
3430
3431
3432
3428
3434
3435
3436
3437
3438
3439
3440
3441
3366
3461
3295
3803
3827
5494
8346
9624
8344
3935
193
627
1521
3297
4420
4669
4674
4678
4679
4676
4681
4682
4677
4680
4683
4684
4675
4690
4686
4871
5212
5795
9642
4255
1336
6625
9623
6290
1272
4312
4478
5496
4311
5239
5174
1106
5865
6143
5866
6145
7390
5294
6385
6147
5864
3886
6142
7017
6471
4449
6144
5631
6146
6199
6326
2470
4422
8666
7548
9597
7547
6361
9595
9594
6388
5245
6488
8117
419
6489
8118
418
6106
5770
6366
6201
6365
6465
5835
8376
7437
8298
8297
8416
5276
7896
6955
5916
2754
6176
6175
5954
5955
6117
6780
6779
8378
6414
8399
6519
7075
9619
9618
7155
7010
7428
6962
8870
8400
9621
3602
9613
8916
728
9609
726
8401
9607
9606
8402
9504
8234
9486
9493
9483
9488
5827
2759
5784
7867
6737
7671
621
630
6890
620
631
8860
8861
8862
8863
6889
7868
7670
8864
7680
8414
8397
9498
8386
9500
8379
9489
216
1102
1831
2455
2638
2665
2671
2673
2668
2667
2639
2454
1830
1100
215
357
8380
9452
8381
9459
9455
298
1198
1838
2338
2405
2465
2464
2408
2337
1839
1199
297
411
5538
5765
5915
5300
547
548
1044
7495
5778
7494
1061
2532
16
44
150
1052
1851
2163
2196
2213
2203
2207
2217
2208
2205
2206
2214
2209
2219
2218
2198
2202
2200
2199
2211
2210
2204
2220
2215
2216
2212
2201
2197
2194
2165
2162
2228
3480
8383
7917
9470
9471
8385
5645
2612
2681
1037
5643
1341
441
563
519
518
562
442
1342
794
4175
6263
4459
4476
1803
4179
6264
3293
1477
6287
7175
7176
7177
5427
7821
7966
6670
7427
8300
8299
7502
4694
5914
6151
5207
7174
8496
9865
7417
8495
7407
6418
8507
5484
6569
6344
6954
6953
6952
5768
7535
8394
5379
7454
232
8560
8561
8562
7180
5525
8236
4915
8393
5646
1394
6246
6561
6245
4586
2361
1817
4463
6247
5724
6842
6841
6314
6767
8392
6204
808
4397
4395
4396
702
1021
703
4277
760
737
6456
2615
4401
8322
8323
8324
8326
8325
8321
8320
8318
8316
8317
8319
4014
2223
2222
5343
5483
1087
5344
6024
5562
6339
738
5559
5560
6338
6337
6858
4711
5447
6433
6665
5807
6340
3470
7400
7401
5853
7402
7403
6394
6752
5704
7311
6105
5625
5561
1680
6991
4316
8413
9873
186
6800
1010
2275
2303
2274
9874
8044
6240
8412
9878
9879
4180
4264
6586
5362
4442
6585
1777
2027
4276
4275
5780
5304
8536
8535
8533
8537
8540
8539
8538
8534
5175
8121
5576
6814
6730
4310
5394
2769
8965
7911
8966
8976
7154
7914
7915
8969
6744
6971
8973
7384
7059
6088
9898
8967
8974
8970
7916
8975
8971
8968
7912
7913
8335
5591
4437
6947
8972
8345
5961
9700
8354
8232
8348
7179
9705
9706
8352
7438
7203
8351
6584
9712
2875
1319
1316
1322
1312
1313
1314
1315
1317
1318
1311
1320
1321
1323
7694
6458
8224
8341
8343
8225
7722
6759
6669
5889
8226
2971
1613
5716
5636
5797
4702
8367
5798
4357
6044
8362
4356
8359
5862
3936
6966
7871
8947
6963
8952
8946
6967
6964
8945
8944
7000
8948
8949
7870
7869
6965
5930
8953
8954
8951
8950
9716
8358
6206
7391
9717
9053
8417
8899
8461
5414
8450
8221
9718
9719
9720
9721
8447
8462
5246
2574
197
255
2993
1512
2291
2249
1461
5874
2292
2573
2805
2621
629
3825
7425
8423
557
8220
8222
8071
8444
5323
6005
7987
6990
9727
8438
5218
9698
9713
9697
9679
7679
6383
6626
9666
9667
732
9668
9669
71
4259
3452
3450
3449
3451
6898
4320
7701
4451
9671
6248
7165
7166
7167
7702
8871
5553
6178
2221
5583
9677
9678
3930
3931
4385
0
4471
1001
1943
2028
4363
2309
5469
5470
7872
7877
5619
4486
4204
6944
7875
7874
4364
2310
5471
5468
7879
7878
5618
4487
4203
6945
7873
7876
6166
1510
8902
7466
602
601
8903
8168
6291
7465
7787
7124
5811
6631
7469
7468
6632
353
278
758
5592
5986
3890
7121
6067
5361
112
7125
6066
7219
6089
5373
4202
1953
8304
5557
8303
5354
1211
450
7122
8167
1458
1140
6633
7126
603
8904
5518
2948
2949
604
2804
711
712
605
8901
8905
5947
2250
9037
9038
184
185
9040
9041
9043
459
1251
9052
744
745
7985
5939
623
624
9045
9046
9047
9048
9049
9050
9051
9044
9039
469
470
420
625
622
9033
9042
1050
1051
532
9034
9035
9036
5945
2331
8488
7395
7396
7397
8485
8487
8493
7394
6426
8486
6771
8490
8489
6770
8491
8492
1399
8494
5577
5946
2729
8484
7388
7387
7386
7389
7385
8480
6598
8483
8482
8481
8477
8478
36
8479
7222
4114
8145
8144
8142
8143
8140
6055
6301
5840
7101
8141
7226
4383
8166
8163
8161
8162
6060
8164
8165
6140
1727
4400
593
274
1889
1378
1390
1392
1388
1363
1890
1396
1387
1391
1379
1395
1364
590
8868
8867
8309
8307
5311
7474
8865
7233
6251
8306
268
743
5547
5886
3281
7229
6252
5371
114
7231
6254
6253
246
5284
1257
1437
1501
1543
1545
1554
1559
1556
1555
1558
1557
1550
1561
1542
1571
1534
2290
4110
589
591
6843
7546
132
189
7232
7230
8308
592
5532
2818
2817
594
2500
1240
1210
1254
595
8866
6155
5944
4355
5546
2400
5908
5909
5910
5911
5545
2348
5991
5993
5992
5995
5994
4105
1958
7123
1930
6630
1209
7372
7360
7361
7362
7363
7366
7364
7359
7365
7368
7367
7375
7374
7373
7376
7371
7370
5810
6738
7369
5593
6667
7191
7195
7192
7194
5594
7193
5747
7220
2326
5588
8912
6803
7506
6423
6553
7801
6425
7802
6424
4407
63
123
308
1286
2035
2761
2786
2799
2798
2787
2808
2772
2967
3176
5375
4225
46
108
240
1189
1968
2792
2841
2861
2862
2863
2860
2864
2844
2884
2816
3254
3304
5401
3876
26
81
172
1063
1879
2881
2986
3156
3157
3160
3162
3148
3145
3144
3149
3146
3147
2987
3186
2911
3462
3485
5450
4140
38
101
208
1148
1923
2811
2870
2894
2869
2908
2832
3292
3370
5411
5422
3248
3586
3249
5421
2757
9
58
128
713
1741
3244
3355
3399
3386
3393
3391
3382
3381
3383
3385
3397
3384
3398
3387
3388
3389
3390
3392
3394
3395
3396
3354
3448
3285
3798
3814
5487
4141
40
103
221
1171
1944
2812
2871
2893
2898
2899
2897
2895
2896
2872
2909
2830
3290
3369
5412
3875
25
82
173
1062
1880
2882
2989
3163
3164
3165
3166
3167
3168
3169
3170
3150
3171
2988
3184
2913
3464
3484
5449
4005
30
86
182
1080
1913
2840
2794
2814
2516
2461
1870
2460
2515
2813
2809
2914
2985
2874
3374
3465
5435
3576
22
78
156
1026
1848
2950
3180
3242
3238
3241
3240
3239
3231
3237
3236
3233
3234
3232
3235
3181
3252
2972
3482
3585
5458
4226
47
107
241
1188
1967
2793
2842
2859
2857
2858
2865
2866
2843
2883
2815
3255
3305
5400
3877
27
83
171
1064
1878
2880
2991
3154
3152
3151
3161
3172
3159
3173
3158
3153
3155
2990
3185
2912
3463
3483
5448
4041
34
93
200
1131
1927
2824
2888
2918
2928
2915
2916
2919
2920
2924
2889
2956
2849
3312
3447
5424
4142
39
102
222
1172
1945
2810
2868
2900
2901
2902
2903
2904
2905
2867
2907
2831
3291
3371
5413
4042
35
94
201
1132
1926
2823
2890
2923
2922
2927
2926
2925
2921
2917
2887
2957
2850
3313
3446
5425
4406
62
122
307
1285
2036
2760
2788
2800
2797
2785
2807
2773
2968
3175
5376
8186
5729
6444
8913
8914
6268
8305
6878
2505
4300
5363
6270
5843
8550
2367
7449
134
2692
1095
889
888
890
1094
8551
653
654
8549
567
8556
8552
8547
7451
8548
8555
655
652
566
8554
6788
5374
1962
1979
8553
7450
6113
8365
1965
4655
5796
6590
6643
6642
2079
5749
7070
7071
2528
769
770
771
8469
8464
8465
8466
8467
7783
659
658
6769
8463
7782
8476
568
8471
8472
8470
7382
8468
8474
1533
1544
194
6768
5444
8475
5369
1964
1980
8473
7383
6159
6493
1938
4714
5831
6646
6735
6736
2119
5779
7097
7098
2472
572
8631
793
792
791
8633
7498
8632
7497
6210
7809
674
675
6839
8629
7810
8634
5536
6640
8635
8623
8624
8625
8626
5635
8627
8628
1548
1562
195
6837
6838
5393
1977
1996
8630
7496
6209
8426
2609
224
2403
1651
1647
1652
1656
1655
1654
1653
1645
1660
1634
1630
1665
1629
2402
1664
1635
1661
1644
1650
1648
1649
250
2103
1488
1482
1495
1474
1505
1466
2102
1465
1503
1472
1497
1481
1492
1491
1489
228
2372
1621
1625
1619
1624
1623
1620
1612
1627
1606
1637
1598
1597
2371
1638
1605
1628
1611
1617
1618
1622
269
1957
1433
1415
1438
1408
1955
1410
1440
1416
1435
1425
1430
1431
1426
314
1771
1776
1263
1301
1278
1294
1292
1279
1296
1264
294
1861
1373
1345
1860
1344
1374
1359
1370
1366
1365
1369
1358
251
2104
1490
1480
1498
1473
1504
1467
2105
1464
1502
1471
1496
1483
1487
1494
1493
204
2723
1751
1756
1748
1746
1755
1757
1758
1754
1753
1759
1735
1750
1752
1749
1739
1762
1723
1782
1734
2724
1781
1724
1761
1738
1744
1745
1747
315
1773
1774
1266
1299
1281
1295
1290
1283
1297
1265
362
1578
1118
1155
1136
1154
1119
1579
313
1772
1775
1267
1298
1282
1293
1291
1280
1300
1268
6905
270
1954
1432
1414
1439
1409
1956
1411
1441
1413
1434
1423
1429
1428
1424
6501
6577
7002
7001
2475
6906
6413
6742
6743
5885
8062
5535
8060
8061
2502
1615
9503
9762
9761
9760
9758
9757
9756
6866
4457
6886
5927
6597
6884
5928
6096
6007
4290
6095
6885
5926
6094
6008
4137
5836
7549
2370
6097
7550
5420
6764
6765
6766
1666
809
4520
5249
5250
5251
5252
468
5951
5950
5952
3459
4691
6602
5398
4899
2727
7157
7156
6405
4461
430
356
7452
7453
5755
6818
6825
6828
6829
6831
6830
6000
6835
6826
6819
6820
6821
6822
6823
6824
6180
6834
6827
6836
6833
6832
4517
2996
1829
2691
5815
2992
4496
6064
5813
4294
5923
4117
1983
5953
5489
5513
7074
7073
1715
3878
32
90
190
1096
1917
2852
2954
2980
2979
2978
2977
2976
2975
2974
2981
2953
3005
2885
3401
3473
5440
4416
77
135
347
1362
2113
2749
2767
2768
2780
2758
2886
2961
5357
5280
639
1460
2266
4111
4410
4484
4518
4557
5701
8227
8229
8315
8314
8310
5364
801
1553
2319
4134
4404
4497
4538
5691
5365
802
1552
2317
4133
4402
4499
4539
5689
5366
803
1551
2318
4132
4403
4498
4540
5690
8312
4100
272
917
1678
3800
4418
4576
4583
4593
4590
4589
4591
4592
4584
4617
4595
4657
4898
5763
329
9754
4516
328
635
8228
5871
4299
342
1073
1795
3922
4423
4552
4556
4562
4563
4555
4567
4564
4621
4696
5746
464
7234
6732
8311
8313
7778
5727
4274
6817
6372
6073
5693
4515
6225
5633
6525
8590
8591
8584
8583
8586
8587
8588
8589
4390
552
553
8585
5623
8372
3288
5808
7795
6086
7792
6085
2517
106
309
1066
2378
4322
5161
5172
5178
5179
5180
5181
5182
5183
5184
5202
5201
5200
5196
5186
5194
5195
5189
5191
5190
5193
5203
5185
5204
5199
5192
5205
5197
5187
5188
5198
5173
5208
5206
5244
5285
5848
7793
6084
7800
6083
7794
6080
3872
192
619
1519
3286
4417
4646
4653
4660
4661
4666
4668
4662
4663
4667
4665
4664
4654
4672
4670
4712
5177
5789
4138
273
918
1679
3801
4426
4582
4618
4623
4624
4627
4625
4626
4619
4629
4628
4673
4901
5764
7796
6082
7799
6081
7797
6087
6930
6673
8909
7798
8906
8907
8908
5854
5859
5857
5858
4535
5855
5380
8836
6868
5702
4362
6134
5490
6386
6387
4502
4501
1485
5404
2764
6070
5307
2381
7082
7085
7084
7083
7086
7223
6152
8404
4427
8213
455
8214
7009
5717
2803
6350
95
8136
8137
5756
8138
3474
6391
7196
5439
6104
6877
6876
6400
7225
1169
6099
2041
5989
6299
4708
6899
6298
6297
6300
6865
4231
6773
7461
7460
415
7456
7458
7462
7455
7457
7459
5860
1672
1476
5880
5875
5877
5878
5879
5876
6098
2718
2037
4722
57
11
417
179
498
393
460
2363
7228
5291
7511
7510
7512
1190
7221
3280
7719
6003
7718
4229
5751
4550
6891
7717
7721
6549
6486
7716
7720
7224
1908
4566
1959
1687
3372
6207
6512
6511
5732
1149
1056
609
1850
6513
3927
6514
7227
2906
7120
7119
8854
8859
8849
8848
8845
8842
8843
3946
8844
8846
8847
8850
8855
8856
8858
8853
8852
8851
8857
5981
7663
4139
4008
5497
6875
7664
7665
6323
5277
7788
7791
7789
7790
6874
7662
7661
5209
1591
2509
1039
4638
920
4541
9752
1570
513
644
4468
2342
5985
8410
1797
5531
352
281
1610
8409
730
8408
8418
100
8407
4479
9751
7423
9750
4158
3466
8530
8529
8527
8528
8531
8525
8524
8526
8532
6986
4286
8837
7669
8835
8838
8833
2704
8834
8831
8828
8823
6887
8827
8826
8825
8824
8832
8822
8821
8829
8830
8260
8267
8261
8262
8265
8264
8263
7189
3920
8266
8259
7489
4432
7488
7490
7493
7492
7491
7907
7908
7905
7906
7909
4287
7910
8566
8565
8567
8568
8569
4032
8563
8564
8685
8686
8687
4253
8689
8684
8688
8690
7779
8223
3544
2834
1081
5321
8333
9748
8277
4644
6013
8334
7257
1054
1823
7076
7475
1233
7863
6938
6939
7856
6942
5870
293
7864
7857
7858
7476
1700
5405
2494
2577
474
7859
6542
6941
6937
6940
6936
7482
4419
373
375
374
376
7855
7862
4544
7861
8604
7481
7478
8606
6813
7479
1974
7480
4503
6177
8159
7780
4504
8160
6734
5733
6812
7477
5723
2293
8607
8608
8609
1918
8610
8611
7860
8602
8603
6961
8605
8601
341
5418
7409
4374
1841
4469
531
6576
4321
3497
6318
6946
6531
6317
6529
7934
6190
1539
7933
4536
5512
7932
6496
7923
6191
4433
2678
7930
6256
1869
1506
1446
1098
7929
5426
7928
6495
2377
1599
2995
6171
1742
5726
5679
7524
5921
5351
7521
5920
7520
6219
7927
5303
9746
2362
722
1836
5982
3860
7937
5725
6215
4331
7926
5934
5696
9745
7519
226
7925
5904
7924
6257
7526
5919
6530
5534
2299
9744
7935
5901
1135
551
4699
5297
5298
287
1616
1104
1284
1014
7922
6187
7522
6220
6041
5474
7921
5900
7918
6188
6849
4315
1929
407
7919
5898
7163
1932
5279
2238
1036
4443
394
154
7920
4220
5391
7160
5145
7198
4262
4650
4648
4649
6959
6260
6236
4398
5446
1729
5256
6435
5683
6436
5816
1462
1016
1195
4431
4318
1589
2373
1234
1475
5760
6165
533
1942
1196
7931
5573
421
2022
1304
3857
1518
7525
5922
7513
6218
7936
2784
5721
5638
4216
7946
5378
6467
7939
5902
7949
5802
7518
7517
2267
5352
5271
1003
5237
7947
5451
7204
7205
7938
5895
7940
5899
2344
1537
1763
7941
5743
7516
2741
7515
2742
4546
2680
2698
5565
6558
6557
1248
662
8647
7942
2746
326
6533
7943
5894
2248
1540
1041
2791
1866
7944
5785
7945
2366
5987
7948
7514
2270
5948
7957
6192
2364
1235
4411
1692
1242
1863
4351
1631
1389
5943
5637
7950
6189
1769
555
5713
4213
7951
5896
7955
1076
282
1614
1911
1669
1091
1530
1573
1168
1103
461
820
361
4647
1910
124
366
1186
2580
4313
4579
4588
4605
4597
4613
4612
4610
4607
4614
4606
4604
4603
4602
4601
4599
4598
4615
4596
4600
4608
4609
4611
4587
4620
4594
4671
4885
5766
7956
6528
4391
7081
5903
7164
4217
4642
7954
5905
7953
5906
4445
1939
3811
6758
406
1038
1470
1858
7952
5897
1857
4528
2094
1721
1587
9742
4466
838
6419
2126
387
368
1068
1105
4007
1115
649
742
807
832
862
873
874
877
876
878
871
879
880
863
835
804
741
648
1114
2837
1144
683
765
855
909
921
934
942
955
957
931
930
927
929
959
928
935
936
956
933
932
960
962
961
923
911
858
762
682
1142
6984
1856
4467
966
4436
1384
416
2510
1252
7148
7147
7149
7146
7145
7144
7141
7143
7142
1981
292
1843
576
1600
1245
2300
1675
1876
1260
1459
1203
1881
1468
4651
1864
5803
3284
7235
4256
1770
5804
3815
4616
2487
2722
1689
5355
4214
2049
5805
2715
4533
2776
4532
2775
4531
2774
6688
2352
1084
614
693
748
767
777
787
786
784
783
782
781
785
790
788
789
780
776
768
749
692
613
1085
6647
2409
14
319
360
9739
1703
1133
746
463
5273
4462
2960
5274
4633
1698
4632
4428
1793
4378
5792
5791
330
4634
1914
1593
456
1867
4465
1596
1137
66
3858
4303
1535
5459
5680
1789
5505
5511
3350
280
434
1657
1921
2284
4366
1258
4475
2253
6069
2075
4470
2382
3351
4456
5537
2672
5694
1639
4218
1436
2343
578
813
2106
5260
1150
5590
1170
1097
1070
1184
5757
2687
7714
4109
4905
2719
5502
5503
2122
4574
5506
5507
5508
4373
5350
5349
5348
5510
5509
5353
5504
6637
6638
3174
6310
5332
5236
6382
2350
2696
1708
5302
2161
5248
6156
1445
8571
4128
5229
1088
660
5409
4441
5566
4326
1499
1478
2732
7659
7658
7657
7656
7655
7653
7654
7660
477
7652
5850
5488
6137
6138
4325
1325
1397
2328
4473
1386
9738
4472
1418
6404
6403
6402
6401
3300
1247
1367
824
1712
734
355
177
110
1350
5213
1141
4464
1330
187
733
462
8448
7012
9736
5777
2295
8104
2619
6564
8103
5257
6303
5750
7060
8102
5624
4529
4365
436
725
1583
6575
4631
7006
214
61
235
1309
2507
3475
3741
3747
3749
3748
3790
3795
3791
3792
3793
3784
3769
3786
3781
3771
3777
3779
3782
3768
3750
3788
3789
3785
3783
3794
3761
3763
3765
3752
3753
3751
3766
3767
3757
3762
3764
3787
3774
3773
3772
3778
3775
3776
3780
3770
3754
3755
3756
3758
3759
3760
3746
3742
3476
2506
1308
234
60
7007
7008
225
69
264
1355
2512
3359
3491
3498
3505
3503
3510
3511
3512
3513
3517
3520
3521
3522
3523
3524
3525
3500
3506
3502
3501
3514
3527
3526
3519
3528
3516
3515
3529
3535
3537
3534
3542
3539
3533
3530
3532
3531
3536
3538
3540
3541
3518
3509
3508
3507
3504
3499
3492
3358
2513
1354
265
70
236
74
284
1381
2529
3368
3545
3548
3569
3570
3567
3566
3565
3563
3564
3568
3562
3551
3552
3553
3555
3556
3558
3559
3571
3549
3547
3572
3581
3598
4358
4359
3597
3582
3573
3574
3578
3595
3882
4329
500
4330
3881
3594
3580
3575
3561
3557
3554
3560
3550
3546
3367
2530
1380
285
73
1985
1924
9765
340
174
506
1335
1670
1720
1728
1730
1722
1705
1564
1075
291
160
495
1351
2278
2699
2763
2766
2765
2725
2474
1794
1538
2257
1239
139
451
1310
2575
4102
4328
4334
4339
4343
4338
4349
4340
4341
4342
4344
4345
4346
4348
4347
4350
4335
4353
4336
4371
4394
5539
2258
1594
332
1055
1683
2728
3874
4018
4022
4021
4026
4020
4099
4115
5319
7704
2314
1151
691
773
884
925
965
992
980
978
974
990
988
1000
991
976
967
968
970
971
972
981
983
987
982
979
977
975
984
973
969
985
986
999
998
997
996
995
993
994
989
964
926
885
772
690
1152
7706
2663
1108
642
724
779
827
837
840
841
842
843
844
854
845
846
847
848
849
850
851
853
839
852
836
826
778
723
643
1107
7705
1828
2473
6330
6328
6327
6331
6329
4685
2306
1525
699
1779
6111
6639
6636
1973
4568
686
3862
2313
1455
3861
5210
8347
634
9796
8667
9795
7703
2726
5238
1469
9794
9793
9792
9791
5335
5868
9790
7728
5869
8235
8405
5867
4429
508
6892
7727
8411
2045
23
56
168
1082
1824
2038
2091
2232
2391
4119
494
4120
2392
2233
2092
2073
2072
2066
2070
2065
2071
2069
2068
2067
2062
2064
2063
2061
2046
2034
2029
2077
2994
5745
7729
4106
7063
6543
7064
6304
7077
6102
6101
7003
6309
6288
125
7062
5837
2833
1002
283
4534
4112
1695
1603
1305
1604
1078
5856
1601
1328
1346
1602
1697
1306
6862
1484
564
9789
9788
5846
1111
379
386
385
9787
9786
8384
1928
5295
1963
5476
2796
5712
6169
5475
6168
2795
5872
5873
6167
1057
6213
1017
9784
9783
6923
117
5541
4380
6537
3457
6857
6429
1904
2155
6856
7248
7250
7249
5863
645
158
1568
1451
6262
1590
5338
5336
5337
9797
166
4715
4716
4717
4720
4719
4721
4718
1531
260
1951
1950
1940
895
4369
258
259
6042
496
2099
2839
1677
5814
1799
7190
6091
2951
6809
5359
6807
6810
6811
6416
6808
607
1377
381
72
8731
8743
8735
8736
8737
8738
8739
8741
8744
8742
8740
8732
3807
8734
8733
6867
6153
6182
1567
247
2721
5888
4444
5240
1035
1008
5241
5242
1013
5887
64
13
2525
188
84
245
908
1798
2325
2579
2584
2605
2606
2603
2602
2597
2601
2600
2599
2598
2604
2593
2592
2590
2589
2587
2586
2588
2594
2596
2591
2595
2585
2607
2582
2617
2622
4254
53
8349
2245
8
55
127
701
1710
2826
2892
2937
2936
2935
2934
2944
2929
2931
2942
2938
2939
2947
2943
2945
2933
2940
2941
2930
2932
2946
2891
2958
2845
3360
3400
5434
8375
2642
6
49
120
646
1699
2965
3194
3260
3266
3256
3257
3258
3259
3267
3261
3262
3263
3264
3274
3265
3268
3276
3272
3269
3270
3273
3275
3271
3195
3287
3002
3579
3589
5465
8357
3282
561
316
1246
1987
2851
3596
3832
3837
3844
3845
3838
3846
3843
3842
3841
3840
3839
3836
3847
3834
3859
3879
4513
8840
237
153
4201
1401
2713
720
1516
2846
3478
2491
1681
2997
2744
302
4147
4280
4145
4281
1960
1575
2334
4284
4146
1546
4282
1972
1718
1332
4283
1443
4279
2685
4030
5824
227
306
4703
4507
1764
4506
1447
1060
534
539
538
537
536
535
8839
432
348
3189
5767
2330
17
45
155
1059
1845
2115
2129
2151
2132
2140
2137
2143
2146
2133
2152
2131
2135
2145
2141
2136
2134
2138
2150
2144
2142
2139
2147
2148
2149
2130
2123
2116
2111
2166
3379
4304
6108
2693
48
80
257
1238
1868
2031
2047
2058
2057
2056
2059
2054
2053
2055
2052
2051
2050
2048
2040
2032
2026
2074
2964
354
256
678
828
6381
6379
6378
6377
6376
6373
6380
6374
6375
677
560
1193
8368
3929
4017
4723
5309
1237
312
2285
2268
577
252
1659
1383
1658
673
597
1899
2101
2244
1349
2243
1337
1937
1338
2128
253
152
337
7091
7092
1784
4308
1800
6312
3868
2709
2720
4543
7093
1065
7094
6900
6591
484
7095
4452
5736
6603
5925
5556
4460
5296
6605
6011
7471
6604
6345
4033
8017
5741
5851
5673
6606
8016
8015
8014
8013
4488
7470
6010
4658
7096
616
5211
1018
9686
5520
6897
6592
6587
1704
1289
6027
6028
6026
5793
5317
6308
1034
1849
7068
7069
7066
7067
6307
1872
1993
6415
6588
7065
7523
377
8441
7014
8440
7011
8433
9685
218
1099
1832
2457
2641
2666
2669
2674
2670
2664
2640
2456
1833
1101
217
358
8430
7015
8429
7016
9684
296
1201
1837
2335
2407
2467
2466
2406
2336
1840
1200
299
410
1023
359
65
596
1419
244
243
1138
412
4152
6477
2404
4151
1191
324
1421
15
42
148
1033
1802
1991
1997
2001
2000
2006
2007
2009
2019
2017
2018
2021
1999
2020
2008
2016
2015
2014
2013
2012
2011
2010
2005
2004
2003
2002
1998
1994
1992
1989
2025
2847
6924
4695
9683
9682
3584
1640
2093
2118
756
2396
1269
409
511
476
475
512
408
1270
527
2708
5832
2955
3873
1563
8069
8065
8067
8068
8070
8063
8066
8064
2471
5833
1030
54
4176
6114
6115
6116
1909
4474
6534
4493
6888
9676
7903
9675
7904
8449
2777
1522
6522
6521
7991
4551
5783
4527
5839
5997
9674
4224
4327
6796
5781
6110
2096
6956
5603
5996
5762
4301
6915
6916
4103
6491
6917
3608
4511
6914
6487
4375
6014
5479
6334
213
5681
6222
4230
5924
6056
8707
8706
8705
8701
8703
8694
8702
8708
8700
8695
8709
8704
8698
8697
8696
8699
8693
8692
8691
2781
5287
7004
4902
8170
7072
6566
5620
2255
2820
9670
9665
9728
9726
7753
7752
7751
7745
7750
7749
7748
7747
180
7746
6227
5589
4900
6546
6545
8171
6043
4412
7171
3601
963
275
893
1971
1975
1970
1528
1006
1072
1375
1969
1204
4894
4895
3376
6524
4314
9725
8451
5501
336
2838
2683
4209
4208
4207
4206
2706
4439
4438
4440
311
363
310
2341
318
317
1696
209
2822
7735
7736
7737
7738
7739
7740
7741
7742
7743
7734
7744
1788
1707
6698
196
2246
4387
528
1740
4386
4558
4490
6713
6721
6693
6695
6705
6720
6709
6699
6706
6708
6704
6718
6711
6710
6712
6703
6702
6701
6700
6707
6717
6722
6697
6719
6716
6715
6714
6696
6694
331
4559
4561
4491
4492
6200
5543
2315
2578
9724
5387
4687
4295
4489
1806
510
2288
5671
5670
5666
5664
5662
5657
5663
2098
5659
5655
5656
5660
5661
5658
5665
5668
5669
119
5667
479
5386
5384
5385
4027
5383
5275
2289
443
2771
2879
2878
5524
710
6284
6274
6285
6277
6271
6272
6273
6275
6278
6279
6280
5606
6276
6283
6282
5999
5220
6281
5695
2247
4388
6596
1178
5820
5823
5819
5821
5822
2677
4560
1398
4710
1027
8453
6578
6363
68
6499
1004
2236
2256
2235
6863
3253
1532
3380
3808
5678
3809
1348
382
1608
1662
1671
1607
133
115
1046
1045
1988
1941
6610
6612
6607
6608
6609
6611
6614
6613
1934
4713
1089
706
4370
230
7209
7207
2272
7210
7211
7208
7212
1713
1663
1949
1682
8248
7188
6237
8237
8238
7020
7183
6239
7187
5931
8247
5621
6090
6664
8246
6802
4011
4144
1407
5847
3592
2307
8245
8244
8243
7186
5932
8242
8241
8240
7185
6238
7184
5933
8085
1767
1205
2085
8239
8432
5263
8105
6787
6555
9723
8424
7178
6532
4909
9722
8841
6258
4906
5800
4293
2283
483
8446
1185
1163
1162
1164
4285
1160
3831
1176
6864
6731
1159
1158
1157
1161
1175
1174
1165
1182
4352
2287
7170
5941
5942
7168
6107
5564
6335
4903
7169
1236
303
2169
2240
2261
1891
1585
8360
2262
2504
2277
8361
1514
6333
825
2242
6848
7505
8645
6844
8644
8643
6845
6846
8642
8641
6676
8640
8639
7504
7503
6847
5715
8638
8636
8637
8646
3826
4377
1197
4553
1885
6393
6079
320
3830
6392
8872
5698
3479
404
206
8355
7013
6748
4126
4125
9715
9729
4124
1646
2485
3944
405
665
2044
142
229
2251
1181
1737
1253
761
5641
1736
2043
2231
1907
403
2301
2084
6685
118
6746
5382
6747
6778
4215
1028
2390
4525
4413
6599
6214
8350
1442
9714
9711
9710
9709
6364
2469
4288
9708
9707
9704
9703
608
5495
9702
9701
9699
9730
9799
9866
9800
9897
9896
9895
9894
9893
9892
9891
9890
9889
9888
9887
9886
9885
9899
9884
9882
9881
9880
9877
9876
9875
9872
9871
9870
9869
9883
9901
9917
9902
9932
9931
9930
9929
9928
9927
9926
9925
9924
9923
9922
9921
9920
9919
9933
9918
9916
9915
9914
9913
9912
9911
9910
9909
9908
9906
9905
9904
9663
9903
9868
9900
9867
9832
9830
9829
9828
9827
9826
9825
9824
9822
9821
9820
9819
9818
9817
9831
9816
9814
9813
9812
9811
9810
9809
9808
9807
9806
9805
9804
9803
9802
9801
9815
9833
9849
9834
9864
9863
9862
9861
9860
9859
9858
9857
9856
9855
9854
9853
9852
9851
9850
9848
9847
9846
9845
9844
9843
9842
9841
9840
9839
9838
9837
9836
9835
9664
9798
9662
9474
9473
9472
9469
9468
9467
9465
9464
9475
9453
9454
9462
9456
9457
9461
9466
9476
9478
9499
9497
9496
9495
9494
9477
9492
9491
9502
9485
9481
9480
9479
9501
9490
9487
9463
9484
9582
9605
9608
9610
9611
9614
9615
9616
9617
9620
9604
9612
9603
9592
9585
9586
9587
9588
9589
9590
9591
9593
9601
9596
9598
9599
9600
9602
9645
9653
9655
9656
9657
9659
9644
9652
9643
9632
9627
9630
9631
9633
9641
9635
9636
9637
9638
9639
9584
9622
9583
9542
9525
9526
9527
9528
9529
9530
9531
9533
9541
9534
9535
9538
9539
9524
9523
9505
9507
9508
9509
9510
9511
9513
9521
9514
9515
9516
9517
9518
9519
9520
9522
9562
9544
9565
9566
9567
9568
9573
9581
9574
9575
9576
9577
9578
9579
9580
9564
9572
9563
9545
9546
9553
9561
9554
9555
29
6668
6410
6408
1523
5347
5844
6409
5472
159
345
2686
1791
9556
9557
796
800
6740
5445
797
5466
6092
798
300
7836
7262
6733
7261
8184
8182
8185
8181
8183
7260
178
7264
7263
7259
6347
799
7837
7258
6353
3921
5432
1805
5598
5217
5147
5131
5124
4917
5079
5075
5032
5030
5005
4935
4936
4941
4945
4946
4947
4948
4949
4950
4951
4953
4954
4963
4959
4960
4961
4934
4933
4932
4924
4919
4922
4923
4925
4926
4927
4928
4929
4930
4920
4921
4931
5013
4999
5001
5002
5112
5122
5140
5156
5235
4639
4643
5265
4578
5228
5155
5139
5116
5108
5029
5015
5016
5018
5019
5021
5022
5026
5028
4967
4972
4973
4978
4979
4980
4981
4982
4983
4984
4985
4986
4987
4988
5129
5141
5166
5254
5464
517
5463
5253
5165
5142
5128
4989
4990
4991
4992
4993
4994
5115
5127
5144
5163
5259
4483
5258
5164
5143
5126
5114
5031
4962
5110
5117
5136
5151
5221
4572
5226
5167
5219
5601
5600
5215
5146
5132
5125
4918
4977
4976
4975
4971
4970
4968
4996
4998
5024
5020
5017
5014
5011
5009
5008
5007
5003
5000
4965
4958
4957
4956
4952
4944
4943
4942
4940
4938
5076
5077
5078
5082
5083
5111
5121
5135
5152
5223
4570
5225
5150
5137
5120
5107
5036
5054
5062
5063
5053
5034
5035
5038
5042
5043
5044
5047
5048
5051
5074
5092
5093
5096
5097
5100
5103
5105
5084
5113
5118
5134
5153
5222
4571
5224
5154
5138
5119
5109
5080
5081
5087
5088
5089
5104
5102
5098
5095
5094
5072
5073
5046
5045
5041
5039
5037
5050
5052
5071
5070
5067
5065
5061
5060
5059
5058
5057
5055
5049
5101
5056
5064
5066
5068
5069
5033
5040
5086
5106
5091
5099
5090
5085
4937
4939
4955
5004
4964
5006
5010
5012
5023
5025
5027
4997
4995
4966
4969
4974
4916
5123
5130
5148
5216
5599
696
697
695
694
5433
1825
5568
4912
4888
4870
4865
4726
4782
4783
4785
4790
4820
4794
4795
4798
4819
4822
4821
4845
4846
4847
4848
4850
4852
4853
4856
4857
4854
4841
4832
4834
4836
4837
4838
4840
4793
4729
4733
4734
4738
4737
4741
4764
4768
4769
4772
4773
4775
4777
4746
4747
4756
4752
4751
4749
4748
4735
4770
4779
4839
4842
4844
4778
4800
4809
4814
4818
4799
4797
4781
4784
4786
4787
4829
4830
4833
4754
4755
4750
4740
4724
4866
4868
4889
4911
5570
5574
5214
5575
5569
4913
4887
4874
4873
4876
4892
5157
4548
5160
4890
4877
4862
4861
4766
4762
4739
4731
4827
4826
4825
4849
4789
4813
4812
4780
4753
4771
4767
4765
4763
4761
4758
4736
4730
4728
4732
4727
4828
4824
4823
4858
4855
4796
4792
4791
4788
4817
4804
4801
4802
4803
4805
4843
4806
4807
4816
4851
4831
4835
4774
4760
4776
4759
4757
4742
4743
4744
4745
4859
4864
4880
4896
5169
4581
4580
5168
4897
4881
4872
4879
4893
5159
4549
5158
4891
4878
4863
4860
4815
4811
4810
4808
4725
4867
4869
4886
4914
5571
8911
8910
736
721
105
735
5754
5310
6762
6761
6760
288
6211
1725
6054
6050
6049
6052
6048
6045
6046
6051
6047
6053
6040
2688
4291
2689
493
6367
2089
8765
8766
8767
8768
8773
8774
8775
8777
8779
7575
7576
7577
7578
7579
7580
7581
7589
1334
7590
7593
7574
7595
7588
7587
7586
7584
7583
7582
8755
8782
8769
8746
8748
8754
8752
8763
8753
8760
8761
8762
8764
8758
8770
8771
8772
8776
8778
7592
7594
7600
7599
7598
7597
7596
7591
7585
8780
8759
8781
8747
8756
8749
8750
8757
8751
6449
6454
6452
2571
6445
6448
6453
6447
6446
6450
6476
1809
6729
6728
6727
6981
6980
6979
6978
6977
1287
333
147
439
530
449
181
755
2302
1714
2282
679
1517
2281
440
1815
267
5852
6321
431
5707
5548
5388
261
2684
1812
8208
8211
8206
8212
8207
8203
8497
8129
7237
8122
8498
8124
8500
8125
6689
8501
8127
8502
8128
8505
8133
8134
7398
8506
8123
7236
8131
7399
8135
8503
8200
8210
8201
8204
7161
8195
8196
8197
8199
8198
8209
8205
8202
7539
8256
8254
6840
8253
7540
8252
8250
8251
8258
8255
7541
8257
7088
6691
8132
8249
8130
7538
7542
7089
7543
7087
7544
8126
8499
8504
3352
2730
4155
5706
2076
4127
2848
4547
4028
4029
3353
3003
3004
8172
2459
5786
4530
5473
6018
31
8173
1249
1183
6690
6772
7243
7247
7246
7242
7241
7245
7239
7238
7244
7240
1192
9022
9023
9028
9029
9011
9020
9006
9007
9004
9032
9018
9017
9016
9015
9014
9013
9012
9019
9021
9030
9010
9024
9025
9026
9027
9009
8995
8996
8997
8998
8999
9000
9008
9002
9003
9001
9031
9005
289
1212
433
628
542
795
525
1592
829
1241
5582
6224
5480
6332
2970
5937
5626
7700
6881
2643
2737
2694
2739
2252
2501
2676
2738
2740
7472
4178
8820
4446
2779
2778
1340
2873
4009
7529
7831
7833
7829
7530
7830
7531
6782
7832
4098
6922
6548
6547
4131
9482
8665
4296
6628
3289
2828
1302
2368
1990
7285
7286
7269
7287
7281
7288
7298
7297
7296
6750
7294
7293
7292
7271
7289
7267
7265
7266
7268
7282
7310
7295
7284
7283
7280
7278
7277
7276
7275
7274
7273
6068
7272
6749
5817
7279
7290
7299
7291
7308
7307
7306
7305
7304
7303
7270
7302
7301
7309
7300
6428
4174
6133
372
4637
4565
810
861
5358
860
811
3378
2486
2511
919
812
8336
8337
6790
6583
5572
4031
1043
1077
1042
676
3487
4421
3863
220
1507
1733
4700
4701
5519
5268
6641
1400
1406
4505
4389
7256
7216
2121
5423
2120
5299
5744
2702
1331
6679
6678
5517
4458
5515
5516
2060
5360
4116
4135
3829
1565
6677
1566
2756
641
1403
640
151
5794
4692
5731
4025
6479
6478
3880
7563
6163
4495
5438
7562
3607
4494
2312
5829
3543
5912
5610
7564
6853
5700
7217
4324
6316
5651
2825
183
5611
5596
5597
6468
5328
6617
7902
2384
7897
4904
7898
7899
7900
7901
1982
2701
7022
7215
6554
7118
1915
1898
1520
1906
1916
1206
138
1905
1412
6451
5462
661
1527
7431
7347
7348
7352
7350
7351
7357
7312
7353
7354
6757
7355
7356
7346
7349
7344
7343
7314
7315
7316
7317
7318
7319
7320
7313
7321
7322
7323
7324
7325
7326
7327
6074
7328
6756
5828
7329
7345
7330
7331
7332
7333
7334
7335
7336
7337
7338
7339
7340
7341
7342
6432
2239
4453
6135
378
5500
6370
458
471
6139
6470
1513
2412
1811
4409
4709
429
143
454
1515
2296
2644
2649
2651
2662
2660
2653
2659
2658
2657
2656
2655
2661
2654
2652
2650
2646
2583
2097
1307
266
98
277
1032
2114
2966
3884
3893
3915
3905
3913
3914
3912
3911
3910
3909
3908
3907
3906
3892
3888
3471
2717
1780
1453
5149
2327
5809
6343
6342
550
238
709
1673
2276
2468
2478
2482
2483
2484
2481
2480
2477
2410
2124
1486
413
137
426
1274
2346
3191
3828
3849
3851
3852
3853
3848
3835
3472
2770
1966
1783
3404
3403
290
424
2614
1688
5170
5171
4302
5650
1524
5486
6243
5826
5649
1846
3737
4205
5403
4019
5884
717
753
5288
752
716
2821
2388
2463
775
715
3
8340
8339
5964
4393
7668
7667
7666
6071
7557
7558
7559
5523
4260
6154
7129
4016
6109
6573
5812
6172
5585
6173
5586
5549
4292
79
371
389
913
2237
2263
2279
1887
2254
2117
3377
301
2259
2353
3934
1820
2265
2086
2305
2081
2234
2269
1884
1529
1574
1572
1526
1547
1813
304
5806
7106
6472
6572
6058
6723
6571
5674
6483
5984
6482
5983
7252
516
7251
2736
1352
4512
1357
1842
1702
1449
1877
1250
2387
1976
1058
1814
636
759
1463
1187
1417
1339
1382
1086
321
1275
747
757
817
1009
1053
1324
1816
672
6212
5406
6443
5639
4376
5929
7253
6184
5395
6535
5653
1844
7206
7214
2087
1636
5974
5973
5975
5972
5978
5980
5971
5976
5977
5979
6016
2610
4222
2611
491
6261
2080
8804
8805
8806
8807
8808
8809
8811
8818
8812
7612
7614
7615
7617
7621
7603
7602
7618
1333
7616
7613
7610
7609
7608
7607
7606
7605
7611
7620
8813
8814
8816
8817
8803
8810
8786
8787
8788
8789
8790
8791
8792
8784
8797
8798
8819
8801
8799
7625
7623
7624
7626
7622
7627
7604
7619
7601
8796
8795
8794
8783
8793
8785
8800
8802
8815
6185
5890
5622
5322
1326
1069
1117
1156
1092
1584
1356
5333
4263
2462
1919
1244
1173
5270
4379
1093
526
6362
7865
5720
6341
6221
6666
5315
4384
1826
1005
3945
7197
5882
4113
4434
6873
4148
5634
7139
3924
7138
1420
5640
1933
8520
8519
8508
8518
8517
8515
8514
4415
5281
8513
8512
8521
8509
8510
8516
8522
2853
8511
3279
1007
271
481
126
482
480
5697
5431
7135
6927
7134
6515
6250
2829
6623
6855
5739
5654
7078
5608
2399
4636
5607
5609
1691
2952
514
3817
5320
4289
4554
4635
657
4150
3356
2398
1457
1456
2397
3357
4149
5709
5710
2109
1329
1288
249
499
6852
2624
18
28
145
1834
2
24
170
1261
2755
2998
3006
3063
3065
3080
3066
3067
3068
3069
3070
3071
3072
3078
3048
3024
3025
3026
3027
3028
3029
3031
3046
3032
3033
3034
3036
3037
3038
3039
3040
3041
3042
3044
3045
3082
3043
3035
3023
3022
3021
3020
3019
3018
3017
3016
3030
3064
3049
3079
3077
3076
3075
3074
3073
3000
3137
2982
3302
3495
4482
3496
3303
2983
3138
3001
3059
3058
3057
3056
3055
3054
3052
3051
3050
3015
3047
3010
3012
3009
3007
3008
3013
3011
3081
3133
3125
3124
3123
3122
3119
3118
3121
3130
3117
3098
3089
3097
3099
3114
3100
3101
3113
3111
3110
3108
3107
3104
3102
3096
3095
3179
3278
3590
4023
4447
4024
3591
3277
3178
3120
3126
3128
3129
3109
3083
3131
3084
3094
3116
3105
3062
3061
3060
3053
3093
3127
3115
3014
3134
3091
3086
3085
3132
3092
3090
3088
3087
3103
3106
3112
2999
3139
2984
3301
3494
4481
3493
2802
2170
545
91
4
1
5
88
606
1925
3606
3612
3688
3652
3651
3657
3669
3675
3671
3624
3623
3630
3629
3645
3689
3632
3690
3633
3634
3635
3636
3637
3638
3639
3640
3641
3642
3643
3644
3617
3621
3622
3673
3679
3680
3681
3682
3685
3667
3650
3653
3654
3655
3656
3658
3666
3664
3665
3663
3662
3649
3626
3646
3609
3739
3603
3821
3865
5232
5233
3864
3823
3604
3740
3611
3722
3727
3723
3712
3714
3706
3705
3704
3703
3702
3724
3732
3693
3696
3699
3701
3707
3708
3719
3715
3711
3710
3709
3695
3729
3735
3647
3726
3720
3728
3730
3734
3733
3721
3725
3717
3716
3691
3692
3694
3697
3698
3700
3796
3805
3918
4121
4907
497
4908
4122
3917
3806
3797
3713
3718
3731
3631
3687
3678
3661
3618
3660
3659
3668
3686
3684
3683
3677
3676
3674
3672
3670
3648
3625
3620
3619
3628
3627
3616
3615
3614
3613
3610
3738
3605
3822
3866
5231
5227
3854
1931
1083
161
89
67
1936
50
140
1015
2227
3938
3947
3949
3968
3965
3964
3961
3960
3958
3957
3955
3954
3953
3952
3951
3972
3991
3992
3970
3994
3997
3995
3996
4004
3998
3999
4000
4001
4002
4003
3990
3988
3987
3975
3976
3977
3978
3979
3980
3981
3982
3983
3984
3985
3986
3974
3973
3989
3993
3971
3969
3962
3967
3966
3963
3959
3956
3950
3948
3940
3736
1875
573
92
12
85
295
1479
2705
4035
4040
4074
4075
4076
4077
4078
4079
4080
4085
4081
4082
4083
4084
4097
4087
4088
4086
4090
4091
4094
4095
4096
4093
4092
4073
4071
4063
4053
4047
4044
4045
4046
4054
4048
4049
4050
4051
4052
4056
4055
4057
4058
4059
4060
4061
4065
4069
4068
4070
4089
4043
4066
4072
4067
4064
4062
4039
4038
3190
2260
1139
554
239
211
2298
210
325
111
370
6077
6078
6659
6654
5965
5968
6507
6503
6658
6655
6651
6650
6360
5711
5963
4219
6228
2415
6508
8012
6229
5969
5758
5526
5527
6233
1694
9058
6510
5485
5342
6660
6648
6359
6358
6505
5966
4354
6235
6649
6502
6662
6663
8217
8216
6076
9054
9055
9057
6230
7781
5345
6234
8011
5753
6616
7019
4537
5390
5967
6509
6355
6653
6354
4228
6232
6231
6506
6504
6652
6656
6661
5936
6356
6357
4227
6657
212
9056
202
637
6198
3490
279
438
346
1717
248
887
1368
1711
4500
1167
1901
3488
5402
233
2712
2750
2731
2752
2386
2522
2690
2751
2753
2369
2523
2495
2524
1865
2351
2088
2159
2160
8215
2514
541
1685
1684
2030
2394
9077
9076
9075
9074
9073
9066
9071
9070
9069
9068
9067
9078
9062
9060
9065
9059
9061
9063
9064
9072
9079
9089
9081
9099
9098
9097
9096
9095
9080
9094
9093
9101
9092
9100
9090
9091
9088
9087
9086
9085
9084
9083
9082
2107
507
3942
2675
6683
774
5455
5456
6030
5453
5528
6029
6351
5454
6684
6032
6034
6036
6037
7162
5457
6035
6033
6031
540
5841
5686
5687
165
598
351
9759
5761
521
520
4577
1892
6671
162
164
1853
5269
2297
6469
7527
8662
8648
8661
8660
8659
8658
7528
8649
7182
1852
1595
7978
7969
7968
6989
7976
7977
7984
7979
7980
7982
7975
7974
7973
7970
7971
7972
7981
7983
6988
1854
1643
1822
223
109
6442
6120
6122
6118
6125
6126
6127
6130
6129
6132
6119
2520
6131
2518
2519
6124
6123
6128
6121
1855
446
1347
1859
8664
8656
8650
8651
8652
8653
8654
8655
8657
8663
7181
8174
7140
6395
7131
6517
1642
5917
4123
1508
2801
5907
5377
4332
2376
1402
5176
5399
5482
5970
830
7137
2492
2374
5737
6223
2078
5587
3743
6540
4659
4143
5282
6183
5891
5306
2714
6063
2743
2108
2707
1580
4480
3477
1808
3937
5272
6559
6560
6480
4317
664
663
626
1011
515
388
1180
489
6196
6895
6896
5787
5290
5677
1821
4307
4198
4306
501
4305
4265
4266
4267
1422
4199
4200
7136
1024
4448
6161
5340
5162
6160
6162
5331
5329
5461
254
5330
6601
6389
7133
6516
5788
5289
6574
6336
6286
5441
6295
383
647
581
367
478
1536
6294
4689
7553
7556
7551
7552
7554
7555
5367
7005
205
8089
8088
8086
8087
33
37
2389
2479
242
1194
1327
1732
1726
391
141
453
1511
2273
2613
2623
2627
2630
2631
2632
2637
2633
2634
2628
2629
2635
2636
2626
2625
2620
2526
2083
1303
263
97
276
1031
2112
2963
3883
3891
3894
3900
3899
3898
3896
3895
3904
3902
3897
3901
3903
3889
3887
3468
2716
1778
1452
5430
305
1873
1632
1633
390
231
687
1626
2154
2345
2354
2358
2359
2360
2357
2355
2349
2323
1986
1448
395
136
425
1273
2339
3143
3810
3816
3820
3819
3818
3813
3812
3458
2762
1948
1765
448
447
2647
423
3577
1766
2110
5849
6570
6550
3296
3856
2413
6434
2294
5703
2347
169
43
131
700
1786
2375
2411
2416
2446
2441
2436
2433
2434
2435
2437
2438
2439
2442
2440
2448
2443
2444
2445
2430
2447
2449
2450
2451
2431
2432
2420
2428
2427
2426
2425
2424
2423
2429
2422
2421
2419
2418
2417
2414
2379
2271
1385
339
75
20
99
344
1560
2508
3183
3193
3219
3214
3230
3216
3218
3222
3229
3225
3228
3205
3210
3211
3209
3208
3207
3206
3201
3203
3202
3212
3197
3196
3200
3198
3199
3204
3213
3217
3215
3227
3226
3224
3221
3220
3223
3192
3188
2521
1810
707
349
1166
1025
3932
4450
3933
7130
1112
4392
2581
4510
3928
4509
2039
5312
5443
5313
2648
5595
1674
4707
4704
4705
4706
3588
574
1569
369
907
467
559
1067
1202
1716
7218
5825
4910
5748
1719
6170
3187
2827
1454
2127
2395
3182
1787
1256
1029
2790
444
1405
1047
1541
1147
2322
1693
1207
6186
5892
4368
1271
4012
5818
487
503
4372
504
486
2286
2226
2241
523
488
8091
4435
6311
6019
9374
9375
9376
7641
9377
9378
9379
9380
9381
9382
9383
9384
9385
7639
9386
7637
9387
7632
9388
9389
9390
9391
9392
9393
9394
9395
9396
9397
9398
9373
9372
9371
9357
9346
9347
9348
9349
9350
9351
9401
9353
9354
9355
9356
9358
9370
9359
9360
7638
9361
9362
9363
9364
9365
9366
9367
9368
7634
9369
9399
9400
9417
9402
9443
7642
9432
9433
9430
9434
9435
7645
9436
9431
9438
9439
9440
9442
9441
9450
9446
7646
9447
9449
9451
9448
9445
7647
9444
9437
9429
9428
9403
9404
9405
7633
9406
9407
9408
9409
9410
9411
7651
9412
9413
9414
9415
9416
9418
9419
9420
7650
9421
9422
9423
9424
9344
9425
9426
9427
9345
9352
9343
9338
9257
9258
9259
9260
9261
9255
9263
9264
9265
9266
9267
9268
7631
9269
9270
9271
9272
9273
9274
9275
9276
9277
9278
9279
9280
9281
9256
9282
7635
9254
9252
9235
9234
9236
9237
9238
9239
9240
9241
9253
9243
9244
9245
9246
9247
9248
7636
9249
9242
9250
9251
7640
9262
7643
9283
9313
9285
9316
9317
9318
9319
9320
9321
9322
9323
9324
9325
9326
9327
9329
9342
9330
9331
7644
9332
9333
9334
9335
9336
9337
7648
9284
9339
9340
9341
9315
9328
9314
9298
9286
9287
7649
9288
9289
9290
7628
9291
9292
9293
9294
9295
9296
9297
9299
7629
9312
7630
9300
9301
9302
9303
9304
9305
9306
9307
9308
9309
9310
3246
3245
3247
9311
1871
5325
6907
6908
6909
6910
6149
6150
9159
9158
9157
9156
9155
9154
9153
9152
9113
9151
9150
9149
9148
9147
9146
9145
9114
9112
9111
9104
9103
9102
9108
9109
9110
9168
9174
9160
9161
9162
9163
9164
9165
9166
9169
9171
9143
9130
9131
9105
9140
9173
9139
9138
9137
9136
9135
9134
9133
9132
9129
9141
9128
9126
9125
9124
549
9123
9122
9121
9120
9119
9118
9117
9116
9115
9127
9142
9144
9170
9167
9172
9106
9107
9192
9175
9215
9212
9207
9216
9206
9208
9209
9211
9213
9214
9220
9217
9218
6025
9225
9221
9232
9231
9230
9229
9233
9227
9226
9228
9224
9223
9222
9205
9210
9203
9188
9176
9177
9178
9179
9180
9181
9182
9204
9183
9184
9185
9186
9187
9189
9202
9190
9193
9196
9197
9198
9191
9219
9194
9195
9199
9201
9200
7392
7393
1935
6926
7835
8090
8093
7834
8092
8098
8099
8100
8094
6020
8097
8095
8096
8101
7132
5368
7509
7508
7507
6009
7090
6600
6390
2380
1153
1120
894
6544
6324
6974
4130
327
6968
6242
5742
1019
1134
1609
1179
1709
3243
6494
1790
6255
1146
1125
1126
1127
1128
1124
1129
1123
1130
6851
2616
6216
5918
5718
1882
1360
1371
1372
546
1361
1883
3919
6023
1731
104
113
886
1835
3373
4034
4154
4157
4166
4165
4164
4161
4163
4162
4160
4159
4167
4168
4169
4170
4156
4172
4171
4177
4212
5230
219
466
146
176
157
1020
1886
3486
4101
4181
4183
4193
4194
4191
4192
4190
4187
4195
4186
4185
4184
4189
4188
4182
4197
4196
4211
4221
5255
262
490
116
638
1743
3405
4129
4232
4233
4237
4242
4236
4243
4246
4247
4250
4238
4244
4248
4249
4235
4245
4241
4240
4239
4234
4252
4251
4257
4269
5286
167
437
286
1376
2125
2745
2856
2959
2962
2973
3142
4333
505
831
4399
6065
2572
4573
175
41
130
698
1801
2490
2527
2533
2569
2546
2567
2549
2565
2559
2564
2555
2550
2547
2551
2558
2552
2553
2554
2556
2557
2568
2566
2563
2562
2561
2560
2545
2548
2541
2539
2536
2542
2535
2544
2537
2543
2540
2538
2534
2531
2496
2321
1404
343
76
19
96
338
1549
2570
3298
3308
3324
3335
3340
3314
3347
3334
3322
3348
3349
3345
3342
3341
3325
3336
3333
3327
3328
3337
3331
3323
3321
3320
3319
3318
3317
3316
3315
3326
3338
3344
3343
3346
3339
3332
3330
3329
3306
3299
2576
1818
708
350
6526
5913
2280
6208
6911
9569
9570
9571
5960
600
1922
618
1912
1920
502
611
3310
612
5407
3311
4036
565
522
3855
9547
9548
9549
9550
9551
727
1229
1228
1231
1227
1226
1225
1224
1223
1221
1222
1230
1220
1218
1217
1216
1215
1214
1213
1219
1232
