9919
9494
9551
9552
435
413
574
4093
2941
410
638
5600
5601
5598
5599
3594
416
587
4437
3995
6984
8440
4315
562
1626
1649
4139
415
586
709
710
1777
720
4438
719
5296
348
470
414
618
2794
4361
3911
2842
3337
2861
4362
412
604
2989
2990
6001
411
588
3467
4406
4504
5289
3996
9452
4614
2486
5251
7391
2149
4086
6607
7013
7009
7024
7033
7020
7015
623
210
1095
7027
7029
7032
7041
7030
7031
864
448
1412
6603
7040
7035
7037
7036
427
1076
154
497
6606
7039
7023
7022
7034
7012
7025
7038
7014
7018
7021
5263
7006
8068
8069
8067
8066
7046
5247
337
1053
1054
5823
1939
4194
6604
7026
7019
7016
6044
6902
6789
2681
1046
6924
6923
6926
6927
6925
4255
4257
4348
4256
4126
4258
4349
6136
2603
8091
6292
2214
1789
3125
3464
4305
6293
759
6582
5489
5463
5464
6026
6027
4285
6669
5394
5529
6670
6671
8101
8099
8092
8098
8097
8096
8100
8095
7993
7992
6181
6182
8267
8273
8274
8275
8272
8277
8279
8276
8270
8271
8266
8265
8278
8264
8269
8060
8065
8057
8058
8064
8059
8061
6427
5540
8093
8094
7995
7994
8268
563
8062
8063
5637
6424
6425
6426
6581
1753
4250
2840
9508
9545
3289
2895
2767
4291
6580
6352
7113
336
1228
1213
7028
7007
7008
7010
7011
7017
149
485
5326
6791
4630
6901
637
1494
1485
6605
7521
7522
6790
2287
6900
6609
766
8447
3390
3392
3393
3391
7856
4393
7702
6006
7704
7705
8872
592
9484
9483
9496
9480
9479
88
7811
1673
1968
4623
8393
6522
8104
6302
7065
8367
6523
8105
6303
7064
7737
3347
6912
8943
7869
6913
7870
8942
7874
6565
7873
7872
7866
8944
5475
7871
8940
6730
6959
7867
8941
5523
7734
6782
7732
8333
7735
8331
7742
9668
7729
9669
7736
3362
7003
8949
8948
5681
7875
8947
5987
7880
7879
7876
7421
5288
6744
7422
6056
7878
7877
8946
8945
5381
441
7740
6434
7083
6385
7082
6046
6766
9705
7868
7144
3910
8917
8918
8914
8913
8912
8904
8910
8911
8919
8916
8915
8905
8909
8903
8902
8908
8906
6957
7799
8907
5660
6723
7348
7347
7346
7345
5661
7344
5785
7730
2783
5715
8978
7518
7517
6411
7943
7944
8977
8969
8963
8964
8965
8962
8966
8967
8975
8968
8970
8971
8973
8974
8976
7519
6477
8979
8972
6299
8884
2719
3164
5287
5696
5589
8606
2369
7470
2691
1112
919
920
921
1113
8607
676
674
8605
575
8604
8603
8602
7471
8601
8600
677
675
576
8599
8598
5378
1963
2008
8597
7472
2630
4449
5998
6354
6620
6619
2146
585
2565
821
820
819
8655
8657
8665
8667
8668
691
690
8654
8653
8656
584
8658
8659
8660
7543
8661
8662
1562
1571
204
8663
5506
8664
5423
1980
2069
8666
7542
2346
4468
6007
6369
6630
6629
2158
591
2470
590
8711
828
826
827
8714
7551
8708
7552
694
693
8707
8706
8712
5534
6733
8703
8710
8704
8715
8705
7553
8709
8700
1568
1574
205
8702
6855
5430
2010
2075
8701
7554
8352
3781
9567
9568
9569
9572
9581
9573
9574
9575
9576
9577
9578
9579
9580
6835
6668
8257
8261
3868
9605
8256
8260
5567
8259
8258
6430
9632
9633
9634
9635
9636
9637
9638
9639
8359
5938
7789
9641
7791
9642
6382
9643
7790
9644
6416
8360
7792
9647
7793
8713
7788
5755
9628
8557
8565
8564
8563
1244
4415
5667
5947
5641
3448
7718
4628
7716
7717
7715
5668
3928
2302
4398
4507
5614
6482
5613
6481
2317
5565
5543
7129
7128
2081
7428
7432
7429
8531
8527
8526
7427
7431
7433
8530
7426
378
5975
379
1769
6771
7430
1653
7424
7425
8528
8529
5781
3835
6383
6384
5689
5476
6674
7184
8263
6422
3850
6542
7831
7823
7829
7826
7822
7824
7825
7827
7832
7828
7821
6941
6709
8922
7830
8923
8924
8921
8340
9903
5564
8165
8163
8164
6844
6783
7738
9885
5407
8567
4248
8566
7343
5737
4661
7396
213
8697
8698
8696
8695
7550
8428
9881
6898
7949
7950
9882
7728
6845
5408
8427
6163
8426
9886
8425
8424
5312
8435
7741
9889
6843
9890
1782
3562
6869
5485
5612
7698
5923
8431
7727
7399
7733
4306
7981
6180
7980
4240
5826
5220
6977
7978
7977
6657
6550
7865
7979
7739
4280
5986
4262
6281
4564
6867
7693
7695
6388
6254
7694
5355
7692
7731
5517
7771
7772
7770
5482
4867
6334
6485
6593
5419
6865
5330
4518
6143
4091
3269
7804
6438
8328
2375
2484
6780
1262
8446
8436
4866
7413
7404
9548
7418
5758
5627
7948
8508
5616
1434
9533
2018
2475
7724
1376
8136
7098
7095
8141
7097
6150
8137
8138
8139
7723
7099
486
8140
7094
7096
7100
7102
7101
7725
6614
8134
8143
4654
8142
8882
7722
7726
8878
6897
7720
5536
7719
4505
6236
8203
7947
4506
8204
6854
5773
6896
7721
9493
8880
8873
8881
6769
8877
8876
8135
8883
8879
7423
8874
8875
4615
7414
6711
2438
7801
1803
6406
8283
8160
8161
8162
8034
1876
8036
6276
8004
8033
7998
8037
8926
7673
6437
6759
5924
8038
8024
5515
6972
7392
6955
5698
6228
7663
6983
7666
7671
8030
7700
6142
5250
3908
6943
6499
8023
6564
7397
8021
7188
6970
9520
7680
2476
8000
8001
8928
7669
7127
2662
8002
5297
6086
5673
5318
6439
8003
7672
311
8005
7999
6878
6498
6183
505
8008
7460
5252
7679
7400
5632
5839
8009
5994
7185
8172
6127
6958
6466
4626
7681
7407
8011
6856
6781
6535
6785
7683
7665
8013
6540
8124
7684
7395
8015
7530
6497
8016
8017
8699
7670
7678
6394
6982
6786
6726
6553
8018
7837
8019
8020
6201
2144
8022
7839
7667
6468
7664
6467
7661
6862
5566
7662
4509
7835
8854
8032
5588
465
7951
8039
5875
8927
6879
7676
6777
8031
8438
8029
5722
7696
8028
7682
5860
7838
8027
5867
6569
7093
7412
3844
1884
6928
7836
6518
5972
8026
6954
6275
6801
7555
8025
8007
1883
398
5819
6048
8441
8014
7126
6433
7459
6211
8920
8012
8006
6380
6451
8035
1882
6546
8925
1926
9542
7803
1880
6524
5294
442
478
1183
1261
3937
1118
656
746
811
839
870
872
881
871
875
878
877
885
879
867
840
812
744
655
1121
2813
1149
685
768
860
915
926
935
936
937
938
939
965
940
958
959
961
941
950
949
946
945
944
942
956
927
917
863
770
686
1150
7092
4676
7802
3570
6945
5539
2396
6307
4209
6765
1831
6059
5356
6226
7416
6567
6436
6234
6152
6121
5754
6298
5940
6331
5937
7486
5401
8154
6795
5460
7484
5629
6775
6184
6085
7394
6165
6407
5759
7485
5311
8445
8444
8443
7112
3285
1126
672
756
825
888
896
910
902
901
908
903
904
905
906
907
909
911
897
887
824
755
671
1127
6857
458
2462
4858
6078
3809
8442
4492
7448
6393
4490
7449
6761
8439
6762
6458
9458
6096
7557
7558
406
6760
9447
6566
4128
2382
7812
5713
6336
1015
6043
5507
2821
6291
6460
3901
7990
7989
6891
1857
1326
3863
5308
5382
5769
1875
7800
5514
7042
4021
7808
7410
6910
5991
6882
5665
6537
2694
5921
3924
5376
1660
1791
2293
5984
1881
6513
2292
1888
1671
2215
6770
5437
8317
5392
6335
5590
7988
7987
5233
6273
7986
7985
7984
6710
6981
6979
6978
7982
7991
6980
7983
7660
7659
5404
6734
6405
6552
7186
4553
8376
4386
6672
4528
5226
7813
4567
8730
4405
5602
8374
5245
7450
9495
8555
7157
5719
4900
5266
8584
8583
8582
8581
8580
8585
8579
8578
551
8577
7240
6969
8315
8316
7158
2835
6415
7807
3599
7810
5760
1080
2371
1338
1932
1245
518
2347
5365
6779
6435
7809
5334
5817
737
5677
8373
9492
5703
8254
8255
8253
5706
532
734
2242
7087
8132
7088
8133
8131
7089
7090
4345
5615
615
349
1027
1686
2206
2310
2318
2319
2315
2301
2028
1567
548
196
593
1429
2439
3126
3577
3586
3587
3348
2769
2180
1935
6247
5936
1874
2667
4511
6248
8395
7974
7403
7973
7405
7972
7406
8287
6402
6190
5990
5725
5555
7657
7658
5537
6459
2721
6660
395
6659
9491
8421
3859
9490
8900
9489
7703
5720
8422
5596
8176
8177
9487
9486
8173
8178
8313
8174
8179
8175
5544
5830
7239
8312
7143
2717
21
52
169
1084
1847
2142
2155
2175
2176
2173
2172
2178
2177
2171
2174
2169
2168
2167
2170
2159
2160
2161
2162
2163
2164
2165
2166
2156
2153
2143
2137
2207
3456
6475
8314
5935
8542
8543
6774
8323
6887
6888
7697
6735
9482
8544
8396
5400
8397
5524
7385
8398
9478
8399
5402
8400
8401
5443
8402
6736
9477
9476
4878
7971
9475
9466
6309
7675
5631
8281
8217
7401
9474
8280
9473
8219
8403
8404
9472
2733
6967
2687
9471
8405
9469
8406
9468
7556
5563
7946
6961
2732
3927
7945
7797
7798
7796
6246
5452
580
5277
3999
5278
4682
2485
4683
6838
5321
8218
8407
5757
9560
9525
7398
5756
8558
6613
8559
8560
8561
7457
8562
8408
7198
7806
6174
8866
8869
8858
8870
8860
8862
8863
8864
8865
8867
8868
8861
4100
8859
8871
8409
9485
5743
2079
6357
6937
6938
3787
2682
6939
6940
2487
1560
1240
2680
7
51
121
661
1691
3237
3352
3417
3415
3414
3413
3412
3411
3397
3410
3409
3408
3416
3406
3404
3398
3399
3400
3405
3402
3407
3403
3401
3351
3446
3279
3789
3810
5478
1814
8410
2768
10
59
129
721
1746
3239
3353
3433
3432
3431
3427
3430
3429
3428
3435
3426
3423
3418
3419
3420
3425
3422
3421
3424
3434
3436
3354
3447
3280
3790
3813
5479
8411
9488
8412
3915
198
632
1507
3281
4408
4651
4660
4664
4663
4662
4670
4666
4669
4668
4667
4665
4659
4673
4671
4863
5196
5779
9467
4241
1321
6610
9481
6278
1257
4296
4463
5481
4297
5224
5156
1110
5850
6131
5851
6130
7375
5279
6370
6133
5849
3876
6135
7002
6456
4434
6132
5618
6134
6188
6311
2449
4403
8651
7532
9465
7531
6347
9462
9448
6371
5228
6472
8102
432
6473
8103
431
6091
5753
6350
6186
6351
6431
5812
8413
7411
8282
8286
8414
5255
7881
6936
5900
2740
6161
6162
5934
5941
6098
6764
6763
8415
6395
8416
6496
7060
9445
9444
7139
6991
7419
6946
8855
8417
9443
3578
9449
8901
736
9438
739
8418
9441
9440
8419
9439
8220
9437
9446
9450
9464
5809
2743
5767
7854
6720
7655
626
635
6875
625
636
8847
8846
8845
8848
6874
7855
7656
8849
7677
8394
8392
9453
8378
9454
8368
9455
224
1107
1818
2443
2627
2654
2659
2661
2658
2655
2626
2442
1819
1106
222
372
8369
9459
8370
9460
9463
310
1205
1826
2323
2395
2453
2450
2393
2321
1824
1204
307
421
5522
5749
5899
5282
554
555
1049
7479
5763
7480
1066
2513
16
44
155
1055
1835
2150
2182
2187
2192
2190
2195
2194
2193
2191
2199
2198
2189
2183
2188
2184
2186
2203
2200
2196
2197
2185
2205
2201
2202
2204
2181
2179
2151
2148
2213
3466
8371
7902
9499
9531
8372
5628
2599
2668
1042
5630
1328
455
568
527
526
567
454
1327
796
4160
6252
4445
4464
1790
4164
6251
3275
1457
6271
7162
7161
7160
5415
7805
7952
6655
7409
8285
8284
7487
4679
5898
6129
5160
7159
8481
9537
7408
8480
7420
6403
8492
5466
6554
6325
6934
6933
6935
5752
7520
8375
5363
7437
239
8547
8546
8545
7165
5508
8221
4892
8377
5626
1379
6231
6545
6230
4571
2345
1802
4447
6232
5709
6827
6828
6301
6749
8379
6187
813
4381
4380
4379
707
1026
708
4263
765
743
6440
2595
4382
8303
8301
8304
8305
8309
8311
8302
8310
8308
8307
8306
4000
2211
2210
5328
5472
1092
5329
6009
5546
6324
742
5548
5549
6321
6322
6846
4698
5432
6420
6652
5789
6323
3453
7387
7386
5837
7389
7388
6377
6743
5690
7296
6090
5611
5547
1665
6976
4302
8380
9500
191
6778
1016
2262
2290
2261
9501
8010
6222
8381
9515
9516
4165
4247
6572
5343
4426
6571
1755
2009
4261
4260
5765
5286
8525
8524
8522
8523
8518
8519
8520
8521
5153
8106
5561
6794
6716
4290
5377
2752
8954
7893
8955
8950
7140
7894
7895
8958
6729
6956
8953
7369
7045
6073
9562
8952
8951
8956
7892
8957
8961
8960
7891
7890
8320
5574
4424
6932
8959
8382
5939
9802
8383
8215
8384
7163
9798
9797
8385
7390
7187
8386
6568
9794
2844
1302
1296
1306
1305
1307
1303
1304
1301
1308
1298
1299
1300
1297
7668
6432
8210
8327
8326
8211
7711
6742
6653
5868
8209
2956
1595
5702
5621
5784
4687
8387
5783
4341
6029
8388
4342
8389
5841
3914
6948
7852
8937
6952
8936
8939
6951
6949
8935
8934
6985
8933
8932
7851
7853
6950
5915
8931
8938
8929
8930
9808
8390
6185
7376
9826
9038
8420
8885
8366
5395
8429
8207
9821
9820
9819
9818
8423
8437
5227
2558
202
261
2988
1497
2280
2234
1446
5859
2281
2559
2791
2607
634
3817
7393
8434
561
8206
8205
8056
8433
5307
5989
7975
6975
9786
8432
5203
9785
9783
9759
9758
7674
6358
6611
9757
9756
733
9755
9754
72
4244
3387
3388
3386
3389
6884
4304
7686
4436
9753
6233
7151
7150
7152
7687
8856
5538
6166
2208
5570
9752
9760
3918
3917
4370
0
4457
1006
1925
2014
4350
2296
5457
5456
7858
7859
5605
4472
4184
6929
7864
7861
4351
2295
5454
5455
7863
7857
5604
4471
4183
6930
7862
7860
6151
1495
8889
7452
606
607
8888
8152
6277
7451
7769
7106
5796
6617
7453
7454
6616
367
286
763
5581
5970
3900
7107
6051
5350
112
7108
6052
7199
6075
5357
4193
1944
8288
5542
8289
5333
1219
463
7109
8153
1443
1145
6618
7111
608
8887
5504
2935
2936
610
2781
717
716
609
8886
8890
5932
2232
9025
9024
190
189
9033
9026
9027
472
1237
9029
750
749
7970
5925
627
628
9030
9031
9032
9034
9037
9018
9028
9036
9035
483
482
433
630
629
9023
9022
1057
1056
539
9019
9020
9021
5930
2313
8478
7382
7379
7380
8477
8476
8475
7381
6412
8474
6756
8473
8479
6755
8472
8471
1384
8470
5562
5933
2713
8464
7374
7373
7372
7371
7370
8465
6583
8469
8466
8467
8468
8462
36
8463
7206
4099
8130
8125
8126
8127
8128
6030
6288
5824
7086
8129
7203
4364
8147
8151
8146
8148
6042
8149
8150
6128
1709
4392
598
282
1878
1363
1375
1377
1372
1349
1877
1380
1373
1378
1364
1381
1348
599
8850
8851
8292
8294
5295
7469
8852
7218
6238
8293
274
748
5532
5872
3268
7217
6237
5358
114
7216
6239
6240
252
5271
1242
1422
1486
1528
1530
1543
1540
1539
1542
1544
1541
1535
1546
1527
1555
1520
2276
4095
597
596
6826
7533
132
194
7214
7215
8291
595
5518
2803
2804
594
2481
1226
1215
1239
600
8853
6140
5931
4340
5530
2381
5894
5897
5896
5895
5531
2334
5978
5979
5980
5976
5977
4092
1945
7110
1915
6615
1214
7350
7351
7352
7353
7356
7359
7361
7362
7363
7364
7349
7365
7358
7357
7355
7354
7360
5795
6724
7366
5576
6650
7177
7176
7179
7180
5575
7178
5732
7204
2308
5571
8897
6788
7491
6408
6539
7786
6410
7787
6409
4391
63
122
322
1270
2021
2745
2772
2787
2784
2773
2792
2757
2954
3162
5359
4206
47
107
247
1194
1953
2775
2828
2852
2853
2851
2854
2849
2829
2866
2801
3244
3292
5385
3856
27
83
178
1067
1864
2863
2974
3148
3147
3146
3145
3144
3143
3133
3152
3135
3130
2976
3172
2897
3450
3472
5434
4123
38
102
214
1153
1908
2796
2856
2877
2858
2894
2820
3278
3355
5398
5409
3234
3572
3233
5410
2739
9
58
128
718
1726
3231
3341
3371
3365
3381
3380
3379
3383
3378
3377
3376
3375
3374
3382
3372
3373
3370
3369
3368
3367
3366
3340
3442
3272
3784
3801
5474
4122
40
103
228
1176
1931
2797
2860
2884
2885
2883
2882
2881
2880
2855
2893
2819
3276
3357
5397
3855
25
82
176
1069
1865
2865
2975
3129
3150
3151
3154
3155
3156
3157
3158
3153
3142
2973
3173
2899
3449
3471
5435
3934
30
87
187
1086
1898
2825
2778
2799
2504
2445
1856
2446
2503
2800
2795
2901
2972
2862
3359
3452
5422
3524
22
79
161
1031
1833
2937
3167
3219
3220
3221
3222
3223
3224
3225
3226
3227
3228
3230
3229
3166
3242
2961
3468
3571
5444
4207
46
108
246
1193
1952
2776
2827
2846
2847
2848
2850
2845
2826
2867
2802
3243
3291
5386
3857
26
84
177
1068
1863
2864
2978
3139
3141
3132
3131
3140
3149
3134
3136
3137
3138
2977
3171
2898
3451
3470
5433
4023
35
94
207
1138
1913
2811
2874
2915
2914
2913
2912
2911
2904
2903
2873
2942
2838
3335
3437
5411
4124
39
104
227
1177
1930
2798
2857
2889
2878
2886
2887
2888
2879
2859
2892
2818
3277
3356
5396
4024
34
95
206
1139
1912
2812
2876
2910
2909
2908
2907
2906
2902
2905
2875
2943
2837
3336
3438
5412
4390
64
123
321
1271
2020
2746
2771
2786
2785
2774
2793
2756
2955
3163
5360
8171
5714
6423
8899
8898
6253
8290
6861
2488
4287
5352
6270
5828
8537
2352
7436
134
2674
1100
893
894
895
1099
8532
659
660
8534
572
8535
8533
8540
7435
8541
8539
657
658
571
8536
6772
5361
1949
1965
8538
7434
6097
8430
1948
4638
5782
6575
6627
6628
2065
5735
7051
7052
2511
776
775
774
8454
8456
8461
8460
8457
7768
665
664
6751
8459
7767
8455
573
8453
8452
8451
7368
8450
8458
1519
1529
199
6750
5428
8449
5354
1950
1966
8448
7367
6144
6478
1920
4697
5811
6631
6721
6722
2104
5764
7084
7085
2448
578
8614
799
798
797
8613
7483
8611
7482
6194
7795
679
680
6804
8608
7794
8609
5520
6621
8615
8616
8617
8618
8610
5619
8619
8612
1533
1547
200
6803
6802
5380
1961
1983
8620
7481
6195
8339
2567
230
2388
1633
1638
1640
1639
1637
1636
1641
1629
1646
1621
1615
1652
1614
2387
1651
1620
1645
1630
1632
1634
1635
256
2091
1472
1465
1482
1459
1489
1452
2089
1449
1488
1460
1483
1467
1473
1476
1479
234
2357
1603
1604
1607
1610
1602
1609
1597
1613
1586
1622
1582
1583
2356
1623
1587
1612
1598
1605
1608
1606
276
1941
1417
1400
1426
1395
1940
1393
1423
1401
1420
1411
1416
1413
1408
329
1759
1761
1253
1285
1264
1277
1280
1267
1283
1251
305
1849
1358
1329
1848
1330
1359
1344
1354
1351
1350
1355
1343
257
2090
1478
1466
1484
1461
1490
1451
2092
1450
1487
1458
1481
1468
1475
1474
1477
209
2711
1731
1735
1733
1734
1745
1738
1740
1741
1736
1737
1719
1743
1742
1739
1724
1748
1712
1766
1720
2710
1765
1711
1747
1723
1732
1730
1744
327
1757
1760
1248
1284
1265
1276
1275
1268
1281
1250
376
1564
1124
1169
1142
1170
1123
1565
328
1758
1762
1249
1286
1263
1278
1279
1266
1282
1252
6890
275
1943
1419
1403
1425
1396
1942
1394
1424
1402
1418
1410
1415
1414
1409
6486
6561
6987
6986
2458
6889
6396
6727
6728
5869
8047
5519
8046
8045
2489
1601
9918
9875
9873
9849
9848
9847
9846
6851
4441
6870
5913
6578
6871
5912
6081
5992
4274
6080
6872
5911
6079
5993
4127
5816
7535
2355
6082
7534
5405
6754
6753
6752
1650
814
4508
5243
5242
5241
5244
481
5946
5944
5943
3444
4675
6584
5384
4885
2709
7141
7142
6386
4444
445
370
7438
7439
5740
6818
6811
6816
6810
6805
6807
5985
6806
6808
6809
6812
6813
6814
6815
6820
6164
6821
6822
6823
6819
6817
4501
2979
1812
2678
5800
2963
4484
6049
5798
4279
5909
4102
1964
5945
5470
5488
7059
7058
1698
3860
32
91
195
1101
1900
2839
2939
2966
2967
2968
2969
2964
2970
2971
2965
2938
3121
2869
3395
3459
5424
4399
78
135
361
1347
2099
2738
2754
2753
2766
2744
2870
2950
5342
5264
643
1445
2251
4096
4394
4469
4503
4541
5686
8214
8212
8298
8299
8300
5347
802
1538
2305
4117
4389
4482
4526
5674
5348
803
1536
2304
4119
4388
4483
4527
5676
5346
801
1537
2303
4118
4387
4481
4525
5675
8295
4084
279
922
1663
3785
4407
4562
4569
4575
4578
4576
4577
4574
4570
4601
4580
4641
4881
5746
342
9838
4502
343
641
8213
5852
4282
356
1078
1781
3907
4409
4535
4539
4544
4543
4540
4551
4545
4604
4680
5731
477
7219
6715
8296
8297
7763
5711
4259
6824
6356
6058
5678
4500
6210
5617
6510
8569
8571
8568
8570
8576
8572
8573
8574
4372
558
557
8575
5608
8362
3270
5788
7780
6066
7785
6068
2495
106
323
1071
2363
4308
5146
5158
5187
5186
5185
5184
5183
5182
5181
5180
5191
5190
5166
5167
5164
5165
5168
5188
5170
5189
5176
5175
5172
5171
5169
5173
5174
5177
5178
5179
5157
5194
5192
5229
5269
5833
7783
6069
7777
6070
7779
6064
3854
197
624
1504
3273
4402
4629
4639
4642
4643
4644
4645
4646
4647
4648
4649
4650
4640
4657
4652
4696
5161
5772
4120
281
923
1664
3786
4411
4568
4603
4610
4609
4608
4607
4606
4602
4613
4611
4658
4886
5750
7781
6065
7784
6067
7782
6071
6915
6658
8891
7778
8894
8892
8893
5847
5845
5844
5843
4523
5842
5366
8823
6853
5687
4346
6120
5471
6373
6372
4487
4486
1470
5391
2751
6057
5293
2365
7071
7069
7068
7067
7070
7208
6138
8346
4410
8198
469
8199
6992
5699
2780
6333
96
8123
8122
5741
8121
3458
6376
7181
5425
6087
6863
6864
6387
7200
1174
6083
2022
5974
6285
4688
6886
6283
6282
6284
6850
4215
6758
7442
7447
428
7445
7441
7443
7446
7440
7444
5840
1657
1462
5865
5864
5863
5861
5862
5866
6084
2703
2026
4850
57
11
430
184
509
407
474
2349
7201
5275
7509
7510
7511
1195
7202
3235
7707
5988
7706
4211
5734
4536
6876
7708
7709
6534
6469
7701
7710
7207
1889
4552
1936
1672
3361
6191
6506
6505
5716
1155
1061
614
1836
6504
3912
6503
7205
2868
7104
7105
8836
8837
8838
8834
8835
8843
8842
3929
8841
8840
8839
8844
8833
8832
8831
8830
8829
8828
8827
5956
7649
4121
3994
5483
6858
7648
7646
6308
5259
7773
7774
7776
7775
6859
7650
7647
5193
1576
2501
1044
4627
925
4517
9872
1557
523
649
4461
2328
5971
8330
1780
5513
366
290
1596
8334
738
8335
8336
101
8337
4450
9866
7402
9865
4131
3445
8517
8509
8510
8516
8511
8512
8513
8514
8515
6971
4271
8818
7654
8814
8813
8812
2686
8820
8806
8807
8821
6868
8809
8810
8822
8819
8808
8811
8817
8816
8815
8250
8249
8248
8251
8245
8244
8246
7174
3905
8247
8252
7478
4417
7473
7474
7475
7476
7477
7896
7897
7898
7901
7900
4272
7899
8550
8554
8551
8552
8553
4015
8549
8548
8671
8669
8673
4216
8672
8675
8670
8674
7765
8208
3531
2823
1085
5306
8318
9611
8262
4631
5999
8319
7242
1059
1808
7061
7464
1216
7846
6917
6918
7843
6922
5853
304
7844
7849
7840
7461
1685
5393
2480
2562
487
7841
6525
6921
6920
6919
6916
7465
4404
390
389
388
387
7847
7848
4530
7845
8595
7468
7466
8596
6792
7467
1959
7462
4488
6156
8144
7764
4489
8145
6719
5717
6793
7463
5708
2283
8593
8592
8591
1905
8590
8589
7842
8588
8594
6947
8587
8586
355
5403
7417
4360
1820
4460
538
6563
4309
3559
6305
6931
6514
6306
6517
7914
6171
1523
7940
4516
5487
7938
6480
7928
6169
4420
2663
7926
6242
1855
1491
1431
1103
7934
5406
7931
6479
2362
1584
2982
6159
1727
5712
5664
7501
5905
5336
7500
5902
7498
6204
7935
5290
9615
2348
727
1821
5967
3843
7936
5710
6199
4314
7925
5919
5685
9626
7504
232
7939
5888
7917
6241
7494
5903
6516
5521
2278
9627
7915
5887
1140
556
4686
5285
5284
298
1600
1109
1269
1019
7916
6172
7503
6202
6023
5462
7903
5878
7923
6170
6834
4300
1914
420
7941
5877
7149
1918
5265
2224
1039
4429
408
159
7905
4203
5374
7145
5139
7182
4246
4633
4635
4634
6944
6244
6221
4385
5431
1710
5236
6417
5669
6418
5801
1447
1021
1200
4416
4303
1573
2358
1217
1456
5744
6145
314
1929
1201
7911
5556
434
2007
1289
3845
1503
7499
5904
7502
6203
7924
2770
5707
5623
4201
7933
5364
6452
7927
5879
7929
5787
7505
7492
2252
5339
5258
1008
5222
7930
5436
7190
7189
7913
5882
7919
5884
2331
1521
1728
7904
5727
7493
2727
7495
2726
4533
2666
2684
5545
6543
6544
1233
668
8632
7906
2730
340
6520
7909
5881
2235
1526
1045
2779
1852
7907
5770
7921
2351
5973
7912
7497
2255
5929
7920
6168
2350
1220
4397
1677
1225
1843
4339
1616
1374
5926
5622
7918
6173
1756
560
5701
4198
7922
5883
7910
1081
292
1599
1897
1654
1096
1515
1556
1173
1108
473
823
375
4636
1895
124
380
1191
2566
4298
4563
4573
4598
4594
4600
4587
4589
4586
4585
4584
4588
4581
4582
4583
4599
4591
4590
4592
4593
4595
4596
4597
4572
4605
4579
4653
4877
5751
7908
6515
4376
7066
5889
7148
4202
4632
7942
5886
7937
5880
4432
1923
3797
6745
203
1043
1455
1845
7932
5885
1837
4515
2082
1706
1572
9646
4452
841
6404
2107
401
383
1073
1111
3938
1119
654
747
810
838
869
884
883
882
873
874
876
880
886
868
837
809
745
653
1120
2814
1148
687
769
861
914
929
933
932
943
957
951
966
962
954
947
948
952
953
955
964
967
963
960
934
928
916
862
771
688
1151
6968
1842
4456
971
4425
1370
429
2500
1235
7135
7137
7131
7138
7136
7130
7132
7133
7134
1969
303
1828
581
1585
1230
2286
1661
1862
1246
1444
1208
1868
1454
4637
1846
5791
3267
7220
4243
1754
5793
3798
4612
2473
2706
1675
5335
4200
2029
5792
2698
4522
2761
4521
2760
4520
2759
6673
2335
1090
620
701
753
772
782
788
789
794
795
787
786
793
791
792
785
790
781
773
754
702
619
1089
6632
2437
14
333
374
9570
1688
1136
751
476
5261
4448
2940
5262
4618
1682
4619
4414
1779
4366
5777
5778
346
4620
1899
1578
468
1851
4462
1581
1141
67
3846
4288
1518
5445
5670
1774
5490
5491
3346
289
447
1642
1906
2269
4352
1243
4453
2237
6055
2058
4458
2368
3345
4442
5526
2651
5679
1624
4208
1421
2330
583
818
2084
5248
1154
5586
1175
1102
1075
1189
5745
2672
7699
4094
5125
2704
5495
5492
2111
4565
5498
5493
5499
4359
5337
5340
5338
5496
5494
5341
5497
6625
6622
3159
6295
5317
5221
6368
2337
2685
1692
5291
2145
5225
6139
1430
8556
4109
5214
1093
663
5399
4427
5557
4316
1480
1463
2718
7642
7645
7641
7643
7644
7640
7639
7638
490
7637
5835
5477
6123
6122
4317
1310
1382
2316
4451
1369
9565
4459
1399
6390
6389
6392
6391
3293
1232
1352
829
1696
732
369
182
110
1335
5204
1146
4454
1315
192
741
475
8345
7001
9563
5762
2277
8089
2605
6549
8088
5238
6286
5736
7044
8087
5610
4513
4347
450
740
1563
6560
4616
6994
220
62
241
1293
2491
3460
3726
3730
3774
3775
3776
3778
3779
3777
3772
3770
3733
3744
3748
3732
3747
3746
3745
3743
3742
3741
3740
3739
3738
3737
3736
3735
3734
3749
3771
3751
3750
3769
3768
3767
3766
3765
3764
3763
3762
3761
3760
3759
3758
3773
3757
3756
3755
3754
3753
3752
3731
3725
3461
2492
1294
242
61
6993
6995
231
70
271
1340
2498
3338
3473
3480
3488
3500
3491
3484
3492
3493
3494
3495
3496
3497
3498
3499
3512
3501
3502
3503
3504
3505
3506
3507
3508
3509
3510
3490
3511
3489
3486
3482
3481
3483
3485
3487
3513
3515
3517
3518
3519
3520
3521
3522
3523
3516
3514
3479
3474
3339
2497
1339
270
71
240
74
295
1366
2516
3349
3530
3535
3547
3556
3555
3551
3546
3544
3548
3554
3543
3542
3541
3540
3539
3545
3538
3537
3536
3534
3532
3558
3565
3582
4343
4344
3583
3566
3557
3560
3563
3580
3867
4312
287
4311
3866
3581
3564
3561
3553
3552
3550
3549
3533
3529
3350
2517
1365
294
75
1970
1910
9602
353
179
516
1320
1655
1704
1713
1714
1707
1689
1549
1079
301
165
507
1337
2265
2683
2748
2750
2749
2708
2460
1778
1524
2244
1224
144
464
1295
2560
4088
4310
4319
4326
4323
4324
4335
4325
4327
4328
4329
4330
4331
4332
4333
4334
4320
4337
4322
4353
4378
5525
2243
1580
345
1060
1668
2715
3862
4003
4008
4009
4011
4005
4085
4101
5304
7691
2298
1157
699
777
890
930
969
979
978
977
976
974
975
980
972
981
994
983
982
999
1005
1004
1002
1001
1000
998
1003
996
995
997
993
992
989
988
987
986
984
973
985
990
991
970
931
889
778
700
1156
7689
2635
1115
647
728
783
833
843
844
845
857
846
847
848
849
850
858
851
859
852
853
854
855
856
842
832
784
729
648
1114
7690
1813
2459
6313
6312
6314
6315
6316
4674
2291
1510
704
1767
6099
6623
6624
1958
4557
689
3853
2299
1440
3852
5195
8329
639
9600
8652
9599
7685
2712
5223
1453
9598
9597
9596
9595
5320
5856
9603
7712
5855
8216
8348
5854
4413
291
6877
7713
8349
2024
23
56
173
1087
1810
2023
2076
2217
2376
4103
277
4104
2377
2216
2077
2060
2055
2054
2053
2052
2051
2050
2048
2047
2057
2056
2049
2046
2032
2019
2015
2064
2980
5729
7714
4089
7050
6528
7049
6287
7062
6089
6088
6988
6294
6274
125
7048
5822
2815
1007
293
4524
4097
1681
1589
1291
1591
1083
5846
1590
1313
1331
1588
1683
1292
6847
1469
569
9590
9589
5831
1116
393
400
399
9588
9587
8350
1911
5280
1947
5468
2790
5697
6154
5467
6153
2789
5858
5857
6155
1062
6198
1023
9585
9648
6908
117
5527
4368
6526
3439
6841
6414
1890
2147
6842
7238
7236
7237
5848
650
163
1553
1436
6249
1575
5324
5322
5323
9649
171
4856
4853
4852
4851
4857
4854
4855
1516
266
1937
1938
1928
898
4356
264
265
6024
508
2087
2830
1662
5799
1784
7175
6074
2900
6799
5349
6798
6800
6797
6401
6796
612
1361
394
73
8726
8727
8716
8725
8724
8728
8723
8721
8720
8719
8718
8717
3788
8722
8729
6852
6137
6167
1552
253
2707
5874
4431
5231
1041
1013
5232
5230
1018
5873
65
13
2507
193
85
251
913
1783
2311
2564
2572
2581
2578
2593
2591
2584
2583
2580
2579
2585
2577
2574
2576
2573
2575
2582
2586
2589
2588
2592
2587
2590
2571
2594
2570
2602
2609
4239
53
8351
2228
8
55
127
706
1695
2816
2890
2931
2929
2927
2920
2919
2928
2917
2925
2923
2921
2918
2926
2916
2930
2934
2933
2932
2922
2924
2891
2947
2831
3344
3385
5421
8364
2606
6
49
120
651
1684
2953
3218
3252
3253
3245
3250
3249
3262
3261
3254
3255
3256
3257
3258
3259
3246
3247
3248
3251
3260
3264
3263
3265
3217
3274
2991
3568
3576
5451
8353
3236
565
330
1231
1972
2836
3584
3816
3820
3821
3829
3825
3822
3823
3824
3828
3826
3827
3819
3831
3818
3841
3864
4493
8824
243
158
4192
1387
2700
725
1502
2832
3465
2479
1667
2962
2728
315
4133
4265
4134
4270
1946
1561
2325
4269
4132
1531
4268
1954
1705
1317
4267
1428
4266
2670
4016
5810
233
320
4689
4497
1749
4496
1432
1065
542
543
544
545
546
547
8826
444
362
3174
5761
2312
17
45
160
1064
1830
2100
2113
2118
2124
2121
2135
2122
2123
2134
2127
2119
2129
2126
2120
2133
2117
2132
2115
2131
2125
2130
2116
2136
2128
2114
2109
2101
2094
2152
3364
4289
6095
2677
48
81
263
1223
1853
2016
2034
2042
2041
2040
2044
2038
2039
2043
2035
2036
2037
2033
2027
2017
2013
2061
2952
368
262
683
831
6361
6367
6360
6359
6366
6363
6364
6365
6362
684
566
1198
8354
3913
4004
4868
5298
1222
326
2272
2253
582
258
1644
1368
1643
678
603
1885
2088
2229
1334
2230
1322
1924
1323
2141
259
157
351
7079
7080
1770
4295
1785
6297
3858
2697
2705
4529
7076
1070
7078
6885
6576
498
7077
4439
5724
6592
5910
5541
4446
5281
6591
5997
7455
6590
6332
4018
8040
5726
5836
5640
6589
8041
8044
8042
8043
4473
7456
5996
4656
7081
621
5201
1022
9704
5500
6883
6577
6573
1690
1274
6022
6020
6021
5776
5303
6290
1040
1834
7055
7054
7053
7057
6289
1859
1978
6400
6574
7056
7496
391
8355
6997
8356
6996
8357
9700
221
1104
1817
2441
2624
2652
2656
2660
2657
2653
2625
2440
1816
1105
223
371
8358
6998
8361
6999
9697
308
1203
1823
2320
2392
2451
2452
2394
2322
1825
1206
309
422
1029
373
66
601
1404
249
250
1143
425
4157
6462
2390
4156
1196
338
1406
15
42
153
1038
1788
1976
1981
2005
1984
1985
1992
1991
1990
1989
1987
1996
1997
1986
1988
1993
1994
1995
2006
1998
1999
2000
2001
2002
2003
2004
1982
1979
1977
1974
2011
2833
6909
4681
9716
9717
3569
1625
2078
2103
762
2383
1255
424
521
488
489
520
423
1256
535
2695
5820
2945
3865
1548
8052
8055
8054
8048
8051
8053
8050
8049
2457
5821
1035
54
4163
6100
6101
6102
1894
4455
6519
4480
6873
9729
7888
9728
7889
8347
2763
1505
6508
6507
7976
4534
5766
4510
5825
5981
9726
4212
4313
6784
5768
6094
2080
6942
5587
5982
5747
4286
6906
6903
4090
6476
6904
3592
4494
6905
6474
4354
6000
5459
6320
219
5666
6206
4218
5908
6031
8680
8681
8682
8687
8684
8685
8686
8694
8688
8689
8690
8678
8691
8692
8693
8679
8683
8677
8676
2762
5272
6989
4887
8155
7047
6551
5603
2239
2805
9724
9723
9722
9721
7758
7755
7761
7762
7759
7760
7756
7754
185
7757
6212
5584
4882
6533
6532
8156
6025
4396
7156
3585
968
283
899
1955
1962
1956
1513
1011
1077
1360
1957
1209
4883
4884
3394
6509
4299
9719
8363
5484
350
2822
2665
4186
4187
4185
4188
2692
4422
4421
4423
325
377
324
2326
331
332
1680
215
2808
7747
7745
7750
7749
7744
7752
7746
7743
7748
7751
7753
1773
1693
6683
201
2231
4375
536
1725
4371
4548
4476
6682
6685
6681
6678
6679
6680
6684
6686
6697
6688
6705
6704
6703
6702
6701
6700
6699
6698
6696
6694
6690
6707
6706
6687
6689
6691
6692
6693
6695
341
4549
4550
4479
4477
6189
5528
2300
2563
9693
5372
4677
4283
4478
1792
519
2275
5658
5657
5656
5653
5652
5651
5644
2086
5654
5655
5650
5649
5648
5643
5659
5647
5645
119
5646
491
5369
5371
5368
4014
5370
5260
2274
456
2758
2871
2872
5512
714
6256
6260
6262
6268
6259
6267
6255
6269
6265
6264
6263
5591
6258
6257
6261
5983
5212
6266
5680
2233
4374
6579
1182
5803
5804
5805
5807
5806
2664
4547
1383
4695
1032
8332
6562
6349
69
6483
1010
2222
2245
2221
6848
3238
1517
3384
3794
5663
3795
1332
396
1593
1647
1656
1592
133
115
1050
1051
1973
1927
6601
6600
6595
6596
6594
6599
6597
6598
1922
4837
1094
711
4357
236
7196
7194
2257
7195
7197
7193
7192
1699
1648
1933
1666
8224
7169
6223
8223
8222
7005
7170
6224
7172
5917
8232
5607
6076
6649
8225
6787
3997
4137
1392
5832
3579
2294
8231
8230
8226
7173
5918
8233
8228
8227
7171
6225
7168
5916
8070
1752
1210
2074
8229
8344
5246
8090
6773
6541
9672
8338
7164
6512
4895
9692
8825
6243
4893
5786
4281
2268
493
8341
1190
1160
1165
1164
4264
1163
3811
1179
6849
6718
1162
1161
1166
1159
1181
1180
1158
1187
4336
2270
7153
5927
5928
7155
6093
5550
6319
4888
7154
1221
316
2157
2227
2249
1879
1570
8342
2248
2490
2267
8343
1501
6318
830
2223
6831
7489
8621
6830
8629
8631
6829
6833
8628
8627
6661
8626
8625
7490
7488
6832
5700
8624
8623
8630
8622
3815
4365
1202
4542
1870
6378
6072
335
3834
6379
8857
5682
3463
419
212
8391
7000
6741
4115
4116
9687
9686
4114
1631
2469
3931
418
667
2031
147
235
2238
1186
1722
1238
767
5633
1721
2030
2218
1891
417
2288
2071
6667
118
6740
5367
6739
6767
4199
1033
2378
4512
4400
6586
6200
8365
1427
9684
9683
9682
9681
6348
2456
4273
9680
9679
9678
9677
613
5480
9676
9675
9674
9561
9807
9685
9688
9689
9690
9691
9673
9671
9660
9652
9653
9654
9655
9656
9657
9658
9659
9661
9670
9662
9663
9664
9665
9666
9667
9695
9738
9696
9720
9725
9727
9730
9731
9732
9733
9734
9735
9736
9737
9718
9698
9699
9701
9702
9703
9706
9715
9707
9708
9709
9710
9711
9712
9713
9714
9651
9586
9591
9592
9594
9601
9584
9593
9583
9571
9564
9566
9582
9604
9606
9629
9630
9631
9640
9645
9607
9608
9609
9610
9612
9613
9614
9616
9625
9617
9618
9619
9620
9621
9622
9623
9624
9694
9739
9740
9741
9854
9855
9856
9857
9858
9859
9860
9861
9862
9863
9864
9867
9868
9869
9870
9871
9853
9852
9851
9840
9832
9833
9834
9835
9836
9837
9839
9841
9850
9842
9843
9844
9845
9876
9899
9900
9901
9902
9904
9905
9906
9907
9908
9909
9910
9911
9912
9913
9914
9915
9916
9917
9898
9897
9896
9877
9878
9879
9880
9883
9884
9895
9887
9888
9891
9892
9893
9894
9831
9874
9830
9784
9764
9765
9766
9767
9768
9769
9770
9771
9772
9773
9774
9775
9776
9777
9778
9779
9780
9781
9782
9763
9762
9761
9750
9742
9743
9744
9745
9746
9747
9748
9749
9751
9828
9809
9810
9811
9812
9813
9814
9815
9816
9817
9822
9823
9824
9825
9827
9806
9795
9787
9788
9789
9790
9791
9792
9793
9796
9805
9799
9800
9801
9803
9804
9829
9498
9514
9513
9512
9511
9510
9509
9507
9506
9505
9504
9503
9502
9527
9528
9529
9530
9558
9557
9556
9555
9554
9553
9550
9549
9547
9546
9559
9541
9540
9539
9538
9536
9535
9534
9532
9544
9497
9470
9461
9442
9451
29
6651
6397
6399
1508
5332
5829
6398
5453
164
359
2671
1776
9457
9456
805
806
6725
5427
804
5450
6077
808
312
7834
7248
6717
7247
8167
8168
8169
8166
8170
7246
183
7243
7245
7244
6330
807
7833
7249
6338
3906
5417
1787
5579
5198
5130
5115
5110
4903
5065
5066
5067
5068
5069
5070
5076
5077
5079
5087
5080
5081
5082
5083
5085
5086
5091
5084
5064
5078
5062
5063
5047
5035
5036
5037
5038
5041
5042
5043
5044
5045
5046
5048
5061
5049
5050
5051
5052
5058
5060
5096
5107
5124
5141
5215
4617
4625
5249
4558
5211
5138
5123
5101
5092
5059
5057
5056
5055
5054
5053
5040
5039
5090
5089
5088
5074
5073
5072
5071
5034
5075
5032
4934
4935
4936
4937
4938
5113
5127
5149
5234
5446
297
5447
5235
5150
5126
5114
4939
4940
4941
4942
4943
4944
5100
5111
5128
5147
5240
4465
5239
5148
5129
5112
5099
4945
4946
5098
5105
5122
5133
5205
4556
5210
5151
5202
5580
5578
5199
5132
5116
5108
4902
4947
4948
4949
4950
4951
5033
4952
4953
4954
4955
4956
4957
4958
4959
4960
4932
4962
4933
4963
4931
4921
4914
4913
4912
4916
4910
4909
4915
4907
4906
4905
4904
4911
5095
5104
5118
5137
5206
4554
5207
5135
5119
5102
5093
4930
4918
4919
4920
4917
4922
4923
4924
4925
4926
4927
4928
4929
4961
4964
4998
4966
5001
4965
5002
5003
5004
5005
5097
5106
5120
5136
5208
4555
5209
5134
5121
5103
5094
5006
5007
5008
5009
5010
5011
5012
5013
5014
5016
5031
5017
5018
5019
5020
5021
5022
5023
5024
5025
5026
5027
5028
5029
5030
5000
4908
5015
4999
4981
4967
4968
4969
4970
4971
4972
4973
4974
4975
4976
4977
4978
4979
4980
4982
4997
4983
4984
4985
4986
4987
4988
4989
4990
4991
4992
4993
4994
4995
4996
4901
5109
5117
5131
5200
5577
696
698
695
697
5418
1809
5554
4899
4870
4844
4842
4699
4763
4764
4765
4766
4767
4768
4769
4770
4771
4772
4773
4774
4775
4776
4777
4778
4779
4780
4781
4782
4783
4784
4785
4786
4787
4788
4789
4794
4790
4791
4762
4792
4761
4759
4730
4731
4732
4733
4734
4735
4736
4737
4738
4739
4740
4741
4742
4743
4744
4745
4746
4747
4748
4749
4750
4752
4753
4754
4755
4756
4757
4758
4760
4793
4800
4828
4830
4831
4832
4827
4826
4829
4833
4701
4841
4846
4872
4898
5552
5559
5197
5560
5551
4897
4869
4849
4848
4859
4875
5145
4531
5142
4874
4860
4839
4836
4799
4795
4801
4802
4804
4805
4806
4807
4808
4809
4810
4811
4812
4813
4728
4814
4815
4816
4817
4818
4819
4820
4821
4822
4823
4825
4803
4798
4797
4796
4824
4729
4751
4707
4708
4724
4704
4703
4723
4705
4706
4717
4702
4726
4721
4720
4719
4718
4715
4714
4712
4711
4709
4722
4725
4835
4840
4864
4879
5155
4561
4560
5154
4880
4865
4847
4862
4876
5144
4532
5143
4873
4861
4838
4834
4727
4710
4713
4716
4700
4843
4845
4871
4896
5553
8896
8895
730
726
60
731
5739
5301
6746
6747
6748
299
6197
1708
6038
6036
6033
6035
6032
6037
6040
6041
6039
6034
6028
2676
4276
2675
506
6353
2068
8764
8766
8750
8747
8746
8745
8744
8743
8742
7565
7566
7563
7562
7581
7579
7560
7567
1319
7568
7583
7582
7585
7571
7576
7575
7573
7570
7584
8741
8740
8751
8761
8753
8731
8734
8754
8755
8735
8757
8765
8733
8732
8767
8756
8758
8759
8760
7572
7577
7574
7564
7559
7580
7578
7569
7561
8763
8762
8749
8752
8739
8738
8737
8736
8748
6444
6443
6442
2557
6441
6449
6450
6445
6446
6447
6461
1794
6712
6713
6714
6965
6966
6962
6963
6964
1272
347
152
452
537
462
186
760
2285
1700
2263
682
1500
2264
453
1800
273
5838
6304
443
5692
5533
5373
267
2669
1795
8193
8192
8191
8190
8189
8183
8490
8120
7222
8112
8489
8114
8488
8116
6675
8491
8117
8482
8118
8483
8107
8111
7384
8484
8115
7221
8109
7383
8108
8485
8180
8181
8196
8197
7146
8182
8187
8185
8184
8195
8188
8194
8186
7523
8234
8236
6825
8237
7524
8238
8239
8240
8241
8235
7529
8243
7074
6677
8113
8242
8110
7525
7526
7072
7528
7073
7527
8119
8486
8487
3297
2714
4140
5693
2059
4111
2824
4537
4013
4012
3298
2983
2984
8157
2444
5771
4514
5458
6005
31
8159
1236
1188
6676
6757
7234
7235
7233
7226
7227
7228
7229
7231
7232
7230
1197
8993
8996
9016
9015
9014
9017
9001
9000
8998
8999
9002
9003
9004
9005
9006
9007
9009
9008
9010
9011
9012
9013
8997
8988
8983
8992
8991
8990
8989
8987
8995
8985
8984
8982
8981
8994
8986
8980
300
1218
446
633
549
800
533
1577
834
1227
5568
6208
5461
6317
2948
5922
5609
7688
6866
2628
2722
2679
2723
2236
2482
2649
2725
2724
7458
4161
8805
4428
2764
2765
1325
2841
3993
7514
7817
7816
7818
7515
7814
7516
6768
7815
4028
6907
6529
6530
4110
9543
8650
4278
6612
3271
2817
1288
2354
1975
7294
7270
7269
7268
7267
7266
7265
7271
7264
6731
7262
7261
7260
7259
7258
7255
7263
7273
7281
7274
7288
7287
7286
7285
7284
7283
7289
7282
7280
7279
7278
6053
7277
6732
5802
7276
7275
7256
7272
7254
7252
7291
7253
7251
7250
7257
7290
7295
7292
7293
6413
4159
6103
385
4624
4546
815
866
5344
865
816
3360
2472
2496
924
817
8321
8322
6776
6570
5558
4017
1048
1082
1047
681
3528
4412
3851
226
1492
1717
4685
4684
5505
5254
6626
1385
1391
4491
4373
7241
7211
2106
5413
2105
5283
5730
2688
1316
6663
6662
5503
4443
5502
5501
2045
5345
4105
4125
3814
1551
6664
1550
2742
646
1388
645
156
5780
4678
5718
4010
6463
6464
3861
7547
6149
4474
5420
7548
3593
4475
2297
5818
3526
5893
5592
7549
6840
5684
7210
4307
6300
5634
2806
188
5597
5582
5583
6454
5313
6602
7885
2367
7886
4889
7884
7887
7882
7883
1967
2689
7043
7209
6538
7103
1902
1886
1506
1893
1901
1212
143
1892
1397
6448
5448
666
1512
7415
7320
7321
7322
7323
7324
7325
7341
7326
7327
6738
7328
7330
7340
7331
7332
7333
7334
7335
7336
7337
7338
7339
7319
7318
7342
7329
7317
7297
7298
7299
7300
6063
7301
6737
5815
7302
7303
7304
7305
7316
7307
7306
7308
7309
7310
7311
7312
7313
7314
7315
6419
2226
4440
6119
392
5486
6355
471
484
6124
6455
1498
2436
1797
4395
4694
440
148
467
1499
2279
2629
2634
2638
2648
2647
2639
2642
2640
2641
2643
2644
2645
2646
2637
2636
2631
2568
2083
1290
272
99
285
1037
2098
2951
3870
3877
3897
3899
3889
3890
3891
3892
3898
3896
3895
3894
3893
3875
3872
3455
2702
1764
1439
5140
2314
5790
6329
6328
553
244
715
1658
2259
2455
2463
2466
2467
2468
2465
2464
2461
2391
2108
1471
426
142
439
1259
2332
3176
3812
3833
3837
3836
3838
3832
3830
3457
2755
1951
1768
3440
3441
302
437
2600
1674
5163
5162
4284
5636
1509
5473
6229
5813
5635
1832
3780
4196
5387
4002
5871
723
757
5276
758
724
2807
2372
2447
780
722
3
8324
8325
5955
4377
7651
7653
7652
6054
7546
7544
7545
5509
4245
6141
7117
4001
6092
6555
5797
6157
5573
6158
5572
5535
4277
80
386
405
918
2220
2247
2266
1873
2240
2102
3363
313
2241
2339
3921
1806
2250
2072
2289
2066
2219
2254
1869
1514
1559
1558
1511
1532
1798
317
5794
7091
6457
6557
6045
6708
6556
5642
6470
5969
6471
5968
7223
525
7225
2720
1336
4495
1342
1827
1687
1435
1861
1234
2373
1960
1063
1799
640
764
1448
1192
1398
1324
1367
1091
334
1260
752
761
822
1014
1058
1309
1801
673
6196
5390
6428
5624
4363
5914
7224
6176
5379
6521
5639
1829
7191
7212
2073
1617
5961
5958
5966
5963
5957
5959
5964
5965
5962
5960
6002
2597
4210
2596
504
6250
2062
8771
8770
8776
8774
8773
8772
8769
8768
8777
7604
7607
7605
7611
7612
7602
7590
7591
1318
7592
7593
7589
7594
7595
7596
7597
7598
7599
7600
8801
8782
8780
8792
8804
8781
8783
8785
8789
8793
8794
8795
8799
8778
8784
8779
8786
8787
8788
7601
7603
7587
7586
7588
7610
7606
7608
7609
8790
8791
8803
8796
8797
8798
8800
8802
8775
6178
5891
5606
5309
1311
1074
1122
1168
1097
1569
1341
5319
4249
2454
1903
1229
1178
5253
4367
1098
534
6346
7850
5705
6327
6209
6654
5302
4369
1811
1009
3930
7183
5870
4098
4418
6860
4130
5620
7116
3909
7118
1405
5625
1921
8505
8507
8503
8501
8493
8494
8495
4401
5268
8496
8502
8499
8506
8504
8497
8500
2834
8498
3266
1012
280
495
126
496
494
5683
5416
7121
6914
7120
6501
6235
2809
6608
6839
5723
5638
7063
5593
2386
4622
5594
5595
1676
2896
522
3808
5305
4275
4538
4621
662
4135
3342
2384
1441
1442
2385
3343
4136
5695
5694
2095
1314
1273
255
510
6836
2623
18
28
150
1815
2
24
175
1247
2741
2981
2992
3094
3110
3109
3102
3101
3100
3120
3076
3115
3086
3091
3092
3093
3095
3097
3060
3021
3055
3056
3057
3058
3073
3062
3063
3064
3065
3066
3067
3068
3069
3070
3071
3072
3048
3047
3046
3045
3022
3023
3024
3025
3026
3027
3028
3029
3030
3031
3032
3033
3034
3035
3036
2985
3122
2959
3287
3477
4467
3478
3286
2958
3123
2987
3044
3043
3042
3041
3040
3039
3038
3037
3061
3059
3020
3054
3053
3052
3051
3050
3049
3016
3018
3013
2994
2995
2996
2999
3000
3001
3007
3010
3012
2993
3017
3015
3014
3019
3011
3009
3008
3006
3005
3004
3003
3002
2998
2997
3074
3160
3241
3574
4007
4430
4006
3575
3240
3161
3103
3104
3105
3106
3107
3119
3111
3112
3113
3114
3116
3117
3118
3099
3108
3098
3096
3077
3078
3079
3080
3081
3082
3083
3084
3085
3087
3088
3089
3075
3090
2986
3124
2957
3288
3476
4466
3475
2782
2154
550
92
4
1
5
89
611
1909
3591
3598
3602
3603
3605
3606
3604
3724
3722
3664
3644
3648
3654
3657
3658
3637
3634
3614
3629
3630
3631
3635
3696
3713
3721
3694
3692
3669
3671
3682
3686
3687
3607
3691
3690
3689
3688
3685
3684
3683
3681
3680
3679
3678
3677
3676
3675
3674
3673
3672
3670
3668
3667
3595
3729
3589
3806
3848
5219
5217
3849
3807
3588
3728
3596
3695
3720
3719
3718
3717
3716
3715
3714
3712
3711
3710
3709
3708
3707
3706
3705
3704
3703
3702
3701
3700
3699
3698
3697
3666
3693
3665
3633
3632
3628
3627
3626
3625
3624
3623
3622
3621
3620
3619
3618
3617
3616
3615
3783
3791
3903
4107
4890
278
4891
4106
3902
3792
3782
3613
3612
3611
3610
3609
3723
3636
3663
3608
3662
3661
3660
3659
3656
3655
3653
3652
3651
3650
3649
3647
3646
3645
3643
3642
3641
3640
3639
3638
3597
3727
3590
3805
3847
5218
5213
3839
1916
1088
166
90
68
1919
50
145
1020
2212
3922
3932
3935
3973
3975
3961
3960
3959
3958
3957
3956
3954
3953
3952
3951
3950
3949
3947
3946
3969
3978
3992
3980
3986
3985
3984
3987
3988
3981
3982
3983
3989
3963
3991
3944
3940
3990
3972
3971
3977
3970
3968
3967
3966
3965
3964
3979
3955
3974
3976
3962
3945
3948
3942
3941
3943
3939
3936
3933
3925
3601
1860
577
93
12
86
306
1464
2690
4020
4027
4070
4038
4032
4073
4030
4039
4029
4048
4047
4046
4045
4044
4043
4042
4041
4040
4049
4037
4036
4035
4050
4034
4033
4031
4069
4077
4051
4080
4074
4083
4082
4081
4078
4076
4075
4079
4072
4061
4053
4054
4055
4056
4057
4058
4059
4060
4062
4071
4063
4064
4065
4066
4067
4068
4052
4026
4025
3175
2246
1144
559
245
216
2284
217
339
111
384
6062
6060
6644
6635
5954
5951
6492
6489
6639
6640
6638
6637
6343
5691
5948
4204
6220
2389
6494
7996
6214
5950
5742
5510
5511
6217
1679
9039
6491
5469
5327
6636
6646
6340
6345
6490
5953
4338
6213
6634
6488
6647
6633
8201
8202
6061
9040
9041
9042
6215
7766
5331
6219
7997
5738
6585
7004
4519
5375
5952
6495
6339
6648
6344
4213
6216
6218
6487
6493
6642
6643
6645
5920
6342
6341
4214
6641
218
9043
208
642
6193
3527
288
451
360
1702
254
892
1353
1697
4485
1172
1887
3525
5388
238
2693
2735
2716
2736
2370
2499
2673
2737
2734
2353
2505
2478
2506
1844
2333
2070
2138
2139
8200
2494
541
1670
1669
2012
2374
9055
9054
9053
9052
9051
9050
9049
9048
9047
9046
9045
9044
9056
9057
9084
9075
9081
9082
9074
9079
9073
9071
9070
9058
9069
9068
9067
9066
9065
9063
9062
9061
9060
9072
9086
9083
9077
9076
9059
9064
9078
9080
9085
2085
517
3926
2650
6666
779
5442
5439
6013
5441
5516
6019
6337
5440
6665
6018
6012
6016
6017
7147
5438
6014
6011
6015
540
5827
5671
5672
170
602
365
9650
5748
528
529
4566
1872
6656
167
168
1840
5257
2273
6453
7512
8644
8648
8634
8641
8636
8640
7513
8647
7167
1841
1579
7968
7967
7964
6973
7962
7965
7963
7956
7958
7969
7966
7961
7960
7959
7957
7953
7954
7955
6974
1839
1628
1807
229
109
6429
6115
6118
6116
6111
6114
6108
6105
6106
6107
6109
2508
6104
2509
2510
6112
6113
6110
6117
1838
459
1333
1850
8645
8633
8646
8643
8642
8639
8638
8637
8635
8649
7166
8158
7123
6381
7124
6500
1627
5907
4108
1493
2788
5876
5362
4318
2361
1386
5159
5383
5465
5949
835
7114
2477
2359
5721
6207
2063
5569
3600
6527
4655
4129
5267
6177
5892
5292
2699
6047
2731
2093
2696
1566
4470
3462
1793
3923
5256
6547
6548
6465
4301
670
669
631
1017
524
402
1185
503
6179
6881
6880
5774
5274
5662
1805
4292
4190
4294
511
4293
4252
4253
4254
1407
4191
4189
7125
1028
4433
6147
5325
5152
6146
6148
5314
5315
5449
260
5316
6588
6375
7119
6502
5775
5273
6559
6326
6272
5426
6280
397
652
589
381
492
1522
6279
4672
7539
7537
7536
7538
7540
7541
5351
6990
211
8071
8073
8072
8074
33
37
2379
2471
248
1199
1312
1718
1715
403
146
466
1496
2258
2598
2608
2611
2614
2613
2621
2619
2615
2620
2618
2617
2616
2622
2612
2610
2604
2512
2067
1287
269
98
284
1036
2096
2949
3869
3874
3882
3887
3881
3880
3878
3888
3886
3883
3885
3884
3879
3873
3871
3454
2701
1763
1437
5414
319
1858
1618
1619
404
237
692
1611
2140
2329
2338
2342
2344
2343
2341
2340
2336
2309
1971
1433
409
141
438
1258
2324
3128
3793
3800
3804
3803
3802
3799
3796
3443
2747
1934
1750
461
460
2633
436
3567
1751
2097
5834
6558
6536
3282
3842
2398
6421
2282
5688
2327
174
43
131
705
1771
2360
2397
2401
2414
2424
2418
2415
2412
2432
2429
2409
2408
2405
2407
2420
2423
2411
2421
2413
2410
2403
2404
2402
2417
2426
2428
2430
2431
2433
2435
2416
2419
2422
2427
2434
2425
2406
2400
2399
2364
2256
1371
354
76
20
100
358
1545
2493
3168
3178
3216
3187
3199
3186
3188
3190
3214
3184
3189
3196
3210
3192
3215
3193
3194
3212
3206
3202
3200
3197
3195
3185
3203
3198
3201
3204
3213
3205
3207
3208
3209
3211
3191
3182
3183
3177
3170
2502
1796
712
363
1171
1030
3919
4435
3920
7115
1117
4384
2569
4498
3916
4499
2025
5300
5429
5299
2632
5585
1659
4691
4692
4690
4693
3573
579
1554
382
912
480
564
1072
1207
1701
7213
5814
4894
5733
1703
6160
3169
2810
1438
2112
2380
3165
1772
1241
1034
2777
457
1390
1052
1525
1152
2307
1678
1211
6175
5890
4355
1254
3998
5808
500
514
4358
513
501
2271
2209
2225
531
502
8083
4419
6296
6003
9364
9365
9366
7618
9367
9368
9369
9370
9371
9372
9374
9385
9375
7632
9376
7635
9377
7630
9378
9379
9380
9381
9382
9383
9387
9384
9362
9336
9361
9360
9359
9338
9339
9340
9341
9342
9343
9344
9345
9346
9347
9348
9349
9350
9351
9352
9353
9354
7623
9355
9356
9357
9358
9373
9386
9409
9388
7625
9432
9436
9416
9417
9418
9419
7624
9414
9420
9421
9422
9423
7622
9425
9424
9435
9426
9427
9428
9429
9430
9431
7621
9433
9434
9415
9412
9399
7620
9389
9390
9391
9392
9393
9394
9395
7619
9396
9397
9413
9398
9400
9411
7627
9401
9402
9403
9404
9405
9406
9407
9408
7628
9410
9337
9363
9335
9298
9232
9225
9222
9224
9231
9267
9243
9264
9249
9250
9252
9254
9255
9269
9239
9246
9247
9248
9251
7629
9253
9257
9270
9258
9259
9260
9261
9262
9263
9265
9266
9268
9244
9256
9242
7636
9219
9220
9221
9223
9226
9227
9241
9229
9230
9228
9233
9234
9235
9236
9237
9238
9240
7631
9245
9334
9272
9305
7613
9306
7616
9307
9308
9309
9310
9311
9312
9313
9314
9315
9316
9317
9318
9319
9320
9321
9322
9323
9324
9325
7626
9326
9327
9328
9329
9330
9331
7617
9332
9333
9304
9303
9302
9286
9273
9274
9275
9276
7615
9277
9278
9279
7614
9280
9281
9282
9283
9284
9285
9287
9301
7634
9288
7633
9289
9290
9291
9292
9293
9294
9295
9296
9297
9271
9299
3179
3181
3180
9300
1854
5310
6895
6892
6894
6893
6126
6125
9202
9201
9200
9199
9197
9196
9195
9203
9194
9192
9191
9190
9189
9188
9187
9186
9185
9193
9204
9215
9206
9217
9216
9214
9213
9210
9209
9208
9212
9207
9211
9218
9184
9198
9182
9169
9154
9153
9152
9151
9150
9148
9147
9146
9145
9144
9143
9142
9141
9140
9183
9138
9137
9136
9135
9134
318
9155
9156
9157
9158
9180
9179
9178
9177
9176
9175
9174
9173
9172
9171
9181
9170
9168
9167
9166
9165
9164
9163
9162
9161
9160
9159
9149
9132
9133
9099
9125
9103
6010
9098
9096
9139
9126
9119
9105
9114
9118
9100
9101
9205
9124
9106
9123
9130
9095
9102
9097
9094
9093
9092
9104
9090
9088
9089
9087
9107
9129
9128
9127
9122
9121
9120
9131
9117
9111
9110
9109
9108
9091
9112
9113
9115
9116
7377
7378
1917
6911
7819
8086
8085
7820
8084
8080
8076
8082
8081
6004
8075
8077
8078
8079
7122
5353
7508
7507
7506
5995
7075
6587
6374
2366
1167
1125
900
6531
6310
6960
4113
344
6953
6227
5728
1024
1137
1594
1184
1694
3232
6484
1775
6245
1147
1132
1134
1131
1135
1130
1128
1129
1133
6837
2601
6205
5906
5704
1867
1345
1356
1357
552
1346
1866
3904
6008
1716
105
113
891
1822
3358
4019
4138
4141
4154
4153
4152
4151
4150
4149
4148
4147
4146
4145
4144
4143
4142
4158
4155
4162
4197
5216
225
479
151
181
162
1025
1871
3469
4087
4166
4168
4177
4176
4175
4174
4173
4171
4180
4170
4169
4179
4172
4178
4167
4182
4181
4195
4205
5237
268
499
116
644
1729
3396
4112
4217
4219
4236
4232
4228
4235
4231
4226
4225
4222
4229
4223
4224
4227
4221
4233
4234
4230
4220
4238
4237
4242
4251
5270
172
449
296
1362
2110
2729
2843
2944
2946
2960
3127
4321
515
836
4383
6050
2555
4559
180
41
130
703
1786
2474
2514
2518
2544
2545
2551
2546
2547
2548
2549
2550
2554
2553
2552
2520
2526
2543
2533
2538
2539
2527
2529
2530
2540
2523
2521
2528
2532
2535
2536
2537
2531
2541
2522
2525
2524
2542
2534
2519
2515
2483
2306
1389
357
77
19
97
352
1534
2556
3283
3294
3304
3302
3323
3322
3321
3320
3318
3316
3315
3314
3313
3325
3319
3324
3332
3327
3333
3328
3329
3334
3311
3326
3331
3330
3312
3317
3310
3303
3309
3300
3301
3305
3306
3307
3299
3308
3290
3284
2561
1804
713
364
6511
5901
2260
6192
6899
9517
9518
9519
5942
605
1907
622
1896
1904
512
616
3295
617
5389
3296
4022
570
530
3840
9521
9522
9523
9524
9526
735
139
138
137
140
136
