9915
9470
9471
9472
431
408
570
4088
2935
411
631
5597
5598
5596
5595
3589
410
582
4433
3991
6980
8439
4309
558
1622
1645
4127
407
584
705
706
1773
714
4434
715
5291
344
466
406
614
2787
4355
3907
2838
3292
2841
4356
409
600
2984
2983
5997
412
583
3463
4402
4500
5285
3992
9870
4610
2482
5248
7404
2145
4082
6601
7012
7013
7015
7017
7022
7008
619
214
1091
7033
7029
7016
7018
7028
7031
860
444
1408
6599
7007
7004
7032
7025
423
1072
151
493
6602
7036
7034
7030
7023
7011
7010
7003
7020
7019
7009
5257
7006
8054
8056
8053
8055
7042
5243
333
1050
1049
5818
1936
4188
6603
7021
7014
7002
6040
6898
6787
2677
1042
6921
6920
6923
6922
6919
4251
4253
4345
4252
4122
4254
4344
6132
2598
8087
6288
2210
1785
3121
3460
4302
6289
755
6577
5485
5461
5462
6022
6023
4282
6667
5397
5525
6666
6668
8094
8096
8088
8093
8092
8091
8090
8089
7989
7988
6186
6185
8275
8260
8269
8273
8270
8274
8266
8268
8264
8263
8262
8267
8265
8272
8271
8064
8063
8065
8062
8061
8060
8059
6421
5537
8095
8097
7990
7991
8261
559
8058
8057
5634
6422
6423
6420
6576
1748
4246
2836
9477
9479
3285
2892
2760
4287
6578
6348
7109
332
1224
1209
7035
7024
7005
7026
7037
7027
145
481
5322
6786
4626
6897
633
1491
1481
6600
7518
7517
6785
2282
6896
6605
762
8431
3362
3361
3359
3360
7851
4388
7699
6001
7698
7701
8868
588
9491
9449
9448
9444
9494
89
7807
1668
1961
4614
8390
6518
8100
6298
7058
8389
6519
8101
6299
7059
7736
3336
6910
8937
7867
6909
7863
8939
7869
6561
7868
7870
7866
8938
5468
7862
8936
6723
6955
7865
8940
5518
7729
6776
7727
8326
7731
8327
7737
9666
7728
9667
7730
3347
6999
8943
8944
5677
7872
8942
5983
7876
7873
7875
7417
5283
6740
7418
6051
7874
7871
8945
8941
5374
437
7733
6430
7078
6381
7079
6041
6762
9702
7864
7140
3906
8903
8906
8900
8898
8902
8907
8911
8909
8910
8914
8915
8901
8913
8912
8904
8908
8899
6954
7795
8905
5657
6719
7341
7344
7340
7343
5656
7342
5781
7734
2773
5711
8960
7515
7513
6407
7939
7940
8971
8958
8965
8966
8967
8968
8969
8964
8975
8973
8974
8972
8970
8962
8961
7514
6472
8963
8959
6294
8880
2715
3161
5284
5692
5586
8596
2366
7465
2687
1109
916
917
915
1108
8599
670
673
8600
571
8601
8594
8598
7466
8595
8593
671
672
572
8602
8603
5377
1959
2004
8597
7467
2625
4446
5994
6351
6616
6615
2142
581
2559
817
818
816
8651
8652
8653
8654
8655
687
686
8656
8657
8658
580
8662
8661
8663
7539
8664
8649
1558
1568
208
8650
5502
8660
5419
1976
2066
8659
7538
2334
4464
6003
6365
6626
6625
2174
586
2466
587
8703
823
824
822
8698
7548
8696
7550
690
689
8697
8699
8700
5530
6731
8708
8707
8710
8706
8705
7547
8704
8701
1564
1570
209
8702
6851
5426
2006
2071
8709
7549
8351
3598
9565
9566
9567
9568
9570
9579
9571
9572
9573
9574
9575
9576
9577
6831
6663
8257
8256
3864
9602
8255
8254
5563
8253
8252
6425
9629
9630
9631
9632
9633
9634
9635
9636
8358
5937
7788
9638
7785
9639
6378
9640
7787
9642
6411
8348
7784
9644
7786
8711
7789
5754
9645
8555
8556
8557
8558
1240
4411
5663
5943
5638
3442
7712
4624
7713
7711
7714
5664
3923
2298
4394
4503
5610
6477
5611
6478
2312
5560
5539
7124
7125
2075
7427
7429
7428
8525
8524
8523
7420
7426
7423
8522
7424
374
5970
375
1765
6766
7421
1649
7425
7422
8527
8526
5776
3830
6379
6380
5685
5469
6669
7179
8259
6418
3840
6538
7824
7826
7825
7823
7822
7818
7821
7820
7819
7817
7816
6933
6705
8919
7815
8917
8918
8920
8331
9907
5559
8161
8160
8159
6839
6780
7732
9881
5404
8563
4244
8562
7339
5733
4655
7394
217
8693
8694
8691
8692
7545
8362
9876
6894
7946
7945
9877
7723
6841
5403
8420
6157
8421
9880
8422
8423
5307
8424
7724
9884
6840
9885
1778
3558
6868
5481
5607
7694
5919
8425
7735
7392
7738
4301
7974
6176
7975
4235
5822
5216
6973
7973
7976
6654
6546
7861
7972
7726
4274
5982
4256
6277
4560
6863
7691
7688
6383
6250
7689
5352
7690
7725
5512
7768
7766
7767
5476
4853
6330
6481
6585
5414
6861
5324
4513
6138
4086
3266
7804
6434
8324
2369
2480
6775
1257
8378
8377
4847
7399
7398
9513
7386
5752
5623
7943
8504
5609
1428
9549
2014
2470
7721
1371
8133
7096
7093
8134
7092
6147
8130
8137
8136
7717
7097
482
8138
7090
7094
7095
7091
7098
7718
6610
8135
8139
4650
8131
8869
7720
7719
8870
6892
7716
5533
7715
4502
6232
8199
7944
4501
8200
6850
5767
6893
7722
9481
8877
8873
8876
6765
8879
8878
8132
8871
8875
7419
8874
8872
4611
7391
6710
2394
7805
1796
6402
8283
8155
8154
8153
8001
1869
7992
6271
8030
8031
8017
8016
8922
7671
6428
6755
5920
8015
8003
5511
6967
7414
6949
5693
6224
7660
6977
7658
7659
7994
7695
6137
5245
3903
6939
6495
7995
6560
7407
7996
7183
6966
9473
7664
2474
7997
7998
8923
7670
7111
2648
7999
5293
6082
5669
5314
6427
8000
7657
198
8002
8004
6873
6494
6184
502
8005
7455
5246
7661
7411
5628
5834
8007
5990
7180
8168
6123
6953
6462
4620
7676
7415
8009
6852
6777
6531
6778
7667
7668
8010
6536
8120
7673
7408
8013
7519
6483
8021
8033
8695
7663
7675
6390
6976
6782
6721
6549
8012
7829
8011
8008
6197
2137
8006
7833
7665
6464
7666
6463
7669
6858
5562
7672
4505
7832
8851
8014
5582
461
7947
8029
5885
8924
6874
7656
6779
8028
8432
8027
5717
7692
8026
7654
5856
7831
8032
5863
6565
7089
7409
3839
1879
6924
7830
6514
5967
8024
6950
6270
6797
7552
8023
8022
1880
394
5815
6044
8433
8025
7110
6429
7456
6207
8916
8019
8018
6374
6437
7993
1877
6539
8921
1922
9480
7808
1873
6520
5290
438
474
1179
1258
3930
1115
652
741
806
835
865
878
877
876
875
874
873
872
881
866
834
807
742
649
1114
2805
1146
684
764
859
911
923
933
934
935
936
937
938
942
945
928
944
943
941
940
939
932
931
930
929
925
913
856
767
681
1147
7088
4670
7801
3566
6942
5535
2384
6303
4204
6761
1825
6055
5351
6219
7400
6563
6432
6230
6148
6117
5753
6295
5930
6327
5931
7482
5393
8150
6791
5455
7481
5622
6771
6182
6081
7397
6161
6403
5751
7480
5306
8434
8435
8443
7108
3276
1122
667
751
821
883
893
906
907
898
899
900
901
902
904
905
897
903
892
884
820
752
668
1123
6853
454
2458
4845
6074
3804
8438
4488
7444
6385
4484
7445
6757
8441
6758
6454
9463
6092
7553
7554
402
6756
9483
6562
4124
2376
7798
5709
6332
1011
6039
5497
2814
6287
6456
3896
7980
7979
6887
1853
1322
3860
5305
5375
5766
1870
7802
5509
7038
4016
7797
7389
6906
5986
6878
5661
6533
2690
5918
3919
5373
1656
1786
2288
5981
1878
6513
2289
1884
1667
2211
6768
5433
8313
5386
6331
5585
7983
7987
5226
6269
7986
7985
7984
6711
6974
6979
6978
7982
7981
6975
7978
7677
7678
5400
6730
6401
6548
7182
4549
8442
4382
6665
4524
5219
7809
4561
8726
4400
5594
8372
5241
7446
9484
8551
7153
5715
4890
5262
8573
8576
8577
8578
8575
8579
8580
8574
548
8581
7236
6965
8311
8312
7154
2821
6409
7799
3590
7800
5750
1076
2367
1334
1928
1241
514
2343
5360
6773
6426
7803
5330
5813
736
5673
8371
9485
5698
8249
8251
8250
5702
528
731
2237
7085
8127
7086
8128
8129
7084
7083
4341
5613
611
345
1023
1682
2202
2306
2313
2315
2310
2296
2024
1563
544
199
589
1426
2435
3122
3573
3582
3583
3345
2765
2176
1932
6244
5932
1872
2663
4507
6243
8369
7969
7402
7970
7405
7968
7406
8278
6398
6177
5987
5720
5552
7680
7679
5532
6455
2717
6655
391
6656
9486
8391
3855
9487
8896
9488
7700
5716
8426
5589
8173
8172
9489
9490
8169
8175
8308
8170
8174
8171
5540
5826
7235
8309
7139
2712
22
54
166
1080
1843
2139
2151
2160
2156
2154
2153
2158
2169
2164
2166
2168
2165
2162
2155
2161
2170
2157
2171
2172
2163
2167
2159
2152
2149
2140
2136
2203
3454
6470
8310
5934
8539
8540
6770
8319
6883
6884
7693
6729
9492
8538
8392
5392
8393
5520
7381
8394
9464
8395
5391
8396
8397
5439
8398
6732
9478
9462
4876
7967
9455
9439
6305
7662
5625
8276
8213
7390
9438
8277
9436
8212
8399
8400
9435
2729
6963
2683
9441
8401
9437
8402
9434
7551
5558
7941
6956
2728
3924
7942
7793
7794
7792
6242
5448
576
5273
3995
5274
4678
2481
4679
6834
5316
8211
8403
5749
9433
9440
7396
5755
8561
6609
8560
8559
8553
7453
8554
8404
7195
7806
6170
8855
8854
8865
8864
8863
8862
8861
8860
8859
8866
8858
8857
4096
8867
8856
8405
9461
5739
2076
6353
6938
6937
3784
2679
6935
6936
2484
1555
1235
2676
8
53
122
657
1688
3236
3348
3396
3397
3398
3399
3400
3401
3405
3394
3404
3395
3410
3411
3414
3413
3412
3409
3408
3407
3406
3403
3402
3349
3443
3275
3785
3807
5475
1811
8406
2764
11
61
130
720
1742
3237
3350
3421
3420
3419
3423
3418
3425
3417
3422
3424
3431
3426
3427
3428
3429
3430
3433
3435
3434
3432
3351
3444
3277
3786
3809
5474
8407
9443
8408
3909
202
628
1503
3278
4404
4647
4656
4659
4666
4665
4661
4658
4660
4662
4663
4664
4657
4669
4667
4854
5192
5773
9460
4237
1316
6606
9459
6274
1253
4293
4447
5479
4292
5224
5149
1106
5845
6128
5847
6130
7372
5275
6366
6127
5846
3884
6126
6998
6452
4432
6129
5615
6131
6183
6306
2445
4399
8647
7527
9458
7528
6343
9457
9456
6367
5221
6469
8099
427
6468
8098
428
6087
5756
6347
6181
6346
6433
5806
8409
7412
8280
8282
8410
5251
7877
6929
5896
2736
6158
6159
5935
5936
6093
6760
6759
8411
6391
8412
6482
7056
9454
9453
7135
6987
7387
6941
8850
8413
9452
3572
9451
8897
734
9450
732
8414
9446
9445
8415
9482
8216
9526
9496
9529
9530
5804
2739
5763
7850
6715
7652
622
634
6871
621
635
8845
8842
8844
8843
6870
7852
7651
8841
7655
8388
8374
9533
8363
9535
8364
9537
228
1102
1815
2438
2624
2651
2656
2658
2655
2652
2623
2439
1814
1103
227
367
8365
9540
8366
9543
9557
307
1202
1819
2319
2390
2448
2447
2392
2318
1822
1201
309
418
5519
5744
5895
5278
550
551
1045
7476
5758
7475
1062
2508
17
46
152
1051
1831
2146
2178
2196
2201
2197
2200
2199
2198
2194
2183
2192
2191
2190
2189
2188
2187
2186
2195
2185
2184
2182
2181
2180
2179
2193
2177
2175
2147
2144
2209
3462
8367
7898
9547
9548
8368
5627
2597
2665
1038
5624
1324
451
564
522
523
563
452
1323
781
4157
6248
4442
4460
1787
4160
6247
3271
1452
6266
7157
7158
7156
5411
7796
7948
6650
7388
8279
8281
7483
4673
5890
6122
5153
7155
8476
9555
7401
8477
7416
6399
8488
5458
6550
6317
6931
6930
6932
5748
7516
8373
5356
7433
243
8541
8542
8543
7161
5504
8217
4885
8387
5626
1375
6227
6542
6228
4567
2337
1799
4441
6229
5704
6828
6829
6297
6747
8376
6180
809
4376
4377
4378
703
1022
704
4259
761
739
6436
2591
4374
8297
8307
8306
8299
8300
8301
8302
8303
8304
8305
8298
3996
2205
2206
5326
5471
1088
5325
6005
5545
6320
728
5544
5543
6321
6318
6842
4692
5428
6415
6649
5786
6319
3445
7385
7384
5832
7383
7382
6373
6736
5686
7292
6086
5608
5542
1661
6971
4298
8379
9542
192
6781
1012
2259
2287
2260
9554
8020
6217
8380
9560
9800
4162
4243
6567
5339
4421
6568
1750
2003
4257
4258
5761
5280
8514
8516
8520
8515
8517
8521
8519
8518
5148
8102
5561
6790
6712
4285
5372
2745
8946
7886
8947
8948
7136
7889
7887
8949
6724
6952
8950
7365
7041
6070
9798
8951
8952
8953
7891
8954
8955
8956
7888
7890
8316
5570
4419
6927
8957
8381
5938
9795
8382
8214
8383
7159
9792
9790
8384
7410
7184
8385
6564
9787
2839
1295
1296
1297
1298
1300
1301
1302
1303
1292
1294
1293
1299
1304
7674
6431
8205
8322
8323
8206
7707
6735
6648
5864
8207
2956
1591
5699
5617
5780
4684
8386
5779
4337
6025
8416
4338
8417
5837
3908
6944
7838
8933
6946
8935
8929
6945
6948
8934
8931
6981
8926
8928
7837
7836
6947
5911
8932
8930
8927
8925
9822
8418
6179
7371
9820
9034
8419
8881
8436
5389
8437
8202
9815
9814
9813
9812
8440
8430
5220
2554
207
265
2986
1493
2278
2231
1442
5855
2277
2555
2790
2604
630
3827
7403
8429
557
8203
8201
8052
8428
5302
5984
7971
6972
9781
8427
5199
9758
9756
9755
9754
7653
6354
6607
9753
9752
737
9751
9750
73
4240
3363
3366
3365
3364
6880
4300
7683
4431
9749
6225
7148
7147
7146
7681
8852
5534
6163
2207
5567
9757
9748
3913
3914
4366
0
4454
968
1920
2010
4346
2292
5453
5452
7860
7855
5601
4468
4183
6925
7858
7857
4347
2291
5450
5451
7856
7853
5602
4467
4184
6926
7854
7859
6145
1490
8884
7447
605
603
8883
8148
6273
7448
7765
7106
5792
6612
7450
7449
6614
364
288
759
5577
5966
3897
7107
6048
5347
113
7103
6047
7194
6071
5353
4189
1943
8285
5538
8284
5329
1215
459
7105
8149
1439
1141
6613
7104
604
8886
5503
2913
2912
602
2772
713
712
606
8885
8882
5928
2227
9029
9028
188
189
9026
9024
9015
468
1233
9016
746
745
7949
5921
624
625
9017
9014
9022
9023
9027
9033
9021
9019
9020
479
478
429
623
626
9025
9018
1053
1052
535
9032
9030
9031
5926
2309
8474
7378
7377
7375
8473
8472
8471
7376
6408
8470
6751
8469
8475
6752
8468
8467
1380
8466
5557
5929
2706
8461
7370
7369
7368
7367
7366
8462
6579
8465
8463
8464
8459
8460
37
8458
7197
4094
8122
8123
8126
8125
8124
6026
6286
5820
7082
8121
7200
4359
8144
8143
8142
8145
6038
8146
8147
6125
1703
4389
593
284
1875
1360
1372
1373
1369
1345
1874
1376
1368
1374
1359
1377
1344
592
8846
8847
8289
8290
5292
7468
8849
7208
6233
8288
278
744
5528
5867
3267
7206
6234
5354
115
7209
6236
6235
256
5267
1238
1418
1482
1524
1526
1540
1535
1536
1537
1538
1539
1531
1542
1523
1551
1516
2275
4090
590
595
6827
7529
133
196
7207
7205
8287
594
5515
2801
2800
591
2475
1222
1211
1236
596
8848
6136
5927
4335
5527
2377
5891
5892
5893
5894
5526
2331
5977
5975
5974
5976
5978
4089
1944
7102
1912
6611
1210
7359
7358
7357
7356
7355
7354
7353
7351
7360
7350
7349
7348
7362
7347
7346
7345
7352
5791
6720
7361
5569
6646
7173
7172
7176
7175
5568
7174
5728
7199
2303
5566
8895
6784
7487
6404
6535
7783
6405
7782
6406
4384
64
124
318
1266
2020
2742
2769
2784
2783
2768
2789
2753
2951
3159
5358
4202
48
109
250
1190
1949
2774
2823
2849
2848
2847
2842
2851
2826
2863
2798
3239
3287
5382
3850
27
85
174
1064
1861
2860
2975
3142
3152
3153
3140
3133
3129
3125
3126
3127
3128
2978
3168
2894
3447
3471
5431
4118
40
103
218
1149
1904
2793
2853
2880
2855
2890
2815
3272
3354
5394
5405
3230
3568
3231
5406
2735
10
60
129
716
1724
3227
3337
3370
3371
3372
3373
3374
3375
3369
3385
3376
3378
3379
3381
3382
3383
3384
3377
3387
3386
3380
3338
3439
3268
3780
3797
5472
4120
42
105
232
1173
1927
2792
2852
2877
2875
2885
2878
2873
2874
2857
2891
2816
3274
3352
5396
3851
28
83
175
1063
1859
2862
2974
3137
3130
3131
3132
3134
3136
3138
3139
3141
3135
2973
3167
2895
3446
3470
5430
3929
31
88
187
1082
1894
2820
2776
2796
2502
2443
1852
2442
2503
2795
2791
2897
2971
2858
3357
3449
5418
3466
23
80
158
1027
1829
2933
3163
3215
3216
3223
3217
3218
3219
3220
3221
3222
3226
3224
3225
3164
3238
2959
3464
3567
5440
4203
49
108
251
1189
1948
2775
2824
2850
2845
2844
2843
2846
2825
2864
2799
3240
3288
5381
3849
26
84
173
1065
1860
2861
2976
3151
3150
3149
3154
3147
3146
3148
3145
3144
3143
2977
3169
2896
3448
3469
5432
4019
35
95
211
1136
1909
2811
2871
2898
2900
2906
2901
2902
2903
2904
2872
2940
2833
3332
3415
5408
4119
41
104
231
1172
1926
2794
2854
2876
2879
2884
2883
2882
2881
2856
2889
2817
3273
3353
5395
4020
36
96
210
1135
1908
2810
2869
2905
2910
2908
2909
2911
2907
2899
2870
2941
2834
3333
3416
5407
4383
65
123
317
1267
2019
2743
2770
2782
2781
2767
2788
2752
2950
3160
5357
8167
5710
6419
8894
8893
6245
8286
6857
2483
4283
5349
6267
5825
8531
2349
7430
135
2670
1095
891
890
889
1096
8528
656
653
8529
567
8530
8534
8535
7431
8532
8533
654
655
568
8536
6767
5359
1945
1962
8537
7432
6094
8370
1935
4631
5778
6571
6623
6624
2062
5730
7047
7048
2504
770
772
771
8455
8454
8453
8452
8451
7764
661
660
6746
8450
7763
8448
569
8449
8456
8447
7364
8446
8445
1515
1525
204
6745
5424
8444
5350
1946
1964
8457
7363
6140
6474
1916
4690
5807
6627
6718
6717
2099
5760
7080
7081
2441
574
8604
793
795
794
8605
7478
8606
7477
6191
7790
675
676
6800
8607
7791
8614
5516
6617
8608
8616
8609
8610
8615
5614
8611
8612
1529
1543
205
6798
6799
5378
1957
2002
8613
7479
6190
8330
2561
234
2387
1629
1634
1637
1633
1632
1631
1630
1626
1642
1614
1611
1647
1610
2386
1648
1615
1641
1625
1635
1636
1628
261
2085
1469
1463
1478
1457
1486
1446
2088
1445
1484
1456
1479
1461
1475
1472
1470
238
2353
1602
1601
1606
1600
1599
1598
1592
1609
1583
1620
1580
1579
2352
1619
1582
1608
1593
1605
1603
1604
279
1940
1415
1396
1421
1391
1941
1390
1420
1398
1416
1407
1409
1410
1405
323
1754
1755
1247
1278
1263
1275
1276
1260
1277
1248
303
1846
1355
1326
1845
1325
1354
1339
1350
1347
1346
1351
1340
260
2087
1473
1464
1477
1455
1487
1447
2086
1448
1485
1454
1480
1462
1468
1471
1474
213
2707
1741
1736
1737
1738
1739
1740
1726
1732
1735
1734
1715
1733
1728
1727
1719
1743
1708
1761
1716
2708
1762
1707
1744
1720
1731
1730
1729
325
1756
1757
1245
1282
1262
1271
1272
1264
1280
1246
372
1562
1119
1165
1138
1166
1120
1561
324
1758
1759
1244
1279
1259
1274
1273
1261
1281
1249
6885
280
1938
1414
1397
1419
1392
1939
1389
1422
1399
1413
1404
1412
1411
1406
6484
6556
6982
6983
2454
6886
6392
6725
6726
5865
8043
5514
8042
8041
2485
1597
9871
9869
9845
9844
9843
9842
9841
6848
4437
6866
5907
6574
6865
5909
6076
5988
4270
6078
6867
5908
6075
5989
4123
5809
7531
2351
6077
7530
5401
6749
6748
6750
1646
810
4504
5237
5240
5239
5238
477
5940
5941
5942
3437
4671
6580
5380
4880
2703
7137
7138
6382
4440
441
366
7434
7435
5736
6811
6812
6815
6813
6814
6819
5980
6816
6817
6818
6809
6810
6808
6801
6807
6160
6806
6805
6804
6803
6802
4497
2968
1807
2672
5795
2958
4475
6045
5794
4277
5905
4098
1958
5939
5467
5484
7054
7055
1693
3852
33
92
197
1097
1896
2837
2937
2962
2961
2960
2964
2963
2965
2966
2967
2936
3117
2865
3390
3458
5420
4393
79
136
357
1343
2095
2734
2749
2750
2763
2740
2866
2946
5338
5260
638
1441
2247
4093
4390
4465
4499
4537
5682
8210
8209
8295
8294
8293
5341
799
1532
2299
4110
4385
4474
4518
5672
5342
798
1533
2300
4111
4387
4472
4517
5671
5340
797
1534
2301
4112
4386
4473
4516
5670
8292
4025
281
918
1659
3781
4403
4558
4566
4572
4573
4574
4570
4571
4565
4597
4576
4635
4877
5742
339
9833
4498
340
637
8208
5848
4276
352
1074
1777
3904
4405
4531
4535
4538
4539
4536
4543
4540
4600
4676
5726
473
7215
6709
8296
8291
7759
5707
4255
6821
6352
6052
5674
4492
6206
5612
6506
8571
8570
8567
8568
8572
8566
8565
8564
4367
554
553
8569
5604
8360
3263
5783
7779
6063
7781
6060
2487
107
319
1067
2359
4304
5146
5154
5170
5171
5176
5165
5184
5168
5172
5185
5186
5160
5159
5164
5161
5162
5182
5181
5180
5179
5177
5183
5178
5169
5173
5174
5167
5175
5166
5163
5155
5190
5187
5225
5264
5829
7773
6067
7780
6066
7777
6065
3848
200
620
1501
3269
4397
4625
4633
4643
4644
4646
4642
4641
4640
4639
4638
4645
4634
4651
4648
4691
5158
5768
4116
283
920
1660
3783
4407
4564
4599
4603
4602
4604
4605
4606
4598
4608
4607
4653
4879
5746
7778
6064
7774
6062
7776
6061
6908
6653
8890
7775
8887
8888
8889
5840
5839
5838
5842
4523
5841
5362
8814
6849
5683
4343
6116
5466
6369
6368
4483
4482
1465
5388
2748
6054
5289
2361
7065
7064
7063
7066
7067
7201
6133
8359
4406
8195
465
8194
6988
5695
2771
6329
97
8119
8118
5737
8117
3452
6372
7177
5422
6083
6859
6860
6384
7196
1170
6079
2017
5971
6279
4683
6882
6280
6281
6278
6846
4209
6753
7438
7439
425
7441
7437
7443
7442
7436
7440
5836
1653
1458
5861
5858
5857
5862
5860
5859
6080
2699
2023
4855
59
12
426
181
505
403
470
2345
7204
5269
7510
7511
7512
1191
7198
3228
7704
5985
7702
4207
5729
4532
6872
7705
7706
6530
6465
7697
7703
7202
1885
4548
1931
1669
3358
6187
6499
6500
5712
1151
1057
608
1832
6501
3911
6502
7203
2859
7100
7101
8840
8839
8838
8837
8836
8834
8833
3925
8832
8831
8830
8829
8828
8827
8835
8826
8823
8825
8824
5952
7646
4117
3990
5478
6855
7645
7644
6304
5253
7771
7772
7769
7770
6854
7642
7643
5157
1572
2500
1040
4623
921
4512
9867
1553
519
646
4451
2324
5968
8339
1776
5510
362
291
1594
8328
733
8353
8354
102
8355
4444
9861
7413
9860
4125
3436
8513
8505
8506
8512
8507
8508
8509
8510
8511
6968
4261
8813
7647
8817
8818
8812
2678
8819
8804
8811
8815
6864
8802
8816
8805
8806
8807
8808
8809
8810
8803
8245
8240
8243
8244
8247
8246
8248
7170
3900
8241
8242
7469
4413
7470
7471
7472
7473
7474
7894
7893
7896
7895
7897
4262
7892
8549
8546
8544
8548
8547
4010
8550
8545
8666
8667
8669
4212
8670
8671
8665
8668
7761
8204
3553
2827
1081
5303
8315
9608
8258
4627
5995
8314
7238
1055
1804
7057
7461
1212
7845
6912
6914
7848
6915
5849
304
7846
7844
7842
7459
1681
5390
2478
2558
483
7839
6521
6916
6917
6913
6918
7463
4401
386
383
385
384
7847
7843
4526
7841
8588
7458
7457
8583
6788
7460
1955
7464
4485
6149
8141
7760
4486
8140
6716
5713
6789
7462
5705
2280
8584
8585
8586
1901
8587
8589
7840
8590
8591
6943
8592
8582
351
5399
7395
4358
1816
4459
534
6559
4305
3557
6302
6928
6509
6301
6510
7916
6169
1517
7926
4514
5482
7900
6476
7899
6168
4420
2659
7901
6238
1851
1483
1427
1099
7911
5402
7938
6475
2358
1578
2985
6155
1723
5708
5658
7498
5897
5332
7497
5898
7496
6198
7935
5286
9624
2344
723
1817
5963
3841
7932
5706
6194
4311
7934
5915
5681
9625
7489
236
7904
5877
7924
6237
7488
5900
6512
5517
2269
9626
7915
5881
1134
552
4682
5282
5281
297
1596
1105
1265
1015
7936
6165
7491
6200
6018
5460
7905
5884
7920
6166
6830
4296
1910
416
7909
5882
7144
1915
5261
2221
1035
4426
404
156
7917
4199
5370
7141
5137
7178
4242
4630
4629
4628
6940
6239
6218
4380
5427
1704
5230
6413
5665
6414
5797
1443
1018
1195
4412
4299
1569
2355
1213
1453
5740
6141
201
1924
1197
7929
5551
430
2005
1285
3845
1499
7494
5899
7495
6199
7910
2766
5703
5619
4197
7912
5361
6448
7913
5875
7903
5784
7501
7500
2248
5336
5255
1004
5218
7902
5429
7186
7185
7927
5874
7925
5876
2327
1518
1722
7919
5723
7499
2723
7490
2722
4529
2662
2681
5541
6541
6540
1229
664
8628
7931
2726
336
6515
7907
5878
2232
1522
1041
2778
1849
7908
5765
7914
2347
5969
7933
7492
2251
5923
7930
6164
2346
1216
4395
1673
1221
1834
4336
1613
1370
5922
5618
7923
6167
1752
556
5697
4194
7922
5883
7921
1077
292
1595
1893
1650
1092
1511
1552
1169
1104
469
819
371
4636
1887
125
376
1188
2564
4294
4559
4569
4590
4585
4591
4592
4579
4578
4593
4580
4595
4594
4577
4589
4588
4587
4596
4586
4584
4583
4582
4581
4568
4601
4575
4649
4873
5747
7918
6511
4372
7062
5873
7145
4198
4632
7937
5879
7928
5880
4429
1919
3794
6741
148
1039
1451
1841
7906
5872
1833
4511
2080
1706
1566
9641
4453
837
6400
2101
397
379
1069
1107
3931
1116
651
740
805
833
864
879
880
867
871
870
869
868
882
863
836
808
743
650
1117
2806
1145
683
765
858
910
922
946
961
955
952
951
950
948
962
963
949
953
954
956
957
958
959
947
960
924
912
857
766
682
1144
6964
1835
4455
965
4423
1366
424
2499
1231
7126
7133
7127
7128
7129
7130
7131
7132
7134
1965
302
1824
577
1581
1226
2283
1658
1858
1242
1440
1204
1864
1450
4637
1842
5789
3262
7216
4239
1751
5787
3792
4609
2469
2702
1671
5331
4196
2025
5788
2694
4519
2756
4520
2755
4521
2757
6670
2330
1085
616
697
750
769
777
784
782
783
792
786
785
791
790
789
788
787
778
768
749
698
615
1086
6628
2434
15
329
370
9564
1684
1132
747
472
5259
4445
2934
5258
4616
1678
4615
4410
1775
4361
5775
5774
342
4617
1895
1574
463
1844
4449
1577
1137
68
3846
4284
1514
5441
5668
1769
5494
5492
3346
290
443
1638
1902
2265
4349
1239
4450
2233
6053
2056
4452
2365
3344
4438
5522
2647
5675
1618
4206
1417
2328
579
814
2078
5247
1150
5583
1171
1098
1071
1184
5741
2667
7696
4091
5125
2700
5491
5493
2108
4562
5488
5490
5487
4357
5337
5335
5334
5486
5489
5333
5495
6620
6619
3155
6290
5313
5217
6364
2333
2682
1687
5287
2141
5222
6135
1425
8552
4106
5210
1090
659
5398
4424
5556
4316
1476
1459
2714
7633
7636
7640
7637
7641
7635
7639
7638
486
7634
5831
5473
6120
6121
4315
1306
1378
2314
4456
1365
9562
4457
1394
6388
6387
6386
6389
3295
1228
1348
825
1692
729
365
179
111
1331
5200
1142
4448
1311
193
738
471
8350
6992
9569
5759
2270
8085
2602
6545
8086
5234
6282
5732
7040
8084
5606
4508
4342
446
730
1559
6558
4612
6996
223
62
246
1290
2488
3457
3723
3724
3742
3753
3755
3756
3757
3758
3768
3773
3770
3772
3761
3729
3767
3733
3764
3763
3759
3754
3760
3762
3765
3766
3771
3769
3752
3734
3738
3739
3750
3746
3747
3737
3749
3748
3745
3736
3732
3731
3730
3728
3726
3727
3735
3744
3743
3751
3741
3740
3725
3722
3456
2489
1289
245
63
6995
6997
235
71
274
1336
2495
3335
3468
3476
3486
3516
3490
3518
3520
3481
3508
3478
3504
3505
3519
3491
3512
3506
3487
3496
3494
3493
3488
3507
3502
3503
3509
3511
3513
3515
3480
3485
3499
3495
3479
3482
3510
3517
3501
3500
3483
3489
3497
3514
3492
3484
3498
3477
3467
3334
2494
1335
275
72
244
75
295
1362
2512
3343
3523
3527
3535
3550
3548
3547
3545
3544
3542
3541
3538
3537
3536
3534
3539
3540
3543
3549
3546
3528
3526
3551
3561
3580
4340
4339
3579
3562
3552
3554
3559
3575
3862
4306
186
4307
3861
3576
3560
3555
3530
3533
3531
3532
3529
3524
3342
2513
1361
294
76
1966
1906
9599
349
176
513
1317
1651
1700
1709
1710
1705
1685
1545
1075
300
162
503
1333
2261
2680
2744
2747
2746
2704
2456
1774
1520
2240
1219
140
460
1291
2556
4085
4308
4314
4330
4329
4328
4326
4325
4324
4331
4321
4319
4327
4323
4322
4320
4313
4333
4317
4350
4375
5521
2239
1576
338
1056
1664
2713
3858
3999
4006
4005
4007
4002
4081
4097
5299
7686
2293
1161
696
775
885
927
967
994
995
996
997
998
991
1000
1001
1002
992
993
990
969
970
971
974
981
982
983
987
988
989
986
985
984
980
979
978
977
976
975
973
972
999
966
926
886
774
695
1162
7687
2629
1111
644
724
779
828
839
852
851
850
849
854
848
847
846
855
845
844
843
842
841
840
853
838
829
780
725
645
1110
7685
1810
2455
6309
6308
6312
6311
6310
4672
2286
1507
700
1763
6095
6622
6621
1954
4553
685
3853
2295
1436
3854
5191
8338
632
9597
8648
9596
7682
2709
5223
1449
9595
9594
9593
9601
5317
5852
9592
7710
5850
8215
8340
5851
4409
191
6875
7708
8341
2016
24
58
170
1083
1806
2021
2072
2212
2372
4100
182
4099
2373
2213
2073
2057
2043
2046
2047
2053
2051
2044
2049
2050
2045
2048
2052
2042
2028
2015
2011
2060
2979
5725
7709
4084
7046
6526
7044
6283
7060
6084
6085
6984
6291
6272
126
7045
5819
2808
1003
293
4522
4095
1677
1585
1288
1584
1079
5843
1586
1309
1327
1587
1679
1287
6843
1466
566
9587
9586
5827
1112
390
396
395
9585
9584
8342
1907
5276
1937
5465
2786
5694
6150
5464
6151
2785
5853
5854
6152
1058
6195
1019
9646
9648
6904
118
5523
4364
6522
3393
6837
6410
1886
2143
6838
7233
7234
7232
5844
643
160
1549
1432
6246
1571
5319
5321
5320
9735
168
4862
4857
4858
4859
4860
4863
4861
1512
270
1933
1934
1925
894
4352
268
269
6017
504
2083
2830
1657
5796
1780
7171
6069
2893
6795
5346
6794
6792
6793
6397
6796
610
1357
389
74
8713
8714
8715
8716
8717
8718
8719
8720
8721
8722
8712
8723
3782
8724
8725
6847
6134
6162
1548
257
2705
5869
4428
5229
1036
1009
5228
5227
1014
5870
66
14
2498
195
86
255
909
1779
2308
2562
2567
2583
2584
2569
2575
2588
2579
2580
2577
2585
2587
2576
2573
2574
2572
2570
2586
2589
2581
2582
2578
2571
2568
2590
2565
2599
2605
4236
55
8343
2223
9
57
128
702
1691
2812
2887
2918
2921
2928
2922
2917
2915
2923
2916
2914
2924
2919
2920
2927
2926
2931
2925
2932
2930
2929
2886
2943
2828
3341
3388
5417
8344
2601
7
51
121
647
1680
2949
3213
3255
3256
3261
3241
3258
3250
3257
3254
3253
3252
3251
3259
3248
3247
3246
3245
3244
3243
3242
3249
3260
3214
3270
3116
3564
3574
5447
8345
3229
561
326
1227
1968
2832
3581
3810
3813
3819
3816
3817
3818
3815
3823
3820
3821
3822
3814
3826
3812
3837
3859
4489
8820
247
155
4190
1383
2696
722
1497
2829
3461
2477
1663
2952
2724
312
4135
4266
4134
4263
1942
1557
2321
4268
4133
1527
4264
1950
1701
1315
4267
1424
4265
2666
4012
5810
237
316
4689
4495
1745
4496
1430
1061
538
539
540
542
543
541
8822
440
358
3170
5757
2307
18
47
157
1060
1827
2096
2112
2129
2126
2130
2132
2116
2114
2124
2118
2122
2121
2117
2115
2125
2120
2123
2119
2127
2128
2134
2135
2133
2131
2111
2105
2097
2090
2148
3367
4286
6091
2671
50
82
267
1220
1850
2012
2030
2039
2033
2034
2040
2031
2032
2038
2037
2036
2035
2029
2022
2013
2009
2058
2948
363
266
680
827
6356
6363
6355
6362
6361
6360
6359
6358
6357
679
562
1194
8346
3910
4003
4864
5296
1218
322
2272
2249
578
262
1643
1364
1644
674
599
1881
2084
2226
1330
2225
1320
1921
1319
2138
263
154
347
7072
7073
1766
4291
1781
6293
3856
2693
2701
4525
7074
1066
7075
6881
6573
495
7077
4435
5722
6586
5906
5536
4443
5277
6589
5993
7451
6588
6328
4014
8036
5721
5833
5635
6587
8037
8038
8039
8040
4469
7452
5992
4654
7076
617
5198
1017
9701
5496
6879
6572
6570
1686
1268
6020
6019
6021
5772
5300
6284
1037
1830
7049
7053
7050
7051
6285
1855
1974
6396
6569
7052
7493
387
8347
6991
8349
6993
8352
9697
226
1100
1812
2436
2621
2649
2654
2657
2653
2650
2622
2437
1813
1101
225
368
8356
6990
8357
6994
9694
306
1200
1821
2317
2389
2449
2446
2391
2316
1820
1199
308
417
1025
369
67
597
1400
253
254
1139
421
4154
6458
2385
4153
1192
334
1402
16
44
150
1034
1784
1972
1978
2001
2000
1999
1985
1997
1988
1982
1981
1980
1983
1979
1984
1986
1987
1989
1990
1991
1992
1993
1994
1995
1998
1996
1977
1975
1973
1970
2007
2831
6905
4677
9713
9714
3565
1621
2077
2100
758
2379
1252
419
516
485
484
517
420
1251
531
2691
5816
2945
3863
1544
8051
8050
8048
8047
8049
8046
8045
8044
2452
5817
1031
56
4159
6098
6097
6099
1891
4458
6516
4480
6869
9726
7885
9725
7884
8337
2759
1500
6504
6503
7977
4530
5762
4506
5821
5972
9723
4208
4310
6774
5764
6089
2074
6934
5584
5973
5743
4281
6899
6900
4087
6473
6901
3588
4491
6902
6471
4348
5996
5454
6316
224
5662
6201
4216
5901
6027
8681
8683
8687
8680
8679
8678
8677
8676
8675
8682
8673
8672
8685
8686
8674
8684
8688
8689
8690
2758
5268
6985
4881
8151
7043
6547
5599
2234
2797
9720
9719
9718
9717
7757
7753
7752
7751
7758
7754
7756
7750
184
7755
6208
5581
4878
6528
6529
8152
6016
4391
7152
3577
964
285
895
1952
1960
1953
1509
1007
1073
1356
1951
1205
4883
4882
3392
6505
4295
9691
8336
5480
346
2818
2661
4182
4180
4179
4181
2689
4417
4418
4416
321
373
320
2323
327
328
1676
219
2803
7749
7748
7747
7746
7745
7744
7740
7742
7741
7739
7743
1770
1689
6699
206
2228
4371
532
1721
4368
4544
4478
6697
6703
6701
6696
6680
6684
6687
6688
6689
6679
6678
6677
6675
6690
6698
6691
6693
6700
6682
6685
6686
6681
6702
6695
6676
6692
6683
6694
6674
337
4547
4546
4476
4479
6178
5524
2297
2560
9665
5368
4674
4280
4477
1788
515
2273
5641
5646
5643
5645
5655
5648
5640
2082
5639
5644
5647
5642
5649
5650
5651
5652
5653
120
5654
487
5367
5364
5365
4011
5366
5256
2274
450
2754
2867
2868
5508
708
6262
6263
6265
6264
6261
6251
6259
6260
6257
6255
6254
5588
6252
6258
6253
5979
5208
6256
5676
2230
4370
6575
1178
5799
5800
5801
5802
5803
2660
4545
1379
4694
1028
8325
6557
6345
70
6479
1006
2218
2241
2219
6844
3235
1513
3389
3790
5660
3791
1328
392
1589
1640
1652
1588
134
116
1047
1046
1969
1923
6598
6597
6596
6595
6594
6593
6592
6591
1917
4856
1089
707
4353
240
7192
7188
2253
7190
7189
7191
7193
1696
1639
1929
1662
8228
7165
6220
8225
8229
7001
7167
6221
7166
5914
8218
5603
6072
6645
8227
6783
3993
4150
1388
5828
3578
2290
8220
8221
8222
7164
5913
8223
8224
8219
7163
6222
7162
5912
8066
1749
1206
2070
8226
8335
5242
8083
6769
6537
9689
8329
7160
6508
5113
9687
8821
6240
4895
5782
4278
2264
489
8332
1186
1156
1159
1153
4260
1157
3806
1177
6845
6714
1160
1158
1152
1154
1175
1176
1155
1183
4332
2266
7151
5925
5924
7149
6090
5550
6315
4884
7150
1217
313
2173
2224
2244
1876
1567
8333
2245
2486
2263
8334
1498
6314
826
2216
6825
7484
8622
6826
8623
8624
6822
6824
8625
8627
6657
8626
8617
7485
7486
6823
5696
8621
8620
8619
8618
3824
4362
1198
4542
1865
6375
6068
331
3834
6376
8853
5678
3459
414
216
8375
6989
6738
4114
4115
9682
9690
4113
1627
2465
3927
415
662
2026
143
239
2235
1182
1718
1234
763
5629
1717
2027
2215
1888
413
2284
2067
6664
119
6739
5363
6737
6764
4195
1029
2374
4510
4396
6582
6196
8361
1423
9679
9678
9677
9676
6344
2451
4269
9675
9674
9673
9672
609
5477
9558
9823
9681
9683
9684
9685
9686
9688
9671
9680
9670
9658
9650
9651
9652
9653
9654
9655
9656
9657
9659
9668
9660
9661
9662
9663
9664
9669
9692
9693
9716
9721
9722
9724
9727
9728
9729
9730
9731
9732
9733
9734
9715
9695
9696
9698
9699
9700
9703
9712
9704
9705
9706
9707
9708
9709
9710
9711
9583
9588
9589
9590
9598
9600
9582
9591
9581
9561
9563
9578
9580
9603
9604
9627
9628
9637
9643
9613
9605
9606
9607
9609
9610
9611
9612
9614
9623
9615
9616
9617
9618
9619
9620
9621
9622
9647
9736
9737
9738
9850
9851
9852
9853
9854
9855
9856
9857
9858
9859
9862
9863
9864
9865
9866
9868
9849
9848
9847
9836
9828
9829
9830
9831
9832
9834
9835
9837
9846
9838
9839
9840
9914
9872
9895
9896
9897
9898
9899
9900
9901
9902
9903
9904
9905
9906
9908
9909
9910
9911
9912
9913
9894
9893
9892
9873
9874
9875
9878
9879
9882
9891
9883
9886
9887
9888
9889
9890
9827
9826
9825
9824
9761
9762
9763
9764
9765
9766
9767
9768
9770
9779
9771
9772
9773
9774
9775
9776
9777
9778
9760
9769
9759
9747
9739
9740
9741
9742
9743
9744
9745
9746
9780
9782
9805
9806
9807
9808
9809
9810
9811
9816
9817
9818
9819
9821
9559
9804
9803
9802
9791
9783
9784
9785
9786
9788
9789
9801
9793
9794
9796
9797
9799
9515
9447
9527
9510
9497
9498
9499
9500
9501
9503
9508
9511
9525
9520
9442
9523
9519
9517
9512
9506
9505
9514
9518
9524
9522
9521
9516
9509
9507
9504
9502
9528
9556
9553
9552
9551
9550
9495
9546
9545
9544
9541
9539
9538
9536
9534
30
6647
6395
6394
1504
5328
5824
6393
5449
161
355
2668
1772
9532
9531
804
801
6722
5423
802
5446
6073
800
310
7835
7291
6713
7290
8165
8162
8164
8163
8166
7289
180
7288
7287
7286
6326
803
7834
7285
6340
3902
5415
1782
5572
5195
5128
5112
5103
4897
4943
4954
4956
5023
4993
5075
5006
4999
4996
4995
4994
5007
5009
5032
5010
5031
5030
5029
5027
5021
5017
5016
5014
4982
4950
4949
4941
4939
4981
4978
4977
4976
4974
4973
4972
4971
4970
5034
4968
4967
4966
5090
5102
5120
5136
5211
4613
4621
5244
4554
5207
5134
5119
5099
5087
5053
5071
5070
5069
5060
5056
4936
4907
4906
4899
4902
4901
4930
4927
4919
4916
4915
4912
4914
4918
4921
4923
4924
5108
5121
5144
5232
5442
194
5443
5231
5145
5122
5109
4908
4903
4910
4932
4929
4925
5094
5107
5124
5143
5236
4461
5235
5142
5123
5106
5095
4917
4926
5089
5098
5117
5131
5201
4552
5206
5147
5197
5576
5573
5196
5127
5110
5105
4898
4986
4988
4992
4998
5000
5005
4959
4979
4975
4935
4922
5083
5081
5082
5077
4958
4946
4940
4942
4952
4983
4985
5028
5004
4969
5003
5002
5001
4997
4991
4990
4989
4987
5091
5097
5115
5133
5203
4551
5204
5130
5118
5096
5088
5026
5025
5024
5022
5020
5019
5018
5015
5013
5012
5011
4984
4955
4953
4951
4948
4947
4945
4944
4938
4937
4960
4980
5093
5101
5114
5129
5202
4550
5205
5132
5116
5100
5092
4965
4964
4963
4962
4961
5008
5033
5044
5078
5086
5076
5085
5084
5079
5080
5074
5073
5051
5050
5049
5048
5047
5046
5045
5052
5035
5042
5041
5040
5039
5038
5037
5036
5043
5054
5055
5072
5068
5067
5066
5065
5064
5063
5062
5061
5059
5058
5057
4957
4934
4905
4909
4911
4904
4900
4933
4913
4931
4928
4920
4896
5104
5111
5126
5194
5571
693
694
692
691
5416
1805
5548
4892
4868
4839
4836
4696
4815
4822
4818
4770
4769
4767
4763
4791
4790
4789
4788
4787
4786
4785
4792
4784
4776
4777
4778
4779
4780
4781
4782
4775
4772
4757
4758
4759
4760
4761
4762
4764
4766
4768
4771
4783
4813
4795
4816
4817
4819
4820
4823
4829
4824
4825
4826
4828
4821
4796
4798
4799
4800
4801
4802
4804
4755
4805
4806
4807
4808
4809
4811
4756
4793
4720
4719
4717
4716
4710
4705
4702
4701
4695
4837
4840
4866
4891
5547
5553
5193
5554
5546
4894
4865
4844
4843
4846
4870
5139
4527
5140
4871
4848
4834
4832
4733
4731
4730
4729
4727
4726
4725
4723
4728
4735
4737
4739
4741
4742
4743
4744
4745
4751
4738
4721
4700
4699
4704
4703
4706
4707
4708
4711
4712
4714
4812
4794
4718
4715
4713
4724
4732
4734
4736
4753
4740
4746
4747
4748
4749
4750
4752
4722
4698
4709
4810
4797
4803
4814
4827
4830
4835
4851
4874
5150
4555
4556
5151
4875
4852
4842
4850
4869
5138
4528
5141
4872
4849
4833
4831
4765
4773
4754
4774
4697
4838
4841
4867
4893
5549
8891
8892
727
721
38
726
5735
5297
6742
6743
6744
299
6193
1702
6036
6037
6035
6033
6032
6030
6034
6028
6029
6031
6024
2674
4272
2673
501
6349
2061
8733
8734
8735
8737
8746
8738
8739
8740
8748
7573
7568
7567
7576
7580
7581
7574
7572
1314
7571
7566
7565
7564
7562
7560
7559
7557
7577
7579
8742
8743
8745
8727
8736
8741
8732
8757
8756
8755
8747
8728
8731
8730
8729
8744
8758
8753
8761
7555
7556
7558
7569
7570
7575
7578
7563
7561
8760
8759
8762
8752
8751
8749
8754
8763
8750
6441
6443
6445
2553
6444
6442
6438
6440
6446
6447
6457
1790
6708
6706
6707
6960
6962
6958
6961
6959
1269
343
149
448
533
458
185
756
2281
1694
2257
678
1495
2258
449
1798
277
5835
6300
439
5688
5529
5369
271
2664
1791
8190
8193
8191
8189
8187
8186
8486
8110
7221
8114
8485
8107
8484
8105
6671
8487
8116
8478
8115
8479
8111
8112
7380
8480
8113
7220
8109
7379
8108
8481
8185
8183
8182
8177
7142
8180
8179
8178
8188
8176
8181
8184
8192
7525
8239
8237
6820
8236
7524
8234
8233
8230
8238
8235
7522
8232
7069
6673
8104
8231
8103
7526
7520
7068
7521
7070
7523
8106
8482
8483
3293
2710
4132
5691
2055
4108
2819
4533
4008
4009
3294
2970
2969
8158
2440
5769
4509
5456
6002
32
8157
1232
1185
6672
6754
7231
7222
7230
7228
7227
7224
7223
7229
7225
7226
1193
8988
8987
8983
8981
9008
9007
9002
8992
9012
9011
9010
9009
9006
9005
9004
9013
9003
9001
9000
8999
8993
8998
8997
8996
8995
8994
8986
8989
8976
8985
8984
8990
8991
8982
8980
8979
8978
8977
298
1214
442
629
545
796
529
1573
830
1223
5564
6203
5457
6313
2938
5917
5605
7684
6862
2620
2720
2675
2719
2229
2476
2645
2718
2721
7454
4155
8801
4422
2761
2762
1321
2835
3989
7508
7810
7814
7811
7507
7812
7509
6763
7813
4021
6903
6525
6524
4104
9493
8646
4273
6608
3264
2813
1284
2350
1971
7255
7256
7257
7258
7259
7260
7261
7262
7263
6728
7269
7265
7266
7267
7268
7272
7270
7253
7281
7280
7279
7278
7283
7276
7275
7274
7273
7277
7271
7254
7264
6050
7252
6727
5798
7239
7241
7284
7282
7240
7242
7251
7244
7245
7246
7243
7247
7248
7249
7250
6412
4156
6096
381
4622
4541
813
861
5345
862
812
3356
2467
2492
919
811
8317
8318
6772
6566
5555
4013
1043
1078
1044
677
3556
4408
3847
230
1488
1713
4680
4681
5501
5250
6618
1381
1387
4487
4369
7237
7211
2103
5410
2102
5279
5727
2684
1312
6660
6662
5500
4439
5499
5498
2041
5343
4103
4121
3811
1546
6661
1547
2738
641
1384
642
153
5777
4675
5714
4004
6459
6460
3857
7543
6146
4471
5412
7544
3592
4470
2294
5814
3521
5889
5587
7546
6836
5680
7214
4303
6296
5630
2802
190
5593
5578
5579
6450
5309
6590
7883
2363
7882
4886
7881
7880
7879
7878
1963
2685
7039
7210
6534
7099
1898
1882
1502
1889
1897
1208
139
1890
1393
6439
5444
663
1508
7393
7336
7294
7293
7317
7318
7319
7338
7320
7321
6734
7322
7323
7324
7325
7326
7327
7328
7329
7330
7331
7332
7337
7333
7334
7335
7316
7315
7314
7303
7295
7296
6059
7297
6733
5808
7298
7299
7300
7301
7302
7304
7313
7305
7306
7307
7308
7309
7310
7311
7312
6416
2222
4436
6100
388
5483
6350
467
480
6124
6451
1494
2433
1793
4392
4693
436
144
464
1496
2271
2626
2630
2633
2641
2639
2643
2642
2640
2638
2637
2635
2644
2636
2634
2632
2627
2563
2079
1286
276
100
287
1033
2092
2947
3866
3872
3894
3892
3893
3891
3895
3889
3885
3886
3887
3890
3888
3871
3868
3451
2698
1760
1435
5135
2311
5785
6324
6325
549
248
711
1654
2256
2450
2459
2462
2464
2463
2461
2460
2457
2388
2104
1467
422
138
435
1255
2329
3175
3808
3829
3831
3832
3833
3828
3825
3453
2751
1947
1764
3440
3441
301
433
2596
1670
5189
5188
4279
5631
1505
5470
6226
5812
5632
1828
3777
4193
5383
3998
5868
717
753
5272
754
719
2804
2370
2444
776
718
3
8320
8321
5951
4373
7648
7649
7650
6049
7542
7541
7540
5507
4241
6139
7120
3997
6088
6553
5793
6153
5574
6154
5575
5531
4275
81
382
401
914
2217
2243
2262
1871
2236
2098
3368
311
2238
2336
3918
1802
2246
2068
2285
2063
2214
2250
1866
1510
1556
1554
1506
1528
1794
314
5790
7087
6453
6551
6042
6704
6552
5637
6466
5965
6467
5964
7219
521
7217
2716
1332
4490
1338
1823
1683
1431
1857
1230
2371
1956
1059
1795
636
760
1444
1187
1395
1318
1363
1087
330
1256
748
757
815
1010
1054
1305
1797
669
6192
5385
6424
5620
4360
5910
7218
6174
5376
6517
5636
1826
7187
7213
2069
1612
5954
5955
5960
5957
5956
5958
5961
5962
5953
5959
6000
2593
4205
2594
500
6249
2054
8784
8774
8772
8771
8768
8767
8766
8765
8764
7588
7587
7585
7584
7583
7582
7596
7597
1313
7608
7607
7604
7603
7602
7599
7606
7600
7601
7605
8773
8776
8800
8778
8777
8798
8797
8796
8795
8794
8793
8792
8791
8789
8787
8786
8785
8783
8780
7590
7591
7589
7592
7593
7594
7595
7586
7598
8779
8769
8799
8781
8782
8788
8790
8775
8770
6175
5886
5600
5308
1307
1070
1118
1163
1093
1565
1337
5315
4245
2453
1900
1225
1174
5249
4363
1094
530
6342
7849
5701
6323
6205
6651
5298
4365
1808
1005
3926
7181
5866
4092
4414
6856
4126
5616
7114
3905
7113
1401
5621
1918
8501
8503
8499
8497
8494
8500
8502
4398
5265
8489
8490
8491
8492
8493
8495
8496
2822
8498
3265
1008
282
491
127
492
490
5679
5413
7112
6911
7116
6496
6231
2807
6604
6835
5719
5633
7061
5591
2383
4618
5592
5590
1672
2888
518
3805
5301
4271
4534
4619
658
4130
3339
2381
1438
1437
2382
3340
4131
5690
5689
2093
1310
1270
259
506
6832
2619
19
29
146
1809
2
25
172
1243
2737
2972
2987
3071
3074
3081
3082
3083
3084
3085
3108
3115
3089
3088
3093
3090
3086
3080
3091
3079
3077
3076
3075
3073
3072
3070
3068
3067
3078
3092
3101
3094
3113
3109
3110
3111
3112
3114
3106
3105
3104
3103
3102
3107
3100
3099
3098
3097
3096
3095
3066
3069
3064
2988
2989
2982
3120
2954
3282
3473
4463
3475
3281
2953
3118
2980
3019
3018
3017
3016
3065
3087
3010
3011
3012
3013
3014
3015
3020
3021
3022
3023
3024
3009
3008
3007
2998
2992
2993
2994
2995
2996
2997
2999
3006
3000
3001
3002
3003
3004
3005
3025
3026
3027
3028
3048
3049
3050
3051
3052
3053
3157
3234
3570
4001
4425
4000
3571
3233
3156
3054
3055
2990
3056
3057
3058
3059
3060
3061
3062
3047
3063
3046
3044
3029
3030
3031
3032
3033
3034
3035
3036
3037
3038
3039
3040
3041
3042
3043
2991
3045
2981
3119
2955
3283
3474
4462
3472
2779
2150
546
93
4
1
6
90
607
1905
3587
3596
3705
3704
3703
3702
3675
3700
3698
3697
3696
3695
3693
3706
3691
3689
3688
3687
3674
3686
3685
3683
3682
3681
3680
3677
3676
3690
3707
3710
3712
3721
3719
3718
3716
3715
3711
3720
3709
3713
3714
3717
3701
3617
3618
3619
3620
3629
3630
3631
3599
3600
3602
3594
3776
3585
3801
3843
5215
5214
3842
3802
3584
3774
3595
3610
3613
3632
3655
3657
3658
3663
3666
3670
3671
3653
3652
3642
3635
3636
3637
3639
3640
3641
3645
3646
3647
3648
3650
3633
3649
3644
3651
3643
3638
3654
3664
3662
3660
3659
3603
3609
3607
3606
3628
3627
3673
3614
3779
3788
3899
4101
4888
183
4887
4102
3898
3787
3778
3621
3622
3623
3625
3626
3612
3611
3604
3634
3669
3708
3624
3616
3615
3665
3656
3668
3667
3661
3672
3608
3605
3601
3678
3679
3684
3692
3694
3699
3593
3775
3586
3803
3844
5213
5209
3835
1913
1084
163
91
69
1914
52
141
1016
2208
3917
3928
3934
3958
3960
3954
3949
3946
3945
3936
3943
3962
3940
3939
3938
3937
3947
3948
3950
3951
3959
3957
3956
3955
3953
3952
3941
3963
3944
3971
3982
3987
3975
3964
3972
3969
3966
3981
3942
3935
3983
3988
3974
3965
3976
3986
3967
3968
3970
3973
3978
3977
3984
3979
3985
3980
3961
3933
3932
3921
3597
1856
573
94
13
87
305
1460
2686
4017
4024
4045
4046
4047
4048
4049
4050
4051
4052
4053
4054
4055
4056
4042
4058
4059
4060
4043
4061
4041
4033
4027
4029
4028
4026
4040
4031
4032
4030
4034
4035
4036
4037
4038
4039
4057
4062
4073
4071
4070
4068
4064
4069
4075
4078
4076
4044
4063
4080
4079
4077
4072
4074
4065
4066
4067
4023
4022
3171
2242
1140
555
249
222
2276
221
335
112
380
6058
6057
6641
6639
5947
5950
6491
6485
6631
6633
6634
6635
6336
5687
5944
4200
6216
2380
6492
8034
6209
5948
5738
5506
5505
6212
1675
9035
6490
5463
5323
6644
6643
6339
6337
6488
5949
4334
6213
6630
6493
6632
6629
8197
8198
6056
9036
9037
9038
6215
7762
5327
6214
8035
5734
6581
7000
4515
5371
5946
6489
6335
6640
6334
4210
6211
6210
6487
6486
6642
6637
6636
5916
6338
6333
4211
6638
220
9039
212
640
6189
3525
289
447
356
1698
258
888
1349
1695
4481
1168
1883
3522
5387
242
2688
2732
2711
2730
2364
2493
2669
2733
2731
2348
2497
2473
2496
1840
2326
2064
2110
2109
8196
2490
536
1666
1665
2008
2368
9067
9068
9070
9050
9040
9055
9059
9062
9063
9065
9052
9069
9066
9064
9060
9058
9057
9056
9054
9053
9071
9072
9073
9074
9075
9077
9079
9080
9081
9082
9078
9076
9051
9061
9048
9042
9043
9044
9045
9046
9047
9049
9041
2081
512
3922
2646
6658
773
5437
5438
6007
5435
5513
6011
6341
5436
6659
6012
6013
6014
6015
7143
5434
6009
6008
6010
537
5823
5667
5666
167
598
361
9649
5745
524
525
4563
1868
6652
164
165
1837
5254
2268
6449
7502
8639
8638
8637
8636
8635
8634
7503
8633
7168
1839
1575
7964
7965
7955
6970
7961
7953
7951
7950
7958
7956
7957
7952
7963
7962
7966
7954
7960
7959
6969
1838
1624
1803
233
110
6435
6103
6102
6112
6113
6106
6107
6108
6110
6111
6104
2507
6105
2506
2505
6101
6114
6109
6115
1836
455
1329
1848
8645
8643
8642
8632
8644
8641
8640
8629
8630
8631
7169
8156
7115
6377
7122
6497
1623
5902
4105
1489
2780
5871
5355
4312
2357
1382
5156
5379
5459
5945
831
7123
2472
2354
5718
6204
2059
5565
3591
6523
4652
4128
5263
6173
5888
5288
2695
6043
2727
2089
2692
1560
4466
3455
1789
3920
5252
6543
6544
6461
4297
665
666
627
1013
520
398
1181
499
6171
6876
6877
5770
5271
5659
1801
4288
4185
4289
507
4290
4249
4250
4248
1403
4186
4187
7119
1024
4427
6142
5318
5152
6144
6143
5310
5312
5445
264
5311
6583
6370
7121
6498
5771
5270
6554
6322
6268
5421
6276
393
648
585
377
488
1519
6275
4668
7533
7534
7535
7537
7536
7532
5344
6986
215
8070
8068
8067
8069
34
39
2378
2468
252
1196
1308
1714
1712
399
142
462
1492
2254
2592
2603
2607
2610
2612
2613
2614
2609
2615
2616
2617
2618
2611
2608
2606
2600
2509
2065
1283
273
99
286
1032
2091
2944
3865
3870
3882
3883
3877
3880
3878
3876
3875
3873
3879
3881
3874
3869
3867
3450
2697
1753
1433
5409
315
1854
1617
1616
400
241
688
1607
2113
2325
2335
2340
2342
2341
2339
2338
2332
2305
1967
1429
405
137
434
1254
2320
3124
3789
3796
3800
3799
3798
3795
3793
3438
2741
1930
1746
456
457
2631
432
3563
1747
2094
5830
6555
6532
3280
3838
2396
6417
2279
5684
2322
171
45
132
701
1767
2356
2393
2398
2403
2406
2402
2410
2424
2425
2407
2399
2428
2413
2411
2418
2417
2423
2426
2422
2421
2432
2420
2431
2400
2427
2401
2404
2405
2409
2430
2429
2412
2414
2415
2416
2408
2419
2397
2395
2360
2252
1367
350
77
21
101
354
1541
2491
3162
3177
3180
3191
3178
3190
3189
3188
3186
3185
3184
3183
3193
3179
3187
3192
3200
3194
3206
3205
3204
3201
3202
3208
3210
3209
3212
3195
3196
3197
3198
3199
3203
3211
3207
3181
3182
3176
3166
2501
1792
709
359
1167
1026
3916
4430
3915
7117
1113
4381
2566
4494
3912
4493
2018
5295
5425
5294
2628
5580
1655
4685
4686
4687
4688
3569
575
1550
378
908
476
560
1068
1203
1697
7212
5811
4889
5731
1699
6156
3165
2809
1434
2107
2375
3158
1768
1237
1030
2777
453
1386
1048
1521
1148
2304
1674
1207
6172
5887
4351
1250
3994
5805
496
510
4354
509
497
2267
2204
2220
527
498
8079
4415
6292
5999
9363
9364
9365
7618
9366
9367
9368
9388
9369
9370
9371
9372
9373
7619
9374
7623
9375
7631
9376
9377
9378
9379
9380
9381
9382
9383
9384
9385
9362
9386
9361
9359
9336
9337
9338
9339
9340
9341
9342
9343
9344
9345
9346
9347
9348
9349
9350
9351
7622
9352
9353
9354
9355
9356
9357
9358
9360
7609
9387
9406
9415
9416
9417
9418
7632
9419
9420
9421
9423
9424
7617
9426
9428
9429
9430
9431
9414
9422
9412
9411
7610
9391
9392
9393
9394
9395
7616
9396
9389
9399
9400
9401
9402
9403
7613
9405
9407
9409
9390
9425
9410
7620
9408
9404
9398
9397
9413
9427
9432
9335
7627
9333
9311
9244
9245
9246
9247
9248
9249
9250
9251
9252
9253
9254
9255
9256
9257
9258
9259
9260
9261
9262
9242
9264
9265
7625
9266
9267
9268
9269
9270
9243
9271
9241
9235
9223
9222
9219
9221
9220
9225
7624
9218
9334
9217
9216
9215
9224
9226
9240
9228
9229
9230
9231
9232
9233
9234
9227
9236
7628
9237
9238
9239
9263
7626
9272
7630
9332
9274
9305
9306
9307
9308
9309
9310
9273
9312
9313
9314
9315
9316
9317
9318
9319
9320
9321
7629
9322
9323
9324
9325
9326
9327
7611
9328
9329
9330
9331
9304
9303
9302
9287
9275
9276
7612
9277
9278
9279
7621
9280
9281
9282
9283
9284
9285
9286
9288
7614
9301
7615
9289
9290
9291
9292
9293
9294
9295
9296
9297
9298
9299
3173
3174
3172
9300
1847
5304
6889
6888
6891
6890
6119
6118
9163
9161
9160
9159
9158
9157
9156
9155
9162
9173
9174
9191
9187
9186
9185
9184
9183
9182
9181
9180
9179
9178
9177
9176
9175
9192
9151
9129
9128
9127
9126
9125
9124
9123
9130
9122
9120
9119
9118
9117
9115
9114
9131
9133
9150
9147
9146
9143
9139
9134
9153
9112
9135
9136
9138
9140
203
9142
9144
9145
9148
9149
9132
9121
9116
9154
9188
9189
9190
9172
9165
9166
9167
9168
9169
9170
9113
9152
9086
9088
9083
9197
9194
9141
9171
9164
9111
9090
9101
6006
9093
9109
9105
9104
9110
9102
9099
9098
9096
9084
9085
9087
9089
9103
9092
9106
9107
9108
9091
9100
9097
9095
9094
9137
9193
9196
9195
9214
9212
9211
9210
9209
9208
9207
9206
9213
9204
9203
9202
9201
9200
9205
9199
9198
7373
7374
1911
6907
7828
8080
8082
7827
8081
8077
8078
8075
8076
5998
8074
8071
8073
8072
7118
5348
7504
7505
7506
5991
7071
6584
6371
2362
1164
1121
896
6527
6307
6957
4109
341
6951
6223
5724
1020
1133
1590
1180
1690
3232
6480
1771
6241
1143
1126
1127
1128
1129
1131
1130
1125
1124
6833
2595
6202
5903
5700
1862
1342
1353
1352
547
1341
1863
3901
6004
1711
106
114
887
1818
3355
4015
4129
4137
4148
4138
4139
4140
4141
4142
4143
4146
4144
4145
4147
4149
4136
4152
4151
4158
4192
5212
229
475
147
178
159
1021
1867
3465
4083
4161
4164
4170
4172
4167
4171
4173
4176
4165
4168
4166
4175
4174
4169
4163
4178
4177
4191
4201
5233
272
494
117
639
1725
3391
4107
4213
4214
4223
4217
4218
4219
4220
4221
4222
4224
4232
4225
4226
4227
4228
4229
4230
4231
4215
4234
4233
4238
4247
5266
169
445
296
1358
2106
2725
2840
2939
2942
2957
3123
4318
511
832
4379
6046
2551
4557
177
43
131
699
1783
2471
2510
2514
2521
2540
2530
2545
2526
2541
2519
2543
2520
2531
2532
2533
2537
2527
2525
2529
2516
2544
2546
2549
2542
2517
2518
2522
2523
2524
2538
2539
2536
2535
2534
2528
2548
2550
2547
2515
2511
2479
2302
1385
353
78
20
98
348
1530
2552
3279
3291
3308
3307
3314
3305
3301
3325
3322
3320
3298
3306
3310
3311
3312
3313
3299
3303
3324
3329
3309
3300
3297
3331
3302
3296
3326
3327
3317
3323
3328
3330
3321
3319
3318
3315
3304
3316
3286
3284
2557
1800
710
360
6507
5904
2255
6188
6895
9476
9475
9474
5933
601
1903
618
1892
1899
508
612
3289
613
5384
3290
4018
565
526
3836
9469
9468
9467
9466
9465
735
5
