0.000000
0.000000
0.000000
0.000000
0.000131
0.000136
0.000105
0.000021
0.000024
0.000136
0.000099
0.000012
0.000012
0.000012
0.000012
0.000023
0.000136
0.000104
0.000017
0.000021
0.000005
0.000002
0.000019
0.000107
0.000045
0.000044
0.000020
0.000136
0.000104
0.000093
0.000093
0.000040
0.000093
0.000017
0.000093
0.000014
0.000157
0.000122
0.000136
0.000100
0.000025
0.000018
0.000022
0.000024
0.000023
0.000024
0.000018
0.000136
0.000102
0.000024
0.000024
0.000009
0.000136
0.000104
0.000023
0.000018
0.000017
0.000014
0.000021
0.000000
0.000016
0.000028
0.000015
0.000004
0.000032
0.000021
0.000006
0.000004
0.000004
0.000004
0.000004
0.000004
0.000004
0.000100
0.000212
0.000072
0.000004
0.000004
0.000004
0.000004
0.000004
0.000004
0.000087
0.000128
0.000053
0.000006
0.000004
0.000004
0.000004
0.000004
0.000133
0.000074
0.000267
0.000117
0.000006
0.000004
0.000004
0.000004
0.000004
0.000004
0.000004
0.000004
0.000004
0.000004
0.000004
0.000015
0.000004
0.000003
0.000003
0.000003
0.000003
0.000004
0.000015
0.000161
0.000077
0.000077
0.000010
0.000035
0.000020
0.000006
0.000004
0.000004
0.000004
0.000009
0.000005
0.000005
0.000026
0.000077
0.000005
0.000005
0.000005
0.000005
0.000005
0.000019
0.000019
0.000018
0.000019
0.000020
0.000019
0.000018
0.000008
0.000027
0.000003
0.000008
0.000032
0.000039
0.000024
0.000023
0.000019
0.000008
0.000091
0.000006
0.000013
0.000013
0.000013
0.000009
0.000009
0.000019
0.000006
0.000013
0.000012
0.000006
0.000006
0.000003
0.000003
0.000003
0.000003
0.000003
0.000003
0.000003
0.000003
0.000003
0.000003
0.000008
0.000008
0.000002
0.000002
0.000002
0.000002
0.000002
0.000002
0.000002
0.000002
0.000002
0.000002
0.000002
0.000002
0.000002
0.000002
0.000002
0.000003
0.000003
0.000003
0.000003
0.000003
0.000003
0.000003
0.000007
0.000012
0.000003
0.000003
0.000003
0.000003
0.000002
0.000107
0.000003
0.000003
0.000012
0.000007
0.000007
0.000007
0.000006
0.000040
0.000019
0.000024
0.000000
0.000000
0.000023
0.000024
0.000025
0.000019
0.000006
0.000007
0.000004
0.000161
0.000063
0.000064
0.000004
0.000004
0.000004
0.000004
0.000004
0.000004
0.000279
0.000119
0.000014
0.000005
0.000016
0.000005
0.000099
0.000049
0.000050
0.000006
0.000003
0.000003
0.000005
0.000031
0.000005
0.000006
0.000090
0.000002
0.000023
0.000023
0.000023
0.000023
0.000003
0.000018
0.000003
0.000009
0.000003
0.000003
0.000001
0.000103
0.000000
0.000000
0.000000
0.000000
0.000000
0.000459
0.000003
0.000043
0.000034
0.000016
0.000002
0.000006
0.000002
0.000007
0.000004
0.000002
0.000006
0.000002
0.000007
0.000004
0.000003
0.000023
0.000005
0.000001
0.000003
0.000005
0.000003
0.000001
0.000003
0.000006
0.000003
0.000003
0.000003
0.000001
0.000013
0.000003
0.000001
0.000005
0.000005
0.000003
0.000001
0.000012
0.000003
0.000005
0.000003
0.000002
0.000003
0.000002
0.000003
0.000000
0.000003
0.000000
0.000003
0.000023
0.000004
0.000001
0.000001
0.000011
0.000003
0.000001
0.000009
0.000003
0.000003
0.000003
0.000004
0.000015
0.000005
0.000004
0.000009
0.000003
0.000003
0.000001
0.000001
0.000014
0.000129
0.000003
0.000007
0.000004
0.000007
0.000004
0.000009
0.000005
0.000000
0.000003
0.000004
0.000022
0.000001
0.000001
0.000001
0.000001
0.000001
0.000001
0.000001
0.000001
0.000001
0.000001
0.000001
0.000001
0.000001
0.000001
0.000001
0.000001
0.000001
0.000005
0.000003
0.000001
0.000011
0.000005
0.000004
0.000004
0.000004
0.000004
0.000011
0.000004
0.000010
0.000003
0.000025
0.000011
0.000001
0.000003
0.000003
0.000007
0.000003
0.000003
0.000001
0.000001
0.000001
0.000001
0.000001
0.000001
0.000001
0.000001
0.000001
0.000001
0.000001
0.000001
0.000001
0.000001
0.000001
0.000003
0.000006
0.000001
0.000001
0.000008
0.000001
0.000026
0.000024
0.000015
0.000011
0.000012
0.000002
0.000029
0.000004
0.000026
0.000071
0.000085
0.000085
0.000085
0.000071
0.000002
0.000096
0.000096
0.000002
0.000105
0.000002
0.000002
0.000002
0.000004
0.000002
0.000002
0.000096
0.000096
0.000105
0.000002
0.000002
0.000014
0.000034
0.000034
0.000002
0.000004
0.000027
0.000017
0.000009
0.000007
0.000006
0.000006
0.000033
0.000104
0.000027
0.000088
0.000088
0.000088
0.000002
0.000002
0.000002
0.000002
0.000002
0.000095
0.000095
0.000002
0.000002
0.000002
0.000104
0.000002
0.000002
0.000002
0.000003
0.000002
0.000002
0.000047
0.000047
0.000214
0.000002
0.000013
0.000002
0.000013
0.000034
0.000033
0.000002
0.000003
0.000030
0.000017
0.000009
0.000007
0.000006
0.000006
0.000032
0.000103
0.000028
0.000103
0.000002
0.000088
0.000088
0.000088
0.000002
0.000003
0.000002
0.000003
0.000095
0.000095
0.000002
0.000002
0.000002
0.000012
0.000005
0.000002
0.000002
0.000002
0.000002
0.000002
0.000003
0.000002
0.000002
0.000047
0.000047
0.000214
0.000002
0.000005
0.000013
0.000034
0.000033
0.000002
0.000003
0.000002
0.000023
0.000000
0.000000
0.000000
0.000000
0.000000
0.000000
0.000000
0.000000
0.000000
0.000000
0.000000
0.000000
0.000000
0.000005
0.000006
0.000002
0.000002
0.000022
0.000000
0.000002
0.000002
0.000012
0.000002
0.000002
0.000007
0.000000
0.000000
0.000000
0.000000
0.000000
0.000000
0.000000
0.000000
0.000002
0.000009
0.000003
0.000000
0.000003
0.000000
0.000007
0.000000
0.000003
0.000000
0.000007
0.000002
0.000003
0.000000
0.000003
0.000002
0.000003
0.000010
0.000000
0.000002
0.000002
0.000002
0.000002
0.000061
0.000018
0.000011
0.000009
0.000011
0.000023
0.000003
0.000016
0.000003
0.000003
0.000003
0.000011
0.000021
0.000030
0.000018
0.000017
0.000012
0.000006
0.000012
0.000006
0.000030
0.000012
0.000012
0.000004
0.000004
0.000033
0.000004
0.000004
0.000004
0.000002
0.000002
0.000002
0.000004
0.000004
0.000004
0.000002
0.000004
0.000145
0.000009
0.000145
0.000040
0.000005
0.000004
0.000044
0.000004
0.000004
0.000002
0.000002
0.000010
0.000022
0.000007
0.000007
0.000011
0.000013
0.000006
0.000004
0.000002
0.000007
0.000022
0.000006
0.000003
0.000003
0.000003
0.000003
0.000003
0.000003
0.000003
0.000003
0.000003
0.000003
0.000003
0.000005
0.000006
0.000001
0.000003
0.000001
0.000001
0.000001
0.000002
0.000000
0.000012
0.000002
0.000002
0.000002
0.000005
0.000005
0.000003
0.000000
0.000013
0.000002
0.000019
0.000002
0.000004
0.000011
0.000016
0.000004
0.000209
0.000002
0.000002
0.000002
0.000002
0.000003
0.000002
0.000000
0.000005
0.000003
0.000003
0.000000
0.000003
0.000005
0.000013
0.000002
0.000008
0.000002
0.000000
0.000002
0.000002
0.000014
0.000002
0.000003
0.000000
0.000005
0.000000
0.000039
0.000023
0.000005
0.000013
0.000012
0.000003
0.000009
0.000002
0.000003
0.000004
0.000003
0.000019
0.000003
0.000008
0.000003
0.000020
0.000010
0.000015
0.000005
0.000003
0.000003
0.000006
0.000006
0.000003
0.000003
0.000003
0.000019
0.000009
0.000019
0.000008
0.000016
0.000005
0.000003
0.000003
0.000007
0.000008
0.000003
0.000014
0.000003
0.000003
0.000012
0.000003
0.000003
0.000003
0.000013
0.000016
0.000007
0.000006
0.000006
0.000013
0.000005
0.000014
0.000017
0.000008
0.000021
0.000024
0.000003
0.000007
0.000002
0.000029
0.000028
0.000005
0.000060
0.000002
0.000002
0.000016
0.000004
0.000004
0.000000
0.000004
0.000010
0.000012
0.000003
0.000002
0.000012
0.000052
0.000000
0.000034
0.000028
0.000003
0.000055
0.000002
0.000004
0.000004
0.000002
0.000004
0.000008
0.000002
0.000002
0.000002
0.000003
0.000004
0.000119
0.000002
0.000004
0.000004
0.000004
0.000004
0.000004
0.000003
0.000006
0.000002
0.000002
0.000016
0.000002
0.000001
0.000003
0.000003
0.000001
0.000005
0.000003
0.000012
0.000003
0.000017
0.000008
0.000002
0.000003
0.000017
0.000002
0.000005
0.000010
0.000005
0.000003
0.000000
0.000001
0.000001
0.000001
0.000005
0.000001
0.000001
0.000002
0.000001
0.000001
0.000004
0.000001
0.000001
0.000016
0.000004
0.000006
0.000029
0.000003
0.000039
0.000007
0.000002
0.000002
0.000002
0.000002
0.000003
0.000036
0.000003
0.000008
0.000003
0.000003
0.000003
0.000003
0.000001
0.000003
0.000007
0.000005
0.000009
0.000003
0.000003
0.000013
0.000005
0.000004
0.000005
0.000011
0.000008
0.000003
0.000005
0.000003
0.000003
0.000003
0.000003
0.000008
0.000015
0.000022
0.000005
0.000006
0.000003
0.000006
0.000004
0.000003
0.000004
0.000005
0.000000
0.000003
0.000028
0.000003
0.000003
0.000001
0.000003
0.000004
0.000027
0.000003
0.000014
0.000008
0.000011
0.000014
0.000007
0.000003
0.000003
0.000110
0.000003
0.000003
0.000005
0.000006
0.000008
0.000116
0.000003
0.000004
0.000015
0.000003
0.000004
0.000012
0.000010
0.000003
0.000009
0.000004
0.000002
0.000008
0.000005
0.000007
0.000016
0.000003
0.000004
0.000003
0.000005
0.000005
0.000006
0.000005
0.000003
0.000003
0.000003
0.000006
0.000002
0.000003
0.000004
0.000003
0.000003
0.000006
0.000003
0.000003
0.000002
0.000003
0.000003
0.000007
0.000005
0.000005
0.000005
0.000006
0.000003
0.000003
0.000003
0.000003
0.000008
0.000033
0.000003
0.000003
0.000003
0.000007
0.000003
0.000007
0.000003
0.000005
0.000012
0.000003
0.000017
0.000003
0.000001
0.000003
0.000012
0.000123
0.000003
0.000003
0.000010
0.000001
0.000005
0.000003
0.000005
0.000003
0.000002
0.000003
0.000011
0.000003
0.000003
0.000003
0.000010
0.000003
0.000003
0.000010
0.000006
0.000004
0.000004
0.000022
0.000036
0.000005
0.000003
0.000006
0.000009
0.000003
0.000005
0.000008
0.000005
0.000003
0.000003
0.000003
0.000036
0.000140
0.000010
0.000009
0.000002
0.000003
0.000004
0.000007
0.000004
0.000008
0.000001
0.000003
0.000003
0.000007
0.000007
0.000003
0.000036
0.000006
0.000001
0.000035
0.000000
0.000003
0.000036
0.000006
0.000014
0.000129
0.000121
0.000067
0.000060
0.000021
0.000070
0.000097
0.000092
0.000088
0.000087
0.000086
0.000086
0.000086
0.000086
0.000086
0.000086
0.000086
0.000086
0.000086
0.000086
0.000087
0.000088
0.000092
0.000097
0.000070
0.000025
0.000069
0.000095
0.000090
0.000087
0.000085
0.000085
0.000084
0.000084
0.000084
0.000084
0.000084
0.000084
0.000084
0.000084
0.000084
0.000084
0.000084
0.000084
0.000084
0.000084
0.000084
0.000084
0.000084
0.000084
0.000085
0.000085
0.000087
0.000090
0.000095
0.000069
0.000004
0.000016
0.000003
0.000023
0.000005
0.000012
0.000029
0.000007
0.000020
0.000005
0.000038
0.000009
0.000014
0.000008
0.000004
0.000006
0.000007
0.000008
0.000008
0.000008
0.000010
0.000008
0.000009
0.000007
0.000009
0.000004
0.000013
0.000002
0.000005
0.000013
0.000004
0.000012
0.000005
0.000008
0.000008
0.000004
0.000008
0.000007
0.000010
0.000004
0.000014
0.000002
0.000002
0.000002
0.000004
0.000023
0.000070
0.000096
0.000091
0.000088
0.000086
0.000086
0.000086
0.000086
0.000086
0.000086
0.000086
0.000086
0.000086
0.000086
0.000086
0.000086
0.000086
0.000086
0.000086
0.000088
0.000091
0.000096
0.000070
0.000005
0.000126
0.000028
0.000016
0.000009
0.000022
0.000002
0.000017
0.000004
0.000007
0.000017
0.000004
0.000005
0.000002
0.000005
0.000007
0.000000
0.000008
0.000003
0.000003
0.000138
0.000005
0.000000
0.000006
0.000020
0.000029
0.000003
0.000011
0.000007
0.000081
0.000009
0.000013
0.000025
0.000008
0.000007
0.000022
0.000003
0.000003
0.000005
0.000037
0.000057
0.000022
0.000014
0.000014
0.000010
0.000036
0.000003
0.000013
0.000004
0.000021
0.000003
0.000004
0.000005
0.000009
0.000005
0.000011
0.000006
0.000026
0.000009
0.000022
0.000014
0.000044
0.000039
0.000031
0.000009
0.000036
0.000006
0.000031
0.000036
0.000043
0.000032
0.000005
0.000013
0.000002
0.000013
0.000007
0.000012
0.000003
0.000003
0.000015
0.000008
0.000003
0.000003
0.000003
0.000006
0.000005
0.000005
0.000005
0.000003
0.000003
0.000005
0.000003
0.000003
0.000003
0.000013
0.000005
0.000007
0.000006
0.000004
0.000016
0.000002
0.000018
0.000006
0.000017
0.000015
0.000003
0.000016
0.000001
0.000018
0.000012
0.000002
0.000015
0.000004
0.000000
0.000002
0.000004
0.000011
0.000015
0.000015
0.000002
0.000002
0.000002
0.000002
0.000002
0.000002
0.000002
0.000002
0.000109
0.000002
0.000004
0.000005
0.000002
0.000002
0.000004
0.000024
0.000007
0.000003
0.000023
0.000003
0.000010
0.000074
0.000029
0.000057
0.000035
0.000061
0.000113
0.000030
0.000014
0.000005
0.000007
0.000003
0.000014
0.000010
0.000092
0.000011
0.000002
0.000000
0.000011
0.000002
0.000002
0.000002
0.000011
0.000111
0.000092
0.000032
0.000004
0.000002
0.000004
0.000002
0.000002
0.000004
0.000004
0.000018
0.000012
0.000101
0.000156
0.000080
0.000042
0.000032
0.000030
0.000030
0.000030
0.000030
0.000030
0.000034
0.000047
0.000109
0.000221
0.000103
0.000052
0.000029
0.000024
0.000023
0.000023
0.000023
0.000023
0.000025
0.000032
0.000035
0.000008
0.000009
0.000037
0.000027
0.000017
0.000008
0.000002
0.000003
0.000004
0.000003
0.000004
0.000003
0.000004
0.000002
0.000007
0.000008
0.000009
0.000011
0.000012
0.000003
0.000003
0.000012
0.000007
0.000026
0.000006
0.000142
0.000006
0.000000
0.000002
0.000022
0.000000
0.000001
0.000000
0.000003
0.000011
0.000002
0.000012
0.000002
0.000002
0.000000
0.000000
0.000002
0.000002
0.000002
0.000002
0.000002
0.000002
0.000012
0.000010
0.000004
0.000002
0.000004
0.000026
0.000998
0.000691
0.000248
0.000073
0.000037
0.000033
0.000032
0.000032
0.000032
0.000032
0.000032
0.000032
0.000032
0.000032
0.000032
0.000032
0.000032
0.000032
0.000032
0.000032
0.000032
0.000032
0.000032
0.000032
0.000032
0.000032
0.000032
0.000032
0.000032
0.000033
0.000033
0.000032
0.000023
0.000007
0.000002
0.000009
0.000002
0.000002
0.000005
0.000002
0.000005
0.000005
0.000003
0.000005
0.000000
0.000002
0.000002
0.000013
0.000002
0.000012
0.000004
0.000002
0.000000
0.000002
0.000013
0.000002
0.000002
0.000013
0.000002
0.000005
0.000000
0.000000
0.000016
0.000003
0.000000
0.000000
0.000007
0.000003
0.000012
0.000002
0.000002
0.000004
0.000000
0.000002
0.000000
0.000002
0.000002
0.000002
0.000000
0.000025
0.000005
0.000026
0.000000
0.000002
0.000000
0.000002
0.000000
0.000003
0.000012
0.000003
0.000005
0.000026
0.000021
0.000003
0.000003
0.000003
0.000003
0.000008
0.000013
0.000104
0.000015
0.000021
0.000015
0.000016
0.000028
0.000016
0.000005
0.000014
0.000002
0.000002
0.000010
0.000000
0.000000
0.000004
0.000010
0.000002
0.000006
0.000002
0.000002
0.000002
0.000004
0.000002
0.000002
0.000004
0.000003
0.000008
0.000001
0.000001
0.000001
0.000001
0.000001
0.000001
0.000001
0.000001
0.000001
0.000001
0.000001
0.000001
0.000020
0.000001
0.000001
0.000002
0.000000
0.000011
0.000033
0.000007
0.000005
0.000005
0.000023
0.000026
0.000005
0.000005
0.000028
0.000047
0.000062
0.000026
0.001313
0.000699
0.000336
0.000097
0.000042
0.000024
0.000023
0.000023
0.000023
0.000023
0.000023
0.000023
0.000023
0.000023
0.000023
0.000023
0.000023
0.000023
0.000023
0.000023
0.000023
0.000023
0.000023
0.000023
0.000023
0.000023
0.000023
0.000023
0.000023
0.000023
0.000024
0.000023
0.000022
0.000013
0.000038
0.000002
0.000025
0.001237
0.000660
0.000318
0.000093
0.000041
0.000024
0.000023
0.000023
0.000023
0.000023
0.000023
0.000023
0.000023
0.000023
0.000023
0.000023
0.000023
0.000023
0.000023
0.000023
0.000023
0.000023
0.000023
0.000023
0.000023
0.000023
0.000023
0.000023
0.000024
0.000023
0.000022
0.000013
0.000002
0.000000
0.000002
0.000022
0.000220
0.000099
0.000049
0.000024
0.000018
0.000016
0.000016
0.000016
0.000016
0.000016
0.000016
0.000016
0.000016
0.000016
0.000016
0.000016
0.000016
0.000016
0.000016
0.000016
0.000015
0.000010
0.000000
0.000020
0.000057
0.000006
0.000000
0.000008
0.000061
0.000019
0.000017
0.000013
0.000019
0.000015
0.000015
0.000071
0.000010
0.000008
0.000010
0.000008
0.000004
0.000015
0.000007
0.000008
0.000010
0.000022
0.000008
0.000004
0.000007
0.000017
0.000008
0.000012
0.000008
0.000008
0.000007
0.000028
0.000018
0.000002
0.000003
0.000000
0.000003
0.000007
0.000000
0.000000
0.000007
0.000015
0.000007
0.000003
0.000132
0.000007
0.000003
0.000132
0.000008
0.000010
0.000007
0.000008
0.000007
0.000007
0.000010
0.000002
0.000004
0.000002
0.000002
0.000002
0.000015
0.000003
0.000005
0.000010
0.000025
0.000008
0.000008
0.000009
0.000009
0.000008
0.000005
0.000005
0.000002
0.000007
0.000002
0.000006
0.000004
0.000000
0.000000
0.000004
0.000004
0.000004
0.000005
0.000001
0.000002
0.000000
0.000023
0.000000
0.000001
0.000092
0.000000
0.000092
0.000002
0.000000
0.000000
0.000002
0.000000
0.000002
0.000000
0.000000
0.000000
0.000000
0.000010
0.000025
0.000010
0.000003
0.000006
0.000003
0.000100
0.000099
0.000005
0.000100
0.000099
0.000001
0.000001
0.000001
0.000001
0.000005
0.000003
0.000003
0.000001
0.000003
0.000002
0.000002
0.000000
0.000002
0.000000
0.000002
0.000000
0.000206
0.000071
0.000038
0.000029
0.000027
0.000027
0.000027
0.000027
0.000027
0.000027
0.000027
0.000029
0.000038
0.000071
0.000206
0.000148
0.000002
0.000000
0.000002
0.000000
0.000000
0.000176
0.000065
0.000038
0.000030
0.000029
0.000028
0.000028
0.000029
0.000030
0.000038
0.000065
0.000176
0.000134
0.000012
0.000010
0.000010
0.000015
0.000109
0.000109
0.000077
0.000004
0.000010
0.000004
0.000075
0.000028
0.001086
0.000749
0.000266
0.000076
0.000038
0.000033
0.000032
0.000032
0.000032
0.000032
0.000032
0.000032
0.000032
0.000032
0.000032
0.000032
0.000032
0.000032
0.000032
0.000032
0.000032
0.000032
0.000032
0.000032
0.000032
0.000032
0.000032
0.000032
0.000032
0.000032
0.000032
0.000032
0.000033
0.000033
0.000032
0.000023
0.000002
0.000003
0.000000
0.000000
0.000002
0.000012
0.000027
0.000027
0.000078
0.000012
0.000057
0.000126
0.000107
0.000112
0.000112
0.000107
0.000126
0.000057
0.000089
0.000020
0.000008
0.000017
0.000017
0.000039
0.000020
0.000008
0.000024
0.000050
0.000008
0.000004
0.000004
0.000004
0.000013
0.000003
0.000003
0.000006
0.000004
0.000002
0.000002
0.000004
0.000016
0.000010
0.000008
0.000015
0.000004
0.000002
0.000000
0.000004
0.000002
0.000004
0.000007
0.000002
0.000013
0.000006
0.000007
0.000005
0.000005
0.000005
0.000010
0.000003
0.000002
0.000014
0.000004
0.000198
0.000002
0.000002
0.000002
0.000004
0.000013
0.000002
0.000015
0.000002
0.000012
0.000055
0.000008
0.000006
0.000008
0.000016
0.000030
0.000039
0.000017
0.000008
0.000011
0.000005
0.000005
0.000008
0.000005
0.000002
0.000008
0.000088
0.000018
0.000018
0.000018
0.000094
0.000080
0.000094
0.000019
0.000090
0.000092
0.000007
0.000027
0.000018
0.000002
0.000002
0.000002
0.000002
0.000002
0.000002
0.000002
0.000002
0.000002
0.000002
0.000002
0.000021
0.000032
0.000032
0.000014
0.000013
0.000072
0.000014
0.000009
0.000012
0.000007
0.000092
0.000012
0.000012
0.000007
0.000007
0.000005
0.000016
0.000013
0.000007
0.000006
0.000010
0.000007
0.000023
0.000004
0.000004
0.000010
0.000004
0.000004
0.000007
0.000005
0.000011
0.000004
0.000008
0.000012
0.000012
0.000043
0.000005
0.000019
0.000002
0.000000
0.000228
0.000005
0.000081
0.000031
0.000031
0.000031
0.000000
0.000003
0.000008
0.000002
0.000000
0.000000
0.000020
0.000019
0.000006
0.000014
0.000017
0.000006
0.000040
0.000034
0.000019
0.000019
0.000010
0.000015
0.000002
0.000002
0.000002
0.000002
0.000002
0.000002
0.000002
0.000002
0.000015
0.000002
0.000012
0.000005
0.000006
0.000019
0.000014
0.000025
0.000001
0.000003
0.000001
0.000001
0.000004
0.000003
0.000003
0.000001
0.000005
0.000005
0.000001
0.000004
0.000004
0.000009
0.000000
0.000001
0.000001
0.000001
0.000003
0.000001
0.000001
0.000001
0.000003
0.000003
0.000002
0.000012
0.000018
0.000005
0.000001
0.000002
0.000009
0.000000
0.000002
0.000002
0.000002
0.000004
0.000000
0.000000
0.000002
0.000004
0.000004
0.000002
0.000006
0.000000
0.000024
0.000058
0.000058
0.000058
0.000058
0.000058
0.000058
0.000058
0.000058
0.000058
0.000058
0.000058
0.000058
0.000058
0.000003
0.000007
0.000002
0.000002
0.000002
0.000002
0.000003
0.000005
0.000006
0.000010
0.000002
0.000024
0.000045
0.000011
0.000012
0.000010
0.000016
0.000002
0.000010
0.000018
0.000009
0.000002
0.000018
0.000002
0.000010
0.000022
0.000005
0.000003
0.000001
0.000005
0.000001
0.000001
0.000005
0.000005
0.000001
0.000001
0.000005
0.000001
0.000001
0.000003
0.000003
0.000005
0.000009
0.000001
0.000001
0.000001
0.000001
0.000000
0.000002
0.000008
0.000004
0.000000
0.000001
0.000002
0.000001
0.000002
0.000013
0.000002
0.000002
0.000000
0.000000
0.000000
0.000000
0.000002
0.000002
0.000015
0.000027
0.000215
0.000189
0.000024
0.000049
0.000031
0.000032
0.000051
0.000010
0.000031
0.000027
0.000025
0.000027
0.000099
0.000022
0.000004
0.000002
0.000107
0.000002
0.000002
0.000003
0.000002
0.000014
0.000009
0.000003
0.000005
0.000000
0.000002
0.000015
0.000000
0.000000
0.000000
0.000000
0.000003
0.000007
0.000006
0.000000
0.000000
0.000092
0.000000
0.000000
0.000547
0.000020
0.000023
0.000023
0.000023
0.000023
0.000005
0.000019
0.000003
0.000017
0.000000
0.000008
0.000004
0.000004
0.000004
0.000003
0.000001
0.000012
0.000008
0.000032
0.000012
0.000000
0.000000
0.000022
0.000022
0.000018
0.003477
0.000017
0.000084
0.000035
0.000034
0.000018
0.000031
0.000013
0.000013
0.000003
0.000003
0.000012
0.000017
0.000020
0.000005
0.000003
0.000003
0.000018
0.000031
0.000013
0.000013
0.000003
0.000003
0.000012
0.000017
0.000020
0.000005
0.000003
0.000003
0.000008
0.000049
0.000001
0.000004
0.000102
0.000102
0.000001
0.000002
0.000008
0.000004
0.000003
0.000004
0.000010
0.000006
0.000004
0.000004
0.000006
0.000151
0.000182
0.000090
0.000012
0.000009
0.000022
0.000004
0.000009
0.000014
0.000374
0.000004
0.000009
0.000004
0.000009
0.000014
0.000020
0.000035
0.000002
0.000012
0.000002
0.000014
0.000063
0.000124
0.000004
0.000002
0.000051
0.000069
0.000006
0.000004
0.000102
0.000001
0.000013
0.000024
0.000024
0.000102
0.000025
0.000093
0.000093
0.000102
0.000001
0.000001
0.000009
0.000032
0.000001
0.000001
0.000228
0.000228
0.000001
0.000001
0.000001
0.000122
0.000062
0.000001
0.000091
0.000091
0.000003
0.000009
0.000100
0.000100
0.000001
0.000001
0.000001
0.000001
0.000001
0.000001
0.000001
0.000001
0.000001
0.000120
0.000120
0.000132
0.000100
0.000100
0.000001
0.000001
0.000076
0.000076
0.000110
0.000001
0.000001
0.000001
0.000009
0.000030
0.000002
0.000004
0.000004
0.000004
0.000002
0.000002
0.000002
0.000004
0.000007
0.000002
0.000005
0.000002
0.000002
0.000005
0.000002
0.000002
0.000054
0.000002
0.000012
0.000009
0.000026
0.000002
0.000004
0.000004
0.000004
0.000004
0.000004
0.000002
0.000006
0.000002
0.000002
0.000002
0.000002
0.000002
0.000787
0.000002
0.000004
0.000021
0.000002
0.000002
0.000002
0.000002
0.000002
0.000009
0.000008
0.000010
0.000004
0.000002
0.000004
0.000018
0.000002
0.000002
0.000002
0.000002
0.000009
0.000002
0.000002
0.000008
0.000041
0.000018
0.000103
0.000183
0.000036
0.000055
0.000055
0.000055
0.000055
0.000056
0.000036
0.000054
0.000055
0.000055
0.000055
0.000054
0.000056
0.000103
0.000001
0.000001
0.000002
0.000002
0.000014
0.000004
0.000001
0.000004
0.000008
0.000002
0.000184
0.000092
0.000012
0.000010
0.000024
0.000004
0.000008
0.000014
0.000368
0.000004
0.000008
0.000008
0.000193
0.000015
0.000061
0.000052
0.000050
0.000048
0.000048
0.000047
0.000047
0.000047
0.000047
0.000047
0.000047
0.000048
0.000047
0.000048
0.000047
0.000048
0.000031
0.000021
0.000103
0.000103
0.000005
0.000003
0.000309
0.000223
0.000004
0.000004
0.000002
0.000103
0.000013
0.000025
0.000025
0.000103
0.000028
0.000063
0.000064
0.000062
0.000103
0.000001
0.000008
0.000009
0.000018
0.000012
0.000029
0.000010
0.000010
0.000010
0.000010
0.000012
0.000030
0.000009
0.000009
0.000009
0.000009
0.000009
0.000021
0.000035
0.000004
0.000035
0.000006
0.000064
0.000004
0.000004
0.000004
0.000004
0.000004
0.000004
0.000004
0.000004
0.000004
0.000004
0.000004
0.000004
0.000004
0.000004
0.000004
0.000004
0.000004
0.000010
0.000006
0.000004
0.000012
0.000006
0.000004
0.000004
0.000004
0.000004
0.000012
0.000004
0.000011
0.000004
0.000030
0.000012
0.000001
0.000005
0.000003
0.000007
0.000006
0.000003
0.000007
0.000003
0.000007
0.000018
0.000610
0.000334
0.000170
0.000060
0.000034
0.000025
0.000025
0.000025
0.000025
0.000025
0.000025
0.000025
0.000024
0.000024
0.000014
0.000020
0.000721
0.000392
0.000196
0.000066
0.000035
0.000025
0.000024
0.000024
0.000024
0.000024
0.000024
0.000024
0.000024
0.000024
0.000025
0.000024
0.000023
0.000014
0.000022
0.000906
0.000488
0.000240
0.000075
0.000037
0.000024
0.000024
0.000024
0.000024
0.000024
0.000024
0.000024
0.000024
0.000024
0.000024
0.000024
0.000024
0.000024
0.000024
0.000024
0.000023
0.000023
0.000013
0.000020
0.000765
0.000416
0.000209
0.000069
0.000036
0.000025
0.000024
0.000024
0.000024
0.000024
0.000025
0.000024
0.000023
0.000013
0.000013
0.000024
0.000023
0.000024
0.000013
0.000025
0.001238
0.000660
0.000318
0.000093
0.000041
0.000024
0.000023
0.000023
0.000023
0.000023
0.000023
0.000023
0.000023
0.000023
0.000023
0.000023
0.000023
0.000023
0.000023
0.000023
0.000023
0.000023
0.000023
0.000023
0.000023
0.000023
0.000023
0.000023
0.000024
0.000023
0.000022
0.000013
0.000020
0.000758
0.000411
0.000205
0.000068
0.000035
0.000025
0.000024
0.000024
0.000024
0.000024
0.000024
0.000024
0.000024
0.000024
0.000024
0.000025
0.000024
0.000023
0.000013
0.000022
0.000906
0.000488
0.000240
0.000075
0.000037
0.000024
0.000024
0.000024
0.000024
0.000024
0.000024
0.000024
0.000024
0.000024
0.000024
0.000024
0.000024
0.000024
0.000024
0.000024
0.000023
0.000023
0.000013
0.000021
0.000872
0.000469
0.000229
0.000073
0.000036
0.000024
0.000025
0.000025
0.000028
0.000028
0.000037
0.000028
0.000028
0.000025
0.000025
0.000024
0.000024
0.000024
0.000023
0.000023
0.000013
0.000023
0.000980
0.000526
0.000257
0.000079
0.000038
0.000024
0.000024
0.000024
0.000024
0.000024
0.000024
0.000024
0.000024
0.000024
0.000024
0.000024
0.000024
0.000024
0.000024
0.000024
0.000024
0.000024
0.000023
0.000023
0.000013
0.000020
0.000721
0.000392
0.000196
0.000066
0.000035
0.000025
0.000024
0.000024
0.000024
0.000024
0.000024
0.000024
0.000024
0.000024
0.000025
0.000024
0.000023
0.000014
0.000022
0.000906
0.000488
0.000240
0.000075
0.000037
0.000024
0.000024
0.000024
0.000024
0.000024
0.000024
0.000024
0.000024
0.000024
0.000024
0.000024
0.000024
0.000024
0.000024
0.000024
0.000023
0.000023
0.000013
0.000021
0.000795
0.000430
0.000214
0.000069
0.000036
0.000025
0.000024
0.000024
0.000024
0.000024
0.000024
0.000024
0.000024
0.000024
0.000024
0.000024
0.000024
0.000023
0.000023
0.000013
0.000020
0.000758
0.000411
0.000205
0.000068
0.000035
0.000025
0.000024
0.000024
0.000024
0.000024
0.000024
0.000024
0.000024
0.000024
0.000024
0.000025
0.000024
0.000023
0.000013
0.000021
0.000795
0.000430
0.000214
0.000069
0.000036
0.000025
0.000024
0.000024
0.000024
0.000024
0.000024
0.000024
0.000024
0.000024
0.000024
0.000024
0.000024
0.000023
0.000023
0.000013
0.000018
0.000610
0.000334
0.000170
0.000060
0.000034
0.000025
0.000025
0.000025
0.000025
0.000025
0.000025
0.000025
0.000024
0.000024
0.000014
0.000002
0.000011
0.000007
0.000001
0.000001
0.000008
0.000002
0.000005
0.000028
0.000019
0.000014
0.000008
0.000010
0.000002
0.000029
0.000004
0.000296
0.000026
0.000071
0.000086
0.000086
0.000086
0.000071
0.000002
0.000097
0.000097
0.000002
0.000106
0.000002
0.000002
0.000002
0.000004
0.000002
0.000002
0.000097
0.000097
0.000106
0.000002
0.000005
0.000014
0.000035
0.000034
0.000002
0.000004
0.000008
0.000002
0.000035
0.000016
0.000010
0.000006
0.000006
0.000006
0.000033
0.000011
0.000004
0.000004
0.000028
0.000089
0.000089
0.000089
0.000002
0.000002
0.000002
0.000002
0.000002
0.000003
0.000097
0.000097
0.000005
0.000002
0.000003
0.000002
0.000106
0.000002
0.000002
0.000002
0.000004
0.000002
0.000002
0.000048
0.000048
0.000217
0.000005
0.000013
0.000002
0.000014
0.000035
0.000034
0.000002
0.000004
0.000008
0.000006
0.000035
0.000016
0.000010
0.000006
0.000006
0.000006
0.000033
0.000010
0.000004
0.000004
0.000028
0.000105
0.000002
0.000089
0.000089
0.000089
0.000002
0.000004
0.000002
0.000004
0.000008
0.000003
0.000096
0.000096
0.000005
0.000002
0.000003
0.000002
0.000012
0.000006
0.000002
0.000002
0.000002
0.000002
0.000002
0.000012
0.000002
0.000002
0.000048
0.000047
0.000216
0.000005
0.000005
0.000014
0.000034
0.000034
0.000002
0.000004
0.000008
0.000002
0.000027
0.000204
0.000029
0.000044
0.000044
0.000044
0.000044
0.000044
0.000044
0.000044
0.000045
0.000044
0.000045
0.000045
0.000044
0.000045
0.000029
0.000044
0.000045
0.000044
0.000045
0.000044
0.000044
0.000044
0.000190
0.000033
0.000050
0.000050
0.000050
0.000051
0.000050
0.000051
0.000033
0.000051
0.000050
0.000051
0.000050
0.000050
0.000050
0.000050
0.000050
0.000202
0.000029
0.000045
0.000045
0.000045
0.000045
0.000045
0.000045
0.000045
0.000045
0.000046
0.000045
0.000046
0.000046
0.000029
0.000045
0.000046
0.000045
0.000045
0.000045
0.000045
0.000045
0.000184
0.000035
0.000053
0.000053
0.000052
0.000054
0.000035
0.000054
0.000052
0.000053
0.000053
0.000053
0.000053
0.000053
0.000053
0.000166
0.000040
0.000040
0.000061
0.000059
0.000060
0.000060
0.000060
0.000060
0.000059
0.000061
0.000176
0.000037
0.000055
0.000057
0.000037
0.000057
0.000055
0.000056
0.000056
0.000056
0.000056
0.000056
0.000056
0.000190
0.000033
0.000050
0.000050
0.000050
0.000051
0.000050
0.000051
0.000033
0.000051
0.000050
0.000051
0.000050
0.000050
0.000050
0.000050
0.000050
0.000212
0.000026
0.000041
0.000041
0.000041
0.000041
0.000041
0.000041
0.000041
0.000041
0.000041
0.000041
0.000041
0.000041
0.000041
0.000041
0.000041
0.000041
0.000041
0.000040
0.000041
0.000026
0.000040
0.000041
0.000041
0.000041
0.000041
0.000041
0.000041
0.000166
0.000040
0.000040
0.000061
0.000059
0.000060
0.000060
0.000060
0.000060
0.000059
0.000061
0.000146
0.000047
0.000070
0.000068
0.000069
0.000068
0.000070
0.000047
0.000166
0.000040
0.000040
0.000061
0.000059
0.000060
0.000060
0.000060
0.000060
0.000059
0.000061
0.000005
0.000184
0.000035
0.000053
0.000053
0.000052
0.000054
0.000035
0.000054
0.000052
0.000053
0.000053
0.000053
0.000053
0.000053
0.000053
0.000006
0.000006
0.000004
0.000004
0.000028
0.000005
0.000007
0.000005
0.000005
0.000010
0.000003
0.000012
0.000003
0.000003
0.000028
0.000045
0.000000
0.000000
0.000000
0.000000
0.000000
0.000000
0.000000
0.000005
0.000017
0.000005
0.000010
0.000006
0.000005
0.000010
0.000009
0.000009
0.000019
0.000009
0.000005
0.000010
0.000009
0.000009
0.000020
0.000010
0.000003
0.000029
0.000009
0.000003
0.000013
0.000005
0.000005
0.000005
0.000044
0.000088
0.000017
0.000015
0.000015
0.000015
0.000015
0.000120
0.000009
0.000009
0.000009
0.000023
0.000016
0.000006
0.000014
0.000016
0.000026
0.000004
0.000004
0.000007
0.000017
0.000128
0.000148
0.000004
0.000004
0.000011
0.000005
0.000005
0.000005
0.000005
0.000005
0.000005
0.000009
0.000005
0.000005
0.000005
0.000005
0.000005
0.000005
0.000005
0.000005
0.000008
0.000005
0.000005
0.000005
0.000005
0.000005
0.000017
0.000024
0.000038
0.000026
0.000010
0.000024
0.000017
0.000009
0.000010
0.000019
0.000010
0.000020
0.000034
0.000009
0.000013
0.000013
0.000004
0.000004
0.000041
0.000022
0.000831
0.000449
0.000222
0.000071
0.000036
0.000024
0.000024
0.000024
0.000024
0.000024
0.000024
0.000024
0.000024
0.000024
0.000024
0.000024
0.000024
0.000024
0.000023
0.000023
0.000013
0.000018
0.000533
0.000295
0.000153
0.000056
0.000033
0.000025
0.000025
0.000025
0.000025
0.000025
0.000024
0.000024
0.000014
0.000015
0.000098
0.000051
0.000032
0.000021
0.000018
0.000017
0.000017
0.000016
0.000011
0.000002
0.000002
0.000002
0.000002
0.000002
0.000014
0.000089
0.000047
0.000030
0.000020
0.000018
0.000017
0.000017
0.000011
0.000014
0.000089
0.000047
0.000030
0.000020
0.000018
0.000017
0.000017
0.000011
0.000014
0.000089
0.000047
0.000030
0.000020
0.000018
0.000017
0.000017
0.000011
0.000002
0.000021
0.000183
0.000085
0.000043
0.000023
0.000018
0.000016
0.000016
0.000016
0.000016
0.000016
0.000016
0.000016
0.000016
0.000016
0.000016
0.000016
0.000016
0.000011
0.000158
0.000000
0.000017
0.000158
0.000099
0.000002
0.000010
0.000019
0.000155
0.000074
0.000039
0.000022
0.000018
0.000016
0.000016
0.000016
0.000016
0.000016
0.000016
0.000016
0.000016
0.000016
0.000011
0.000121
0.000004
0.000006
0.000002
0.000002
0.000003
0.000011
0.000019
0.000005
0.000007
0.000009
0.000011
0.000017
0.000008
0.000012
0.000006
0.000002
0.000002
0.000002
0.000002
0.000002
0.000002
0.000002
0.000002
0.000018
0.000108
0.000108
0.000002
0.000012
0.000002
0.000024
0.000010
0.000003
0.000009
0.000003
0.000009
0.000028
0.000395
0.000170
0.000075
0.000029
0.000019
0.000015
0.000015
0.000015
0.000015
0.000015
0.000015
0.000015
0.000015
0.000015
0.000015
0.000015
0.000015
0.000015
0.000015
0.000015
0.000015
0.000015
0.000015
0.000015
0.000015
0.000015
0.000015
0.000015
0.000015
0.000015
0.000015
0.000015
0.000015
0.000015
0.000015
0.000015
0.000015
0.000015
0.000015
0.000015
0.000010
0.000003
0.000009
0.000003
0.000009
0.000003
0.000009
0.000022
0.000220
0.000100
0.000049
0.000024
0.000018
0.000016
0.000016
0.000016
0.000016
0.000016
0.000016
0.000016
0.000016
0.000016
0.000016
0.000016
0.000016
0.000016
0.000016
0.000016
0.000015
0.000010
0.000020
0.000183
0.000085
0.000043
0.000023
0.000018
0.000016
0.000016
0.000016
0.000016
0.000016
0.000016
0.000016
0.000016
0.000016
0.000016
0.000016
0.000016
0.000011
0.000003
0.000009
0.000003
0.000009
0.000003
0.000009
0.000005
0.000006
0.000001
0.000003
0.000001
0.000001
0.000001
0.000010
0.000010
0.000010
0.000010
0.000017
0.000010
0.000014
0.000001
0.000005
0.000011
0.000018
0.000008
0.000013
0.000007
0.000007
0.000017
0.000017
0.000050
0.000014
0.000025
0.000009
0.000014
0.000029
0.000004
0.000004
0.000004
0.000004
0.000004
0.000004
0.000008
0.000002
0.000018
0.000002
0.000123
0.000002
0.000004
0.000011
0.000025
0.000007
0.000426
0.000002
0.000002
0.000011
0.000002
0.000023
0.000007
0.000004
0.000013
0.000008
0.000005
0.000005
0.000007
0.000004
0.000068
0.000009
0.000034
0.000009
0.000008
0.000016
0.000005
0.000008
0.000008
0.000008
0.000005
0.000020
0.000005
0.000004
0.000004
0.000133
0.000004
0.000004
0.000004
0.000004
0.000004
0.000004
0.000010
0.000044
0.000050
0.000010
0.000010
0.000010
0.000010
0.000010
0.000010
0.000009
0.000026
0.000034
0.000016
0.000670
0.001198
0.000133
0.000233
0.000115
0.000137
0.000121
0.000030
0.000004
0.000015
0.000003
0.000003
0.000003
0.000066
0.000004
0.000024
0.000003
0.000009
0.000003
0.000020
0.000011
0.000017
0.000005
0.000003
0.000003
0.000006
0.000007
0.000003
0.000003
0.000004
0.000036
0.000016
0.000035
0.000043
0.000023
0.000008
0.000006
0.000006
0.000011
0.000068
0.000076
0.000101
0.000038
0.000006
0.000022
0.000006
0.000004
0.000024
0.000004
0.000004
0.000001
0.000001
0.000001
0.000001
0.000001
0.000001
0.000001
0.000021
0.000001
0.000001
0.000001
0.000001
0.000001
0.000001
0.000001
0.000001
0.000001
0.000001
0.000001
0.000009
0.000003
0.000020
0.000021
0.000013
0.000005
0.000003
0.000003
0.000007
0.000015
0.000003
0.000003
0.000003
0.000003
0.000005
0.000003
0.000003
0.000015
0.000046
0.000028
0.000078
0.000016
0.000085
0.000017
0.000000
0.000047
0.000112
0.000098
0.000017
0.000030
0.000009
0.000002
0.000039
0.000013
0.000151
0.000181
0.000045
0.000002
0.000092
0.000002
0.000002
0.000417
0.000002
0.000017
0.000000
0.000004
0.000000
0.000020
0.000023
0.000002
0.000002
0.000002
0.000002
0.000002
0.000002
0.000002
0.000002
0.000002
0.000005
0.000019
0.000001
0.000003
0.000001
0.000001
0.000001
0.000026
0.000001
0.000001
0.000001
0.000001
0.000005
0.000001
0.000001
0.000001
0.000001
0.000001
0.000001
0.000001
0.000001
0.000001
0.000002
0.000002
0.000002
0.000002
0.000002
0.000002
0.000002
0.000004
0.000022
0.000002
0.000002
0.000004
0.000018
0.000004
0.000004
0.000004
0.000004
0.000004
0.000003
0.000003
0.000003
0.000003
0.000003
0.000019
0.000003
0.000002
0.000002
0.000002
0.000002
0.000002
0.000021
0.000002
0.000002
0.000002
0.000002
0.000002
0.000020
0.000002
0.000002
0.000002
0.000002
0.000003
0.000002
0.000023
0.000025
0.000073
0.000014
0.000002
0.000000
0.000002
0.000016
0.000009
0.000002
0.000004
0.000076
0.000038
0.000004
0.000004
0.000063
0.000003
0.000005
0.000005
0.000003
0.000005
0.000010
0.000176
0.000003
0.000003
0.000003
0.000004
0.000042
0.000014
0.000028
0.000027
0.000119
0.000003
0.000006
0.000005
0.000005
0.000005
0.000005
0.000004
0.000018
0.000143
0.000143
0.000143
0.000143
0.000003
0.000003
0.000017
0.000003
0.000002
0.000004
0.000004
0.000002
0.000005
0.000004
0.000035
0.000004
0.000017
0.000008
0.000002
0.000003
0.000017
0.000002
0.000006
0.000011
0.000005
0.000004
0.000011
0.000031
0.000002
0.000002
0.000002
0.000036
0.000002
0.000002
0.000003
0.000002
0.000002
0.000005
0.000002
0.000002
0.000155
0.000013
0.000004
0.000018
0.000038
0.000017
0.000110
0.000006
0.000019
0.000023
0.000008
0.000005
0.000006
0.000008
0.000006
0.000003
0.000008
0.000048
0.000003
0.000017
0.000013
0.000003
0.000006
0.000003
0.000008
0.000018
0.000027
0.000003
0.000008
0.000037
0.000050
0.000052
0.000071
0.000003
0.000013
0.000003
0.000006
0.000029
0.000046
0.000024
0.000008
0.000041
0.000011
0.000011
0.000003
0.000010
0.000014
0.000003
0.000010
0.000003
0.000008
0.000003
0.000015
0.000000
0.000030
0.000092
0.000038
0.000009
0.000022
0.000003
0.000011
0.000008
0.000019
0.000003
0.000009
0.000011
0.000000
0.000003
0.000203
0.000003
0.000010
0.000003
0.000008
0.000003
0.000010
0.000006
0.000012
0.000031
0.000000
0.000003
0.000010
0.000069
0.000108
0.000016
0.000015
0.000015
0.000178
0.000045
0.000071
0.000060
0.000081
0.000003
0.000008
0.000003
0.000008
0.000009
0.000013
0.000003
0.000010
0.000003
0.000008
0.000005
0.000019
0.000036
0.000134
0.000003
0.000010
0.000004
0.000035
0.000015
0.000032
0.000078
0.000017
0.000136
0.000262
0.000003
0.000020
0.000014
0.000004
0.000015
0.000004
0.000019
0.000016
0.000016
0.000016
0.000005
0.000008
0.000008
0.000018
0.000013
0.000041
0.000015
0.000007
0.000011
0.000007
0.000010
0.000051
0.000081
0.000065
0.000018
0.000019
0.000047
0.000029
0.000063
0.000051
0.000011
0.000008
0.000109
0.000035
0.000065
0.000003
0.000012
0.000131
0.000034
0.000059
0.000022
0.000049
0.000003
0.000010
0.000003
0.000008
0.000003
0.000025
0.000011
0.000012
0.000020
0.000003
0.000014
0.000007
0.000003
0.000010
0.000003
0.000010
0.000003
0.000003
0.000031
0.000014
0.000015
0.000083
0.000015
0.000003
0.000013
0.000004
0.000004
0.000003
0.000010
0.000003
0.000010
0.000030
0.000048
0.000041
0.000003
0.000011
0.000003
0.000026
0.000003
0.000026
0.000017
0.000027
0.000026
0.000012
0.000006
0.000006
0.000062
0.000097
0.000002
0.000003
0.000026
0.000159
0.000006
0.000003
0.000010
0.000032
0.000048
0.000077
0.000025
0.000037
0.000003
0.000010
0.000003
0.000030
0.000009
0.000003
0.000003
0.000031
0.000009
0.000003
0.000008
0.000030
0.000063
0.000018
0.000042
0.000063
0.000037
0.000019
0.000045
0.000055
0.000009
0.000012
0.000003
0.000008
0.000040
0.000108
0.000011
0.000020
0.000003
0.000010
0.000003
0.000073
0.000180
0.000045
0.000036
0.000044
0.000072
0.000048
0.000047
0.000068
0.000071
0.000121
0.000088
0.000147
0.000016
0.000036
0.000333
0.000145
0.000066
0.000027
0.000019
0.000016
0.000016
0.000016
0.000016
0.000016
0.000016
0.000016
0.000016
0.000016
0.000016
0.000016
0.000016
0.000016
0.000016
0.000016
0.000016
0.000016
0.000016
0.000016
0.000016
0.000016
0.000016
0.000016
0.000016
0.000016
0.000016
0.000016
0.000010
0.000003
0.000006
0.000018
0.000004
0.000010
0.000004
0.000020
0.000016
0.000003
0.000010
0.000003
0.000010
0.000017
0.000035
0.000022
0.000005
0.000135
0.000078
0.000051
0.000037
0.000003
0.000010
0.000037
0.000017
0.000033
0.000041
0.000047
0.000000
0.000017
0.000087
0.000007
0.000033
0.000140
0.000144
0.000075
0.000071
0.000021
0.000070
0.000097
0.000092
0.000088
0.000087
0.000086
0.000086
0.000086
0.000086
0.000086
0.000086
0.000086
0.000086
0.000086
0.000086
0.000087
0.000088
0.000092
0.000097
0.000070
0.000025
0.000069
0.000095
0.000090
0.000087
0.000085
0.000085
0.000084
0.000084
0.000084
0.000084
0.000084
0.000084
0.000084
0.000084
0.000084
0.000084
0.000084
0.000084
0.000084
0.000084
0.000084
0.000084
0.000084
0.000084
0.000085
0.000085
0.000087
0.000090
0.000095
0.000069
0.000005
0.000037
0.000017
0.000084
0.000018
0.000055
0.000133
0.000028
0.000062
0.000004
0.000004
0.000004
0.000004
0.000004
0.000004
0.000004
0.000004
0.000004
0.000034
0.000176
0.000038
0.000104
0.000046
0.000062
0.000031
0.000044
0.000037
0.000061
0.000051
0.000065
0.000037
0.000051
0.000016
0.000037
0.000010
0.000024
0.000004
0.000020
0.000040
0.000010
0.000022
0.000016
0.000028
0.000026
0.000043
0.000014
0.000020
0.000034
0.000010
0.000026
0.000017
0.000025
0.000017
0.000025
0.000017
0.000025
0.000006
0.000030
0.000073
0.000100
0.000094
0.000091
0.000089
0.000089
0.000089
0.000089
0.000089
0.000089
0.000089
0.000089
0.000089
0.000089
0.000089
0.000089
0.000089
0.000089
0.000089
0.000091
0.000094
0.000100
0.000073
0.000006
0.000029
0.001119
0.000163
0.000147
0.000000
0.000042
0.000069
0.000091
0.000121
0.000015
0.000017
0.000024
0.000015
0.000016
0.000042
0.000016
0.000018
0.000040
0.000018
0.000010
0.000010
0.000158
0.000016
0.000036
0.000046
0.000123
0.000037
0.000017
0.000046
0.000069
0.000586
0.000022
0.000019
0.000048
0.000013
0.000011
0.000040
0.000013
0.000013
0.000023
0.000181
0.000128
0.000044
0.000036
0.000031
0.000018
0.000061
0.000017
0.000032
0.000009
0.000033
0.000017
0.000029
0.000023
0.000017
0.000012
0.000027
0.000011
0.000045
0.000020
0.000052
0.000030
0.000104
0.000088
0.000033
0.000015
0.000068
0.000012
0.000068
0.000071
0.000074
0.000066
0.000011
0.000027
0.000003
0.000021
0.000016
0.000026
0.000013
0.000013
0.000033
0.000016
0.000013
0.000013
0.000013
0.000018
0.000014
0.000014
0.000014
0.000013
0.000013
0.000014
0.000013
0.000006
0.000006
0.000024
0.000008
0.000014
0.000015
0.000007
0.000030
0.000026
0.000042
0.000015
0.000033
0.000015
0.000008
0.000052
0.000002
0.000020
0.000015
0.000072
0.000097
0.000013
0.000017
0.000012
0.000019
0.000050
0.000050
0.000026
0.000003
0.000003
0.000003
0.000003
0.000003
0.000003
0.000003
0.000003
0.000117
0.000003
0.000010
0.000013
0.000008
0.000008
0.000019
0.000058
0.000054
0.000030
0.000017
0.000055
0.000000
0.000017
0.000053
0.000007
0.000007
0.000007
0.000007
0.000024
0.000062
0.000056
0.000088
0.000042
0.000092
0.000149
0.000234
0.000382
0.000057
0.000015
0.000069
0.000017
0.000058
0.000227
0.000092
0.000121
0.000002
0.000004
0.000000
0.000010
0.000031
0.000003
0.000027
0.000006
0.000003
0.000015
0.000008
0.000011
0.000004
0.000003
0.000012
0.000017
0.000018
0.000128
0.000092
0.000047
0.000006
0.000016
0.000004
0.000206
0.000610
0.000198
0.000059
0.000028
0.000023
0.000023
0.000023
0.000023
0.000023
0.000023
0.000023
0.000023
0.000023
0.000023
0.000023
0.000023
0.000023
0.000023
0.000023
0.000023
0.000023
0.000023
0.000023
0.000023
0.000023
0.000023
0.000023
0.000023
0.000023
0.000023
0.000023
0.000023
0.000023
0.000023
0.000023
0.000023
0.000023
0.000023
0.000023
0.000023
0.000023
0.000023
0.000023
0.000023
0.000023
0.000023
0.000023
0.000023
0.000023
0.000023
0.000023
0.000023
0.000023
0.000023
0.000023
0.000023
0.000023
0.000023
0.000028
0.000059
0.000198
0.000610
0.000004
0.000004
0.000203
0.000567
0.000185
0.000056
0.000028
0.000023
0.000023
0.000023
0.000023
0.000023
0.000023
0.000023
0.000023
0.000023
0.000023
0.000023
0.000023
0.000023
0.000023
0.000023
0.000023
0.000023
0.000023
0.000023
0.000023
0.000023
0.000023
0.000023
0.000023
0.000023
0.000023
0.000023
0.000023
0.000023
0.000023
0.000023
0.000023
0.000023
0.000023
0.000023
0.000023
0.000023
0.000023
0.000023
0.000023
0.000023
0.000023
0.000023
0.000023
0.000023
0.000023
0.000023
0.000023
0.000023
0.000028
0.000056
0.000185
0.000567
0.000198
0.000543
0.000178
0.000055
0.000028
0.000023
0.000023
0.000023
0.000023
0.000023
0.000023
0.000023
0.000023
0.000023
0.000023
0.000023
0.000023
0.000023
0.000023
0.000023
0.000023
0.000023
0.000023
0.000023
0.000023
0.000023
0.000023
0.000023
0.000023
0.000023
0.000018
0.000018
0.000023
0.000023
0.000023
0.000023
0.000023
0.000023
0.000022
0.000019
0.000114
0.000019
0.000022
0.000023
0.000023
0.000023
0.000023
0.000023
0.000023
0.000023
0.000023
0.000023
0.000023
0.000028
0.000055
0.000178
0.000543
0.000034
0.000036
0.000000
0.000156
0.000238
0.000114
0.000058
0.000044
0.000041
0.000041
0.000041
0.000041
0.000042
0.000047
0.000074
0.000178
0.000252
0.000115
0.000057
0.000031
0.000026
0.000025
0.000025
0.000025
0.000026
0.000028
0.000040
0.000048
0.000032
0.000063
0.000283
0.000124
0.000059
0.000027
0.000021
0.000019
0.000019
0.000019
0.000019
0.000019
0.000019
0.000019
0.000019
0.000019
0.000019
0.000019
0.000019
0.000019
0.000019
0.000019
0.000019
0.000019
0.000019
0.000018
0.000018
0.000012
0.000032
0.000046
0.000158
0.000076
0.000043
0.000026
0.000022
0.000021
0.000021
0.000021
0.000021
0.000021
0.000021
0.000020
0.000014
0.000003
0.000030
0.000068
0.000095
0.000089
0.000086
0.000085
0.000084
0.000084
0.000084
0.000084
0.000084
0.000084
0.000084
0.000084
0.000084
0.000084
0.000084
0.000084
0.000084
0.000084
0.000084
0.000084
0.000084
0.000084
0.000084
0.000084
0.000084
0.000084
0.000084
0.000084
0.000084
0.000084
0.000084
0.000084
0.000084
0.000084
0.000084
0.000084
0.000084
0.000084
0.000084
0.000084
0.000085
0.000086
0.000089
0.000095
0.000068
0.000003
0.000027
0.000071
0.000098
0.000092
0.000089
0.000087
0.000087
0.000087
0.000087
0.000087
0.000087
0.000087
0.000087
0.000087
0.000087
0.000087
0.000087
0.000087
0.000087
0.000087
0.000087
0.000087
0.000087
0.000087
0.000087
0.000089
0.000092
0.000098
0.000071
0.000003
0.000038
0.000028
0.000007
0.000007
0.000007
0.000007
0.000007
0.000016
0.000031
0.000049
0.000094
0.000040
0.000008
0.000006
0.000006
0.000035
0.000016
0.000095
0.000022
0.000030
0.000052
0.000022
0.000015
0.000002
0.000099
0.000000
0.000002
0.000000
0.000003
0.000026
0.000015
0.000051
0.000000
0.000000
0.000000
0.000000
0.000014
0.000010
0.000000
0.000003
0.000010
0.000002
0.000002
0.000010
0.000018
0.000113
0.000005
0.000003
0.000002
0.000034
0.000968
0.000672
0.000242
0.000073
0.000038
0.000034
0.000033
0.000032
0.000029
0.000020
0.000115
0.000020
0.000029
0.000032
0.000033
0.000033
0.000033
0.000033
0.000033
0.000033
0.000033
0.000033
0.000033
0.000033
0.000033
0.000033
0.000033
0.000033
0.000034
0.000034
0.000034
0.000033
0.000024
0.000011
0.000003
0.000021
0.000004
0.000006
0.000004
0.000008
0.000004
0.000008
0.000008
0.000004
0.000008
0.000008
0.000326
0.000004
0.000010
0.000025
0.000084
0.000179
0.000017
0.000021
0.000042
0.000046
0.000059
0.000046
0.000073
0.000010
0.000046
0.000058
0.000057
0.000046
0.000042
0.000059
0.000005
0.000050
0.000107
0.000000
0.000000
0.000010
0.000070
0.000142
0.000140
0.000140
0.000000
0.000000
0.000002
0.000036
0.000015
0.000035
0.000013
0.000025
0.000011
0.000008
0.000013
0.000008
0.000025
0.000010
0.000010
0.000008
0.000076
0.000008
0.000081
0.000000
0.000000
0.000005
0.000352
0.000012
0.000018
0.000006
0.000023
0.000005
0.000007
0.000036
0.000033
0.000005
0.000004
0.000004
0.000004
0.000010
0.000098
0.000255
0.000047
0.000052
0.000008
0.000046
0.000014
0.000014
0.000014
0.000000
0.000244
0.000016
0.000016
0.000016
0.000016
0.000016
0.000016
0.000016
0.000048
0.000186
0.000035
0.000035
0.000035
0.000086
0.000018
0.000187
0.000187
0.000009
0.000115
0.000033
0.000024
0.000043
0.000010
0.000039
0.000004
0.000009
0.000024
0.000005
0.000014
0.000005
0.000005
0.000005
0.000007
0.000005
0.000101
0.000055
0.000142
0.000546
0.000001
0.000001
0.000001
0.000001
0.000001
0.000001
0.000001
0.000001
0.000001
0.000001
0.000001
0.000001
0.000022
0.000001
0.000001
0.000005
0.000008
0.000008
0.000047
0.000191
0.000026
0.000010
0.000017
0.000015
0.000078
0.000082
0.000015
0.000015
0.000081
0.000010
0.000603
0.001134
0.000028
0.000223
0.000478
0.000193
0.000085
0.000039
0.000030
0.000027
0.000027
0.000027
0.000027
0.000027
0.000027
0.000027
0.000027
0.000027
0.000027
0.000027
0.000027
0.000027
0.000027
0.000027
0.000027
0.000027
0.000027
0.000027
0.000027
0.000027
0.000027
0.000027
0.000027
0.000027
0.000027
0.000027
0.000027
0.000020
0.000680
0.000002
0.000032
0.001266
0.000673
0.000324
0.000094
0.000042
0.000025
0.000024
0.000024
0.000024
0.000024
0.000024
0.000024
0.000024
0.000024
0.000024
0.000024
0.000024
0.000024
0.000024
0.000024
0.000024
0.000024
0.000024
0.000024
0.000024
0.000024
0.000024
0.000024
0.000024
0.000023
0.000023
0.000013
0.000002
0.000027
0.001332
0.000708
0.000340
0.000097
0.000042
0.000024
0.000024
0.000024
0.000024
0.000024
0.000024
0.000024
0.000024
0.000024
0.000024
0.000024
0.000024
0.000024
0.000024
0.000024
0.000024
0.000024
0.000024
0.000024
0.000024
0.000024
0.000024
0.000024
0.000024
0.000024
0.000024
0.000023
0.000023
0.000013
0.000002
0.000024
0.000107
0.000165
0.000062
0.000034
0.000024
0.000023
0.000022
0.000022
0.000022
0.000022
0.000022
0.000022
0.000022
0.000022
0.000022
0.000022
0.000022
0.000022
0.000022
0.000022
0.000022
0.000022
0.000017
0.000001
0.000197
0.000262
0.000020
0.000054
0.000026
0.000093
0.000049
0.000024
0.000023
0.000028
0.000043
0.000024
0.000026
0.000174
0.000020
0.000019
0.000020
0.000019
0.000035
0.000047
0.000030
0.000019
0.000020
0.000048
0.000019
0.000035
0.000041
0.000058
0.000019
0.000052
0.000019
0.000027
0.000021
0.000010
0.000202
0.000172
0.000016
0.000017
0.000041
0.000017
0.000052
0.000076
0.000109
0.000109
0.000109
0.000109
0.000109
0.000109
0.000001
0.000128
0.000152
0.000024
0.000010
0.000030
0.001061
0.000731
0.000260
0.000076
0.000038
0.000033
0.000033
0.000033
0.000033
0.000033
0.000033
0.000033
0.000033
0.000033
0.000033
0.000033
0.000033
0.000033
0.000033
0.000033
0.000033
0.000033
0.000033
0.000033
0.000033
0.000033
0.000033
0.000033
0.000033
0.000033
0.000033
0.000033
0.000033
0.000033
0.000023
0.000019
0.000008
0.000026
0.000714
0.000502
0.000188
0.000063
0.000037
0.000034
0.000034
0.000034
0.000034
0.000034
0.000034
0.000034
0.000034
0.000034
0.000034
0.000034
0.000034
0.000034
0.000034
0.000034
0.000034
0.000033
0.000024
0.000151
0.000188
0.000095
0.000087
0.000007
0.000007
0.000007
0.000007
0.000007
0.000007
0.000007
0.000007
0.000007
0.000095
0.000107
0.000065
0.000002
0.000022
0.000021
0.000016
0.000014
0.000063
0.000167
0.000031
0.000031
0.000104
0.000190
0.000044
0.000055
0.000044
0.000096
0.000102
0.000036
0.000033
0.000032
0.000057
0.000032
0.000057
0.000035
0.000057
0.000033
0.000190
0.000265
0.000156
0.000004
0.000004
0.000040
0.000019
0.000039
0.000008
0.000022
0.000026
0.000026
0.000017
0.000004
0.000075
0.000004
0.000005
0.000006
0.000117
0.000004
0.000017
0.000011
0.000006
0.000010
0.000012
0.000017
0.000015
0.000006
0.000009
0.000004
0.000006
0.000007
0.000021
0.000003
0.000011
0.000010
0.000011
0.000006
0.000003
0.000003
0.000003
0.000003
0.000017
0.000004
0.000009
0.000016
0.000004
0.000100
0.000015
0.000081
0.000000
0.000013
0.000005
0.000006
0.000006
0.000042
0.000060
0.000009
0.000009
0.000009
0.000010
0.000014
0.000008
0.000078
0.000038
0.000004
0.000004
0.000004
0.000004
0.000008
0.000037
0.000034
0.000007
0.000006
0.000004
0.000003
0.000142
0.000002
0.000004
0.000002
0.000004
0.000002
0.000000
0.000206
0.000071
0.000038
0.000029
0.000027
0.000027
0.000027
0.000027
0.000027
0.000027
0.000027
0.000029
0.000038
0.000071
0.000206
0.000148
0.000002
0.000004
0.000002
0.000004
0.000000
0.000176
0.000065
0.000038
0.000030
0.000029
0.000028
0.000028
0.000029
0.000030
0.000038
0.000065
0.000176
0.000134
0.000079
0.000147
0.000592
0.000102
0.000053
0.000194
0.000194
0.000069
0.000134
0.000020
0.000007
0.000029
0.000020
0.000065
0.000160
0.000053
0.001101
0.000754
0.000268
0.000078
0.000039
0.000034
0.000034
0.000034
0.000034
0.000034
0.000034
0.000034
0.000034
0.000034
0.000034
0.000034
0.000034
0.000034
0.000034
0.000034
0.000034
0.000034
0.000034
0.000034
0.000034
0.000034
0.000034
0.000034
0.000034
0.000034
0.000034
0.000034
0.000034
0.000034
0.000034
0.000024
0.000005
0.000016
0.000000
0.000000
0.000023
0.000045
0.000033
0.000033
0.000091
0.000029
0.000061
0.000134
0.000113
0.000118
0.000118
0.000113
0.000134
0.000061
0.000110
0.000026
0.000010
0.000024
0.000022
0.000047
0.000003
0.000003
0.000003
0.000003
0.000003
0.000003
0.000003
0.000003
0.000028
0.000010
0.000078
0.000674
0.000020
0.000008
0.000008
0.000008
0.000036
0.000017
0.000006
0.000017
0.000005
0.000000
0.000003
0.000000
0.000003
0.000002
0.000025
0.000049
0.000006
0.000006
0.000003
0.000016
0.000010
0.000017
0.000010
0.000009
0.000000
0.000020
0.000019
0.000005
0.000010
0.000008
0.000033
0.000005
0.000012
0.000009
0.000011
0.000019
0.000005
0.000005
0.000021
0.000007
0.000005
0.000023
0.000017
0.000005
0.000007
0.000018
0.000009
0.000013
0.000007
0.000206
0.000011
0.000008
0.000020
0.000010
0.000009
0.000002
0.000002
0.000002
0.000002
0.000002
0.000002
0.000002
0.000002
0.000002
0.000002
0.000002
0.000002
0.000002
0.000002
0.000002
0.000002
0.000002
0.000002
0.000002
0.000025
0.000015
0.000004
0.000016
0.000002
0.000004
0.000006
0.000012
0.000032
0.000025
0.000000
0.000000
0.000000
0.000000
0.000003
0.000003
0.000003
0.000003
0.000003
0.000003
0.000003
0.000003
0.000230
0.000003
0.000008
0.000012
0.000016
0.000006
0.000006
0.000002
0.000009
0.000018
0.000004
0.000023
0.000084
0.000183
0.000086
0.000035
0.000034
0.000035
0.000048
0.000083
0.000074
0.000055
0.000035
0.000065
0.000016
0.000016
0.000023
0.000006
0.000019
0.000000
0.000002
0.000013
0.000156
0.000024
0.000027
0.000020
0.000020
0.000020
0.000020
0.000026
0.000018
0.000018
0.000018
0.000170
0.000146
0.000170
0.000030
0.000165
0.000165
0.000042
0.000208
0.000025
0.000003
0.000003
0.000003
0.000003
0.000003
0.000003
0.000003
0.000003
0.000003
0.000003
0.000003
0.000040
0.000042
0.000006
0.000215
0.000032
0.000018
0.000110
0.000041
0.000018
0.000016
0.000017
0.000006
0.000006
0.000006
0.000006
0.000006
0.000006
0.000006
0.000006
0.000006
0.000006
0.000006
0.000006
0.000006
0.000006
0.000006
0.000006
0.000006
0.000006
0.000006
0.000006
0.000006
0.000006
0.000006
0.000006
0.000006
0.000006
0.000006
0.000006
0.000006
0.000158
0.000016
0.000016
0.000017
0.000017
0.000008
0.000012
0.000030
0.000027
0.000000
0.000014
0.000016
0.000019
0.000017
0.000039
0.000113
0.000031
0.000011
0.000011
0.000011
0.000011
0.000011
0.000011
0.000011
0.000033
0.000011
0.000011
0.000011
0.000011
0.000011
0.000011
0.000011
0.000011
0.000011
0.000344
0.000011
0.000117
0.000014
0.000014
0.000014
0.000021
0.000014
0.000015
0.000031
0.000126
0.000025
0.000024
0.000024
0.000013
0.000093
0.000008
0.000008
0.000008
0.000008
0.000008
0.000008
0.000008
0.000008
0.000008
0.000008
0.000008
0.000012
0.000008
0.000008
0.000008
0.000009
0.000015
0.000008
0.000011
0.000032
0.000018
0.000006
0.000067
0.000010
0.000010
0.000010
0.000010
0.000010
0.000027
0.000016
0.000054
0.000016
0.000079
0.000002
0.000006
0.000007
0.000576
0.000006
0.000083
0.000032
0.000032
0.000032
0.000005
0.000024
0.000048
0.000023
0.000022
0.000011
0.000022
0.000057
0.000141
0.000046
0.000044
0.000044
0.000046
0.000307
0.000368
0.000077
0.000077
0.000034
0.000035
0.000006
0.000006
0.000006
0.000006
0.000006
0.000006
0.000006
0.000006
0.000035
0.000016
0.000072
0.000093
0.000018
0.000200
0.000004
0.000004
0.000031
0.000004
0.000004
0.000004
0.000004
0.000042
0.000044
0.000035
0.000043
0.000002
0.000004
0.000008
0.000002
0.000002
0.000004
0.000004
0.000008
0.000004
0.000009
0.000002
0.000012
0.000009
0.000006
0.000002
0.000005
0.000021
0.000020
0.000054
0.000010
0.000023
0.000031
0.000002
0.000002
0.000002
0.000004
0.000009
0.000002
0.000002
0.000002
0.000004
0.000008
0.000004
0.000009
0.000003
0.000040
0.000064
0.000033
0.000002
0.000002
0.000015
0.000003
0.000005
0.000006
0.000000
0.000002
0.000004
0.000006
0.000016
0.000000
0.000001
0.000008
0.000016
0.000010
0.000019
0.000031
0.000117
0.000002
0.000066
0.000068
0.000068
0.000068
0.000019
0.000068
0.000022
0.000067
0.000005
0.000006
0.000068
0.000068
0.000068
0.000068
0.000067
0.000067
0.000068
0.000067
0.000019
0.000031
0.000004
0.000009
0.000009
0.000004
0.000008
0.000012
0.000007
0.000016
0.000004
0.000063
0.000173
0.000032
0.000032
0.000032
0.000036
0.000047
0.000002
0.000032
0.000028
0.000031
0.000002
0.000049
0.000007
0.000087
0.000032
0.000005
0.000004
0.000002
0.000005
0.000002
0.000002
0.000005
0.000005
0.000002
0.000002
0.000006
0.000002
0.000002
0.000004
0.000004
0.000005
0.000011
0.000002
0.000002
0.000002
0.000002
0.000022
0.000018
0.000065
0.000016
0.000037
0.000007
0.000009
0.000161
0.000022
0.000007
0.000001
0.000011
0.000023
0.000136
0.000210
0.000002
0.000004
0.000005
0.000020
0.000020
0.000000
0.000000
0.000020
0.000044
0.000028
0.000021
0.000136
0.000097
0.000034
0.000281
0.000202
0.000032
0.000067
0.000041
0.000062
0.000090
0.000012
0.000041
0.000034
0.000032
0.000036
0.000136
0.000031
0.000033
0.000006
0.000346
0.000005
0.000014
0.000005
0.000005
0.000020
0.000079
0.000029
0.000017
0.000018
0.000006
0.000008
0.000002
0.000052
0.000000
0.000000
0.000000
0.000000
0.000007
0.000028
0.000019
0.000000
0.000000
0.000000
0.000000
0.000101
0.000013
0.000000
0.000000
0.000000
0.000000
0.000000
0.000000
0.000000
0.000000
0.000000
0.000000
0.000000
0.000000
0.000000
0.000000
0.000000
0.000000
0.000000
0.000000
0.000000
0.000000
0.000000
0.000000
0.000000
0.000000
0.000000
0.000000
0.000000
0.000000
0.000000
0.000000
0.000000
0.000000
0.000000
0.000000
0.000000
0.000000
0.000000
0.000000
0.000000
0.000000
0.000000
0.000000
0.000000
0.000000
0.000000
0.000000
0.000000
0.000000
0.000000
0.000000
0.000000
0.000000
0.000000
0.000000
0.000000
0.000000
0.000000
0.000000
0.000000
0.000000
0.000000
0.000000
0.000000
0.000000
0.000000
0.000000
0.000000
0.000000
0.000000
0.000000
0.000000
0.000000
0.000000
0.000000
0.000000
0.000000
0.000000
0.000000
0.000000
0.000000
0.000000
0.000000
0.000000
0.000000
0.000000
0.000000
0.000000
0.000000
0.000000
0.000000
0.000000
0.000000
0.000000
0.000000
0.000000
0.000000
0.000000
0.000000
0.000000
0.000000
0.000000
0.000000
0.000000
0.000000
0.000000
0.000000
0.000000
0.000000
0.000000
0.000000
0.000000
0.000000
0.000000
0.000000
0.000000
0.000000
0.000000
0.000000
0.000000
0.000000
0.000000
0.000000
0.000000
0.000000
0.000000
0.000000
0.000000
0.000000
0.000000
0.000000
0.000000
0.000000
0.000000
0.000000
0.000000
0.000000
0.000000
0.000000
0.000000
0.000000
0.000000
0.000000
0.000000
0.000000
0.000000
0.000000
0.000000
0.000000
0.000000
0.000000
0.000000
0.000000
0.000000
0.000000
0.000000
0.000000
0.000000
0.000000
0.000000
0.000000
0.000000
0.000000
0.000000
0.000000
0.000000
0.000000
0.000000
0.000000
0.000000
0.000000
0.000000
0.000000
0.000000
0.000000
0.000000
0.000000
0.000000
0.000000
0.000000
0.000000
0.000000
0.000000
0.000000
0.000000
0.000000
0.000000
0.000000
0.000000
0.000000
0.000000
0.000000
0.000000
0.000000
0.000000
0.000000
0.000000
0.000000
0.000000
0.000000
0.000000
0.000000
0.000000
0.000000
0.000000
0.000000
0.000000
0.000000
0.000000
0.000000
0.000000
0.000000
0.000000
0.000000
0.000000
0.000000
0.000000
0.000000
0.000000
0.000000
0.000000
0.000000
0.000000
0.000000
0.000000
0.000000
0.000000
0.000000
0.000000
0.000000
0.000000
0.000000
0.000000
0.000000
0.000000
0.000000
0.000000
0.000000
0.000000
0.000000
0.000000
0.000000
0.000000
0.000000
0.000000
0.000000
0.000000
0.000000
0.000000
0.000000
0.000000
0.000000
0.000000
0.000000
0.000000
0.000000
0.000000
0.000000
0.000000
0.000000
0.000000
0.000000
0.000000
0.000000
0.000000
0.000000
0.000000
0.000000
0.000000
0.000000
0.000000
0.000000
0.000000
0.000000
0.000000
0.000000
0.000000
0.000000
0.000000
0.000888
0.000006
0.000007
0.000007
0.000049
0.000014
0.000010
0.000007
0.000013
0.000253
0.000153
0.000027
0.000040
0.000000
0.000000
0.000089
0.000089
0.000005
0.000013
0.000089
0.000013
0.000009
0.000089
0.000175
0.000003
0.000004
0.000006
0.000004
0.000002
0.000002
0.000002
0.000002
0.000002
0.000004
0.000233
0.000004
0.000004
0.000004
0.000007
0.000089
0.000003
0.000004
0.000007
0.000022
0.000013
0.000039
0.000012
0.000015
0.000015
0.000015
0.000015
0.000015
0.000015
0.000015
0.000015
0.000015
0.000015
0.000015
0.000015
0.000015
0.000015
0.000015
0.000015
0.000015
0.000015
0.000015
0.000015
0.000015
0.000015
0.000015
0.000015
0.000015
0.000015
0.000015
0.000015
0.000015
0.000015
0.000015
0.000015
0.000015
0.000015
0.000015
0.000015
0.000015
0.000015
0.000015
0.000015
0.000015
0.000015
0.000015
0.000015
0.000015
0.000015
0.000015
0.000015
0.000015
0.000015
0.000015
0.000016
0.000016
0.000015
0.000016
0.000015
0.000015
0.000015
0.000015
0.000015
0.000015
0.000015
0.000015
0.000015
0.000015
0.000015
0.000015
0.000015
0.000015
0.000015
0.000015
0.000015
0.000015
0.000015
0.000015
0.000015
0.000015
0.000015
0.000015
0.000015
0.000015
0.000015
0.000015
0.000015
0.000015
0.000015
0.000015
0.000013
0.000112
0.000013
0.000015
0.000015
0.000015
0.000015
0.000015
0.000015
0.000015
0.000015
0.000015
0.000015
0.000015
0.000015
0.000015
0.000015
0.000015
0.000017
0.000015
0.000015
0.000015
0.000015
0.000015
0.000015
0.000015
0.000015
0.000015
0.000015
0.000015
0.000015
0.000016
0.000015
0.000015
0.000015
0.000012
0.000012
0.000015
0.000015
0.000015
0.000015
0.000015
0.000015
0.000015
0.000015
0.000015
0.000015
0.000015
0.000015
0.000015
0.000015
0.000015
0.000015
0.000015
0.000015
0.000015
0.000015
0.000015
0.000015
0.000015
0.000015
0.000015
0.000015
0.000015
0.000015
0.000015
0.000015
0.000015
0.000015
0.000015
0.000015
0.000015
0.000015
0.000015
0.000015
0.000015
0.000015
0.000015
0.000015
0.000015
0.000016
0.000015
0.000015
0.000015
0.000015
0.000015
0.000015
0.000015
0.000015
0.000015
0.000015
0.000015
0.000015
0.000015
0.000015
0.000015
0.000015
0.000015
0.000015
0.000015
0.000015
0.000015
0.000015
0.000015
0.000015
0.000015
0.000015
0.000015
0.000015
0.000015
0.000015
0.000015
0.000015
0.000015
0.000016
0.000015
0.000015
0.000015
0.000015
0.000015
0.000015
0.000015
0.000015
0.000015
0.000015
0.000015
0.000015
0.000015
0.000015
0.000015
0.000015
0.000015
0.000015
0.000015
0.000015
0.000015
0.000015
0.000015
0.000015
0.000015
0.000015
0.000015
0.000015
0.000015
0.000015
0.000015
0.000015
0.000015
0.000015
0.000015
0.000015
0.000015
0.000015
0.000015
0.000015
0.000015
0.000015
0.000015
0.000015
0.000015
0.000015
0.000015
0.000015
0.000015
0.000015
0.000015
0.000015
0.000015
0.000015
0.000015
0.000015
0.000015
0.000015
0.000015
0.000015
0.000015
0.000015
0.000015
0.000015
0.000015
0.000015
0.000015
0.000015
0.000015
0.000015
0.000012
0.000094
0.000094
0.000094
0.000094
0.000013
0.000038
0.000012
0.000015
0.000016
0.000016
0.000016
0.000016
0.000016
0.000016
0.000016
0.000016
0.000016
0.000016
0.000016
0.000016
0.000016
0.000016
0.000016
0.000016
0.000016
0.000016
0.000016
0.000016
0.000016
0.000016
0.000016
0.000016
0.000016
0.000016
0.000016
0.000016
0.000016
0.000016
0.000016
0.000016
0.000016
0.000016
0.000016
0.000016
0.000016
0.000016
0.000016
0.000016
0.000016
0.000016
0.000016
0.000016
0.000016
0.000016
0.000016
0.000016
0.000016
0.000016
0.000016
0.000016
0.000016
0.000016
0.000016
0.000016
0.000016
0.000016
0.000016
0.000016
0.000016
0.000016
0.000016
0.000016
0.000016
0.000016
0.000016
0.000016
0.000016
0.000016
0.000016
0.000016
0.000016
0.000016
0.000016
0.000016
0.000016
0.000016
0.000016
0.000016
0.000016
0.000015
0.000012
0.000012
0.000015
0.000012
0.000012
0.000015
0.000016
0.000016
0.000016
0.000016
0.000016
0.000015
0.000017
0.000015
0.000016
0.000016
0.000016
0.000016
0.000016
0.000016
0.000016
0.000016
0.000016
0.000016
0.000016
0.000016
0.000016
0.000016
0.000016
0.000016
0.000016
0.000016
0.000016
0.000016
0.000016
0.000016
0.000016
0.000016
0.000016
0.000016
0.000016
0.000016
0.000016
0.000016
0.000016
0.000016
0.000016
0.000016
0.000016
0.000016
0.000016
0.000016
0.000016
0.000016
0.000016
0.000016
0.000016
0.000016
0.000016
0.000016
0.000016
0.000016
0.000016
0.000016
0.000016
0.000016
0.000016
0.000016
0.000016
0.000016
0.000016
0.000016
0.000016
0.000016
0.000016
0.000016
0.000016
0.000015
0.000016
0.000016
0.000015
0.000016
0.000016
0.000016
0.000016
0.000016
0.000015
0.000017
0.000015
0.000016
0.000016
0.000016
0.000016
0.000016
0.000016
0.000016
0.000016
0.000016
0.000016
0.000016
0.000016
0.000015
0.000012
0.000001
0.000001
0.000092
0.000092
0.000402
0.000092
0.000011
0.000014
0.000005
0.000005
0.000005
0.000178
0.000008
0.000041
0.000009
0.000009
0.000009
0.000009
0.000009
0.000009
0.000009
0.000009
0.000009
0.000009
0.000009
0.000026
0.000019
0.000026
0.000116
0.000007
0.000033
0.000001
0.000001
0.000001
0.000001
0.000001
0.000001
0.000001
0.000001
0.000001
0.000003
0.000003
0.000003
0.000003
0.000003
0.000003
0.000003
0.000003
0.000058
0.000003
0.000003
0.000003
0.000003
0.000003
0.000003
0.000003
0.000003
0.000003
0.000003
0.000001
0.000001
0.000001
0.000001
0.000001
0.000001
0.000001
0.000001
0.000001
0.000001
0.000001
0.000001
0.000001
0.000001
0.000001
0.000001
0.000001
0.000001
0.000001
0.000003
0.000003
0.000003
0.000003
0.000003
0.000003
0.000003
0.000003
0.000003
0.000001
0.000001
0.000001
0.000001
0.000001
0.000001
0.000001
0.000001
0.000001
0.000007
0.000007
0.000007
0.000028
0.000007
0.000007
0.000007
0.000007
0.000007
0.000007
0.000007
0.000039
0.000006
0.000006
0.000006
0.000005
0.000005
0.000005
0.000005
0.000005
0.000060
0.000158
0.000268
0.000127
0.000110
0.000125
0.000229
0.000091
0.000031
0.000041
0.000031
0.000095
0.000049
0.000031
0.000127
0.000039
0.000185
0.000010
0.000007
0.000128
0.000011
0.000012
0.000014
0.000186
0.000027
0.000039
0.000002
0.000002
0.000002
0.000002
0.000002
0.000002
0.000002
0.000002
0.000004
0.000002
0.000002
0.000002
0.000002
0.000002
0.000006
0.000002
0.000002
0.000002
0.000002
0.000002
0.000002
0.000002
0.000004
0.000002
0.000002
0.000004
0.000002
0.000004
0.000002
0.000002
0.000002
0.000002
0.000002
0.000002
0.000004
0.000002
0.000002
0.000002
0.000002
0.000002
0.000002
0.000002
0.000002
0.000003
0.000002
0.000002
0.000005
0.000002
0.000003
0.000002
0.000002
0.000002
0.000002
0.000002
0.000003
0.000002
0.000004
0.000006
0.000002
0.000002
0.000002
0.000003
0.000003
0.000004
0.000003
0.000004
0.000003
0.000002
0.000002
0.000002
0.000023
0.000026
0.000020
0.000011
0.000033
0.000020
0.000024
0.000017
0.000021
0.000021
0.000023
0.000024
0.000024
0.000002
0.000028
0.000010
0.000017
0.000013
0.000009
0.000837
0.000002
0.000062
0.000067
0.000006
0.000005
0.000004
0.000004
0.000004
0.000004
0.000004
0.000004
0.000004
0.000004
0.000004
0.000004
0.000065
0.000001
0.000001
0.000001
0.000001
0.000001
0.000001
0.000001
0.000001
0.000001
0.000001
0.000001
0.000001
0.000001
0.000001
0.000001
0.000001
0.000001
0.000001
0.000001
0.000001
0.000001
0.000001
0.000001
0.000001
0.000001
0.000001
0.000001
0.000001
0.000001
0.000001
0.000001
0.000001
0.000001
0.000001
0.000001
0.000001
0.000001
0.000001
0.000178
0.000063
0.000128
0.000099
0.000109
0.000089
0.000111
0.000046
0.000087
0.000063
0.000012
0.000008
0.000013
0.000007
0.000024
0.000009
0.000012
0.000003
0.000005
0.000027
0.000026
0.000026
0.000026
0.000032
0.000028
0.000027
0.000026
0.000026
0.000004
0.000020
0.000001
0.000017
0.000025
0.000025
0.000057
0.000024
0.000021
0.000003
0.000003
0.000003
0.000003
0.000003
0.000003
0.000003
0.000005
0.000003
0.000021
0.000005
0.000006
0.000006
0.000020
0.000000
0.000002
0.000019
0.000006
0.000024
0.000025
0.000059
0.000029
0.000034
0.000004
0.000004
0.000004
0.000004
0.000004
0.000004
0.000004
0.000004
0.000004
0.000005
0.000004
0.000004
0.000004
0.000004
0.000004
0.000004
0.000004
0.000004
0.000004
0.000004
0.000004
0.000004
0.000004
0.000004
0.000004
0.000004
0.000004
0.000004
0.000004
0.000004
0.000004
0.000009
0.000004
0.000005
0.000010
0.000004
0.000004
0.000004
0.000004
0.000004
0.000004
0.000004
0.000004
0.000004
0.000004
0.000004
0.000004
0.000004
0.000004
0.000004
0.000007
0.000020
0.000008
0.000143
0.000016
0.000016
0.000088
0.000086
0.000014
0.000086
0.000088
0.000023
0.000028
0.000028
0.000085
0.000088
0.000002
0.000002
0.000005
0.000006
0.000012
0.000021
0.000077
0.000073
0.000077
0.000096
0.000023
0.000018
0.000022
0.000205
0.000050
0.000041
0.000016
0.000016
0.000013
0.000015
0.000006
0.000054
0.000054
0.000017
0.000018
0.000004
0.000004
0.000033
0.000013
0.000033
0.000015
0.000011
0.000026
0.000058
0.000006
0.000006
0.000013
0.000017
0.000013
0.000013
0.000033
0.000014
0.000020
0.000020
0.000022
0.000047
0.000006
0.000047
0.000025
0.000098
0.000054
0.000098
0.000265
0.000010
0.000016
0.000011
0.000021
0.000007
0.000007
0.000022
0.000003
0.000008
0.000017
0.000013
0.000003
0.000023
0.000017
0.000030
0.000010
0.000023
0.000010
0.000012
0.000003
0.000005
0.000011
0.000004
0.000019
0.000008
0.000012
0.000025
0.000228
0.000012
0.000012
0.000012
0.000007
0.000014
0.000006
0.000003
0.000029
0.000003
0.000016
0.000003
0.000003
0.000003
0.000003
0.000034
0.000026
0.000004
0.000004
0.000006
0.000004
0.000036
0.000036
0.000049
0.000036
0.000036
0.000064
0.000285
0.000036
0.000053
0.000007
0.000013
0.000097
0.000049
0.000004
0.000004
0.000004
0.000004
0.000004
0.000004
0.000004
0.000004
0.000004
0.000004
0.000005
0.000004
0.000004
0.000004
0.000004
0.000004
0.000004
0.000004
0.000004
0.000004
0.000004
0.000004
0.000004
0.000004
0.000004
0.000004
0.000004
0.000004
0.000004
0.000004
0.000004
0.000004
0.000009
0.000004
0.000005
0.000010
0.000004
0.000004
0.000004
0.000004
0.000004
0.000004
0.000004
0.000004
0.000004
0.000004
0.000004
0.000004
0.000004
0.000004
0.000004
0.000007
0.000032
0.000017
0.000008
0.000142
0.000013
0.000007
0.000122
0.000119
0.000008
0.000007
0.000049
0.000029
0.000039
0.000018
0.000016
0.000129
0.000281
0.000123
0.000049
0.000031
0.000027
0.000027
0.000027
0.000027
0.000027
0.000027
0.000027
0.000027
0.000027
0.000027
0.000027
0.000027
0.000027
0.000027
0.000027
0.000027
0.000027
0.000033
0.000059
0.000185
0.000424
0.000183
0.000078
0.000033
0.000024
0.000022
0.000022
0.000022
0.000022
0.000022
0.000022
0.000022
0.000022
0.000022
0.000022
0.000022
0.000022
0.000022
0.000022
0.000022
0.000023
0.000026
0.000040
0.000052
0.000015
0.000030
0.000010
0.000007
0.000007
0.000109
0.000197
0.000093
0.000044
0.000031
0.000028
0.000028
0.000028
0.000028
0.000028
0.000028
0.000028
0.000028
0.000029
0.000033
0.000050
0.000133
0.000288
0.000129
0.000061
0.000030
0.000024
0.000022
0.000022
0.000022
0.000022
0.000022
0.000022
0.000022
0.000023
0.000025
0.000035
0.000040
0.000023
0.000023
0.000178
0.000130
0.000027
0.000043
0.000015
0.000015
0.000019
0.000012
0.000049
0.000013
0.000008
0.000010
0.000012
0.000038
0.000023
0.000020
0.000014
0.000021
0.000010
0.000093
0.000091
0.000015
0.000091
0.000093
0.000025
0.000029
0.000028
0.000089
0.000093
0.001674
0.000002
0.000002
0.000009
0.000018
0.000003
0.000003
0.000003
0.000009
0.000003
0.000003
0.000003
0.000013
0.000020
0.000008
0.000004
0.000021
0.000008
0.000006
0.000010
0.000008
0.000012
0.000008
0.000012
0.000012
0.000019
0.000508
0.000143
0.000139
0.000085
0.000032
0.000032
0.000031
0.000037
0.000032
0.000033
0.000023
0.000175
0.000032
0.000030
0.000022
0.000038
0.000032
0.000033
0.000031
0.000033
0.000032
0.000031
0.000037
0.000048
0.000047
0.000047
0.000049
0.000048
0.000039
0.000173
0.000010
0.000004
0.000007
0.000006
0.000009
0.000006
0.000006
0.000011
0.000007
0.000009
0.000007
0.000009
0.000004
0.000112
0.000004
0.000026
0.000057
0.000017
0.000056
0.000038
0.000042
0.000052
0.000037
0.000062
0.000029
0.000034
0.000076
0.000039
0.000098
0.000090
0.000051
0.000066
0.000053
0.000057
0.000055
0.000072
0.000161
0.000061
0.000091
0.000091
0.000088
0.000082
0.000076
0.000058
0.000039
0.000096
0.000008
0.000014
0.000007
0.000012
0.000018
0.000009
0.000004
0.000008
0.000014
0.000006
0.000011
0.000038
0.000004
0.000004
0.000033
0.000045
0.000009
0.000009
0.000009
0.000009
0.000009
0.000009
0.000009
0.000009
0.000009
0.000009
0.000009
0.000027
0.000020
0.000027
0.000116
0.000008
0.000033
0.000001
0.000001
0.000001
0.000001
0.000001
0.000001
0.000001
0.000001
0.000001
0.000003
0.000003
0.000003
0.000003
0.000003
0.000003
0.000003
0.000003
0.000058
0.000003
0.000003
0.000003
0.000003
0.000003
0.000003
0.000003
0.000003
0.000003
0.000003
0.000001
0.000001
0.000001
0.000001
0.000001
0.000001
0.000001
0.000001
0.000001
0.000001
0.000001
0.000001
0.000001
0.000001
0.000001
0.000001
0.000001
0.000001
0.000001
0.000003
0.000003
0.000003
0.000003
0.000003
0.000003
0.000003
0.000003
0.000003
0.000001
0.000001
0.000001
0.000001
0.000001
0.000001
0.000001
0.000001
0.000001
0.000008
0.000010
0.000012
0.000014
0.000058
0.000074
0.000070
0.000068
0.000071
0.000047
0.000056
0.000014
0.000019
0.000028
0.000036
0.000063
0.000067
0.000015
0.000018
0.000071
0.000111
0.000007
0.000003
0.000011
0.000007
0.000008
0.000006
0.000014
0.000018
0.000038
0.000083
0.000021
0.000004
0.000010
0.000021
0.000018
0.000005
0.000020
0.000012
0.000004
0.000022
0.000004
0.000053
0.000012
0.000035
0.000002
0.000002
0.000002
0.000002
0.000002
0.000002
0.000002
0.000018
0.000015
0.000002
0.000002
0.000002
0.000002
0.000002
0.000002
0.000002
0.000024
0.000002
0.000024
0.000083
0.000183
0.000117
0.000324
0.000117
0.000117
0.000011
0.000013
0.000004
0.000005
0.000004
0.000006
0.000008
0.000025
0.000006
0.000005
0.000011
0.000011
0.000004
0.000012
0.000029
0.000016
0.000012
0.000012
0.000043
0.000024
0.000112
0.000022
0.000014
0.000019
0.000016
0.000016
0.000097
0.000020
0.000023
0.000029
0.000052
0.000052
0.000029
0.000023
0.000020
0.000011
0.000011
0.000033
0.000058
0.000060
0.000191
0.000115
0.000005
0.000027
0.001043
0.000903
0.000278
0.000038
0.002379
0.000964
0.000240
0.000061
0.000025
0.000024
0.000024
0.000024
0.000024
0.000024
0.000024
0.000024
0.000024
0.000024
0.000024
0.000024
0.000024
0.000024
0.000024
0.000024
0.000024
0.000024
0.000024
0.000024
0.000024
0.000024
0.000024
0.000024
0.000024
0.000024
0.000024
0.000024
0.000024
0.000024
0.000024
0.000024
0.000024
0.000024
0.000024
0.000024
0.000024
0.000024
0.000024
0.000024
0.000024
0.000024
0.000024
0.000024
0.000024
0.000024
0.000024
0.000024
0.000024
0.000024
0.000024
0.000024
0.000024
0.000024
0.000024
0.000024
0.000024
0.000024
0.000023
0.000023
0.000017
0.000023
0.000023
0.000024
0.000024
0.000024
0.000024
0.000024
0.000024
0.000024
0.000024
0.000024
0.000024
0.000024
0.000024
0.000024
0.000024
0.000024
0.000024
0.000024
0.000024
0.000024
0.000024
0.000024
0.000024
0.000024
0.000024
0.000024
0.000024
0.000024
0.000024
0.000024
0.000024
0.000024
0.000024
0.000024
0.000024
0.000024
0.000024
0.000024
0.000024
0.000024
0.000024
0.000024
0.000024
0.000024
0.000024
0.000024
0.000024
0.000024
0.000024
0.000024
0.000024
0.000023
0.000021
0.000017
0.000021
0.000023
0.000024
0.000024
0.000024
0.000024
0.000024
0.000024
0.000024
0.000024
0.000024
0.000024
0.000024
0.000024
0.000024
0.000024
0.000024
0.000024
0.000024
0.000024
0.000024
0.000024
0.000024
0.000024
0.000024
0.000024
0.000024
0.000024
0.000024
0.000024
0.000024
0.000024
0.000024
0.000024
0.000024
0.000024
0.000024
0.000024
0.000023
0.000023
0.000017
0.000023
0.000025
0.000032
0.000109
0.000435
0.001654
0.003389
0.001351
0.000459
0.000101
0.000036
0.000023
0.000023
0.000023
0.000023
0.000023
0.000023
0.000023
0.000023
0.000023
0.000023
0.000023
0.000023
0.000023
0.000023
0.000023
0.000023
0.000023
0.000023
0.000023
0.000023
0.000023
0.000023
0.000023
0.000023
0.000023
0.000023
0.000023
0.000023
0.000023
0.000023
0.000023
0.000023
0.000023
0.000023
0.000023
0.000023
0.000023
0.000023
0.000023
0.000023
0.000023
0.000023
0.000023
0.000023
0.000023
0.000023
0.000023
0.000023
0.000023
0.000023
0.000023
0.000023
0.000023
0.000023
0.000023
0.000023
0.000022
0.000022
0.000015
0.000015
0.000022
0.000022
0.000023
0.000023
0.000023
0.000023
0.000023
0.000023
0.000023
0.000023
0.000023
0.000023
0.000023
0.000023
0.000023
0.000023
0.000023
0.000023
0.000023
0.000023
0.000023
0.000023
0.000023
0.000023
0.000023
0.000023
0.000023
0.000023
0.000023
0.000023
0.000023
0.000023
0.000023
0.000023
0.000023
0.000023
0.000023
0.000023
0.000023
0.000023
0.000023
0.000023
0.000023
0.000023
0.000023
0.000023
0.000023
0.000023
0.000023
0.000022
0.000022
0.000020
0.000016
0.000115
0.000016
0.000020
0.000022
0.000022
0.000023
0.000023
0.000023
0.000023
0.000023
0.000023
0.000023
0.000023
0.000023
0.000023
0.000023
0.000023
0.000023
0.000023
0.000023
0.000023
0.000023
0.000023
0.000023
0.000023
0.000023
0.000023
0.000023
0.000023
0.000023
0.000023
0.000023
0.000023
0.000023
0.000023
0.000023
0.000023
0.000023
0.000022
0.000022
0.000015
0.000015
0.000022
0.000035
0.000073
0.000252
0.000454
0.000585
0.000035
0.000701
0.000283
0.000081
0.000032
0.000022
0.000021
0.000021
0.000021
0.000021
0.000021
0.000021
0.000021
0.000021
0.000021
0.000021
0.000021
0.000021
0.000021
0.000021
0.000021
0.000021
0.000021
0.000021
0.000021
0.000021
0.000021
0.000021
0.000021
0.000021
0.000021
0.000021
0.000021
0.000021
0.000021
0.000021
0.000021
0.000021
0.000021
0.000021
0.000021
0.000021
0.000021
0.000021
0.000021
0.000021
0.000021
0.000021
0.000021
0.000021
0.000021
0.000021
0.000021
0.000021
0.000021
0.000021
0.000021
0.000021
0.000021
0.000021
0.000021
0.000021
0.000021
0.000021
0.000021
0.000023
0.000037
0.000105
0.000431
0.001149
0.000472
0.000176
0.000050
0.000026
0.000021
0.000021
0.000021
0.000021
0.000021
0.000021
0.000021
0.000021
0.000021
0.000021
0.000021
0.000021
0.000021
0.000021
0.000021
0.000021
0.000021
0.000021
0.000021
0.000021
0.000021
0.000021
0.000021
0.000021
0.000021
0.000021
0.000021
0.000021
0.000021
0.000021
0.000021
0.000021
0.000021
0.000021
0.000021
0.000021
0.000021
0.000021
0.000021
0.000021
0.000021
0.000021
0.000021
0.000021
0.000021
0.000021
0.000021
0.000021
0.000021
0.000021
0.000021
0.000021
0.000021
0.000021
0.000021
0.000021
0.000021
0.000021
0.000021
0.000024
0.000032
0.000069
0.000108
0.000197
0.000207
0.000031
0.000207
0.000159
0.000375
0.000144
0.000009
0.000009
0.000006
0.000006
0.000009
0.000009
0.000006
0.000006
0.000006
0.000006
0.000006
0.000006
0.000007
0.000011
0.000009
0.000020
0.000008
0.000029
0.000006
0.000003
0.000008
0.000009
0.000011
0.000013
0.000013
0.000008
0.000042
0.000001
0.000006
0.000013
0.000014
0.000006
0.000006
0.000007
0.000007
0.000006
0.000009
0.000019
0.000008
0.000006
0.000006
0.000006
0.000006
0.000002
0.000002
0.000009
0.000001
0.000001
0.000001
0.000008
0.000003
0.000014
0.000008
0.000003
0.000011
0.000006
0.000004
0.000017
0.000014
0.000009
0.000006
0.000007
0.000006
0.000007
0.000020
0.000008
0.000008
0.000006
0.000006
0.000006
0.000006
0.000006
0.000009
0.000007
0.000007
0.000020
0.000006
0.000207
0.000001
0.000213
0.000098
0.000008
0.000023
0.000181
0.000127
0.000153
0.000041
0.000191
0.000086
0.000056
0.000042
0.000017
0.000068
0.000036
0.000023
0.000014
0.000198
0.000026
0.000025
0.000026
0.000025
0.000029
0.000028
0.000026
0.000025
0.000025
0.000029
0.000028
0.000028
0.000028
0.000037
0.000030
0.000033
0.000033
0.000033
0.000002
0.000028
0.000109
0.000043
0.000043
0.000034
0.000029
0.000001
0.000001
0.000001
0.000001
0.000001
0.000001
0.000001
0.000001
0.000001
0.000001
0.000001
0.000001
0.000001
0.000001
0.000001
0.000001
0.000001
0.000001
0.000001
0.000001
0.000001
0.000001
0.000001
0.000001
0.000001
0.000001
0.000001
0.000001
0.000001
0.000001
0.000001
0.000001
0.000001
0.000001
0.000001
0.000001
0.000001
0.000001
0.000001
0.000001
0.000001
0.000001
0.000001
0.000033
0.000113
0.000021
0.000027
0.000006
0.000089
0.000013
0.000013
0.000009
0.000013
0.000013
0.000009
0.000007
0.000013
0.000006
0.000009
0.000009
0.000009
0.000009
0.000004
0.000013
0.000009
0.000009
0.000009
0.000109
0.000010
0.000011
0.000011
0.000245
0.000102
0.000152
0.000000
0.000011
0.000111
0.000111
0.000016
0.000036
0.000006
0.000250
0.000247
0.000037
0.000015
0.000031
0.000007
0.000003
0.000002
0.000002
0.000002
0.000002
0.000002
0.000002
0.000003
0.000002
0.000004
0.000037
0.000046
0.000003
0.000003
0.000003
0.000005
0.000003
0.000003
0.000003
0.000003
0.000003
0.000003
0.000003
0.000003
0.000003
0.000003
0.000003
0.000003
0.000003
0.000003
0.000005
0.000037
0.000045
0.000038
0.000204
0.000387
0.000007
0.000008
0.000008
0.000008
0.000008
0.000008
0.000008
0.000008
0.000008
0.000008
0.000008
0.000028
0.000008
0.000028
0.000028
0.000008
0.000008
0.000008
0.000008
0.000037
0.000126
0.000057
0.000037
0.000002
0.000002
0.000002
0.000002
0.000002
0.000002
0.000002
0.000002
0.000002
0.000002
0.000004
0.000002
0.000004
0.000007
0.000004
0.000006
0.000045
0.000010
0.000020
0.000050
0.000025
0.000010
0.000014
0.000019
0.000029
0.000054
0.000015
0.000014
0.000013
0.000009
0.000087
0.000004
0.000028
0.000029
0.000011
0.000008
0.000033
0.000012
0.000023
0.000006
0.000016
0.000020
0.000015
0.000008
0.000010
0.000015
0.000026
0.000009
0.000026
0.000033
0.000026
0.000047
0.000017
0.000023
0.000039
0.000022
0.000015
0.000006
0.000006
0.000007
0.000019
0.000097
0.000097
0.000099
0.000081
0.000112
0.000139
0.000067
0.000117
0.000008
0.000005
0.000005
0.000010
0.000015
0.000011
0.000038
0.000019
0.000020
0.000019
0.000114
0.000019
0.000019
0.000019
0.000019
0.000053
0.000020
0.000020
0.000004
0.000079
0.000017
0.000008
0.000014
0.000015
0.000008
0.000008
0.000014
0.000014
0.000013
0.000190
0.000014
0.000006
0.000007
0.000004
0.000006
0.000010
0.000015
0.000006
0.000007
0.000008
0.000013
0.000008
0.000140
0.000097
0.000104
0.000144
0.000117
0.000048
0.000008
0.000016
0.000003
0.000003
0.000003
0.000003
0.000003
0.000003
0.000014
0.000004
0.000211
0.000003
0.000003
0.000003
0.000003
0.000821
0.000774
0.000029
0.000028
0.000196
0.000065
0.000058
0.000041
0.000041
0.000139
0.000281
0.000123
0.000049
0.000031
0.000027
0.000027
0.000027
0.000027
0.000027
0.000027
0.000027
0.000027
0.000027
0.000027
0.000027
0.000027
0.000027
0.000027
0.000027
0.000027
0.000028
0.000033
0.000059
0.000185
0.000424
0.000183
0.000078
0.000033
0.000024
0.000022
0.000022
0.000022
0.000022
0.000022
0.000022
0.000022
0.000022
0.000022
0.000022
0.000022
0.000022
0.000022
0.000022
0.000022
0.000023
0.000026
0.000040
0.000052
0.000013
0.000173
0.000037
0.000045
0.000045
0.000139
0.000200
0.000095
0.000045
0.000033
0.000030
0.000030
0.000030
0.000030
0.000030
0.000030
0.000030
0.000030
0.000030
0.000034
0.000052
0.000136
0.000289
0.000130
0.000061
0.000030
0.000024
0.000022
0.000022
0.000022
0.000022
0.000022
0.000022
0.000022
0.000023
0.000025
0.000035
0.000041
0.000125
0.000125
0.000027
0.000131
0.000023
0.000040
0.000033
0.000010
0.000006
0.000006
0.000024
0.000022
0.000029
0.000007
0.000031
0.000011
0.000030
0.000240
0.000751
0.000312
0.000094
0.000040
0.000029
0.000029
0.000029
0.000029
0.000029
0.000029
0.000029
0.000029
0.000029
0.000029
0.000029
0.000029
0.000029
0.000029
0.000029
0.000029
0.000029
0.000029
0.000029
0.000029
0.000029
0.000029
0.000029
0.000029
0.000029
0.000029
0.000029
0.000029
0.000029
0.000029
0.000029
0.000029
0.000029
0.000029
0.000029
0.000029
0.000029
0.000029
0.000029
0.000029
0.000031
0.000055
0.000156
0.000537
0.001027
0.000418
0.000154
0.000047
0.000028
0.000024
0.000024
0.000024
0.000024
0.000024
0.000024
0.000024
0.000024
0.000024
0.000024
0.000024
0.000024
0.000024
0.000024
0.000024
0.000024
0.000024
0.000024
0.000024
0.000024
0.000024
0.000024
0.000024
0.000024
0.000024
0.000024
0.000024
0.000024
0.000024
0.000024
0.000024
0.000024
0.000024
0.000024
0.000024
0.000024
0.000024
0.000024
0.000024
0.000028
0.000039
0.000093
0.000152
0.000068
0.000079
0.000022
0.000017
0.000022
0.000004
0.000070
0.000018
0.000027
0.000017
0.000022
0.000017
0.000034
0.000014
0.000013
0.000014
0.000027
0.000012
0.000044
0.000016
0.000016
0.000016
0.000016
0.000023
0.000105
0.000047
0.000144
0.000085
0.000120
0.000107
0.000075
0.000065
0.000041
0.000004
0.000010
0.000016
0.000011
0.000041
0.000008
0.000024
0.000025
0.000052
0.000033
0.000029
0.000024
0.000040
0.000061
0.000079
0.000025
0.000126
0.000054
0.000077
0.000048
0.000069
0.000030
0.000042
0.000064
0.000008
0.000010
0.000018
0.000061
0.000021
0.000010
0.000117
0.000114
0.000018
0.000114
0.000117
0.000031
0.000032
0.000032
0.000111
0.000117
0.000003
0.000018
0.000008
0.000009
0.000000
0.000000
0.000000
0.000003
0.000000
0.000000
0.000000
0.000000
0.000000
0.000000
0.000000
0.000000
0.000000
0.000003
0.000000
0.000003
0.000000
0.000003
0.000000
0.000000
0.000000
0.000000
0.000000
0.000000
0.000000
0.000000
0.000000
0.000000
0.000000
0.000000
0.000000
0.000000
0.000000
0.000000
0.000000
0.000000
0.000000
0.000000
0.000000
0.000000
0.000000
0.000000
0.000000
0.000000
0.000000
0.000000
0.000000
0.000000
0.000003
0.000000
0.000000
0.000000
0.000000
0.000000
0.000000
0.000000
0.000000
0.000003
0.000000
0.000000
0.000000
0.000000
0.000000
0.000000
0.000003
0.000000
0.000000
0.000000
0.000000
0.000000
0.000003
0.000000
0.000000
0.000000
0.000000
0.000000
0.000000
0.000000
0.000000
0.000000
0.000003
0.000000
0.000000
0.000000
0.000000
0.000000
0.000003
0.000000
0.000000
0.000000
0.000000
0.000000
0.000000
0.000000
0.000003
0.000000
0.000000
0.000000
0.000000
0.000000
0.000000
0.000003
0.000000
0.000000
0.000000
0.000000
0.000000
0.000000
0.000000
0.000000
0.000003
0.000000
0.000000
0.000000
0.000000
0.000000
0.000000
0.000000
0.000000
0.000000
0.000000
0.000000
0.000000
0.000000
0.000000
0.000000
0.000000
0.000000
0.000000
0.000000
0.000000
0.000000
0.000000
0.000000
0.000000
0.000003
0.000000
0.000000
0.000000
0.000000
0.000000
0.000000
0.000000
0.000000
0.000000
0.000000
0.000000
0.000000
0.000000
0.000000
0.000000
0.000003
0.000000
0.000000
0.000000
0.000000
0.000000
0.000000
0.000000
0.000000
0.000000
0.000000
0.000000
0.000000
0.000000
0.000000
0.000000
0.000000
0.000000
0.000003
0.000000
0.000000
0.000000
0.000000
0.000003
0.000000
0.000003
0.000000
0.000000
0.000000
0.000000
0.000000
0.000000
0.000000
0.000000
0.000000
0.000000
0.000000
0.000000
0.000000
0.000000
0.000000
0.000000
0.000000
0.000000
0.000000
0.000003
0.000000
0.000000
0.000000
0.000000
0.000000
0.000000
0.000003
0.000000
0.000000
0.000000
0.000000
0.000000
0.000000
0.000000
0.000000
0.000000
0.000000
0.000003
0.000000
0.000000
0.000000
0.000003
0.000000
0.000000
0.000000
0.000000
0.000000
0.000000
0.000000
0.000000
0.000003
0.000000
0.000003
0.000000
0.000000
0.000000
0.000000
0.000000
0.000000
0.000000
0.000000
0.000000
0.000000
0.000000
0.000024
0.000024
0.000024
0.000000
0.000037
0.000014
0.000005
0.000005
0.000005
0.000005
0.000008
0.000008
0.000000
0.000000
0.000000
0.000000
0.000000
0.000000
0.000000
0.000000
0.000000
0.000000
0.000000
0.000000
0.000000
0.000000
0.000000
0.000000
0.000000
0.000000
0.000000
0.000000
0.000000
0.000000
0.000000
0.000000
0.000000
0.000000
0.000000
0.000000
0.000000
0.000000
0.000000
0.000000
0.000000
0.000000
0.000000
0.000000
0.000000
0.000000
0.000000
0.000000
0.000000
0.000000
0.000000
0.000000
0.000000
0.000000
0.000000
0.000000
0.000000
0.000000
0.000000
0.000000
0.000000
0.000000
0.000000
0.000000
0.000109
0.000000
0.000000
0.000000
0.000000
0.000000
0.000000
0.000000
0.000000
0.000000
0.000000
0.000000
0.000000
0.000000
0.000000
0.000000
0.000000
0.000000
0.000000
0.000000
0.000000
0.000000
0.000000
0.000000
0.000000
0.000000
0.000000
0.000000
0.000000
0.000000
0.000000
0.000000
0.000000
0.000009
0.000000
0.000000
0.000000
0.000000
0.000000
0.000000
0.000000
0.000000
0.000000
0.000000
0.000000
0.000000
0.000000
0.000000
0.000000
0.000000
0.000000
0.000000
0.000000
0.000000
0.000000
0.000000
0.000000
0.000000
0.000000
0.000000
0.000000
0.000000
0.000000
0.000000
0.000000
0.000000
0.000000
0.000000
0.000000
0.000000
0.000000
0.000000
0.000000
0.000000
0.000000
0.000000
0.000000
0.000000
0.000004
0.000004
0.000035
0.000005
0.000003
0.000003
0.000003
0.000003
0.000003
0.000003
0.000003
0.000003
0.000003
0.000009
0.000003
0.000003
0.000003
0.000003
0.000004
0.000014
0.000003
0.000003
0.000003
0.000009
0.000004
0.000006
0.000007
0.000029
0.000068
0.000070
0.000086
0.000006
0.000007
0.000005
0.000020
0.000158
0.000005
0.000008
0.000011
0.000080
0.000069
0.000045
0.000067
0.000042
0.000024
0.000006
0.000040
0.000008
0.000069
0.000070
0.000070
0.000070
0.000070
0.000070
0.000070
0.000070
0.000070
0.000005
0.000027
0.000008
0.000010
0.000011
0.000037
0.000056
0.000056
0.000056
0.000109
0.000056
0.000037
0.000022
0.000009
0.000041
0.000405
0.000372
0.000086
0.000038
0.000023
0.000021
0.000020
0.000020
0.000020
0.000020
0.000020
0.000020
0.000020
0.000020
0.000020
0.000020
0.000020
0.000020
0.000020
0.000020
0.000020
0.000020
0.000020
0.000020
0.000020
0.000015
0.000205
0.000120
0.000273
0.000234
0.000256
0.000080
0.000037
0.000023
0.000021
0.000020
0.000020
0.000020
0.000020
0.000020
0.000020
0.000020
0.000020
0.000020
0.000020
0.000020
0.000020
0.000020
0.000020
0.000020
0.000020
0.000020
0.000020
0.000020
0.000015
0.000186
0.000116
0.000354
0.000098
0.000041
0.000023
0.000020
0.000020
0.000020
0.000020
0.000020
0.000020
0.000020
0.000020
0.000020
0.000020
0.000020
0.000020
0.000020
0.000020
0.000020
0.000020
0.000020
0.000020
0.000020
0.000020
0.000020
0.000020
0.000020
0.000019
0.000015
0.000243
0.000128
0.000178
0.000055
0.000033
0.000026
0.000024
0.000024
0.000024
0.000024
0.000024
0.000019
0.000114
0.000087
0.000018
0.000009
0.000028
0.000016
0.000237
0.000757
0.000315
0.000094
0.000039
0.000028
0.000028
0.000028
0.000028
0.000028
0.000028
0.000028
0.000028
0.000028
0.000028
0.000028
0.000028
0.000028
0.000028
0.000028
0.000028
0.000028
0.000028
0.000028
0.000028
0.000028
0.000028
0.000028
0.000028
0.000028
0.000028
0.000028
0.000028
0.000028
0.000028
0.000028
0.000028
0.000028
0.000028
0.000028
0.000028
0.000028
0.000028
0.000028
0.000028
0.000028
0.000030
0.000054
0.000155
0.000536
0.001040
0.000424
0.000156
0.000048
0.000028
0.000024
0.000023
0.000023
0.000023
0.000023
0.000023
0.000023
0.000023
0.000023
0.000023
0.000023
0.000023
0.000023
0.000023
0.000023
0.000023
0.000023
0.000023
0.000023
0.000023
0.000023
0.000023
0.000023
0.000023
0.000023
0.000023
0.000023
0.000023
0.000023
0.000023
0.000023
0.000023
0.000023
0.000023
0.000023
0.000023
0.000023
0.000023
0.000023
0.000024
0.000027
0.000039
0.000093
0.000152
0.000006
0.000010
0.000031
0.000008
0.000005
0.000000
0.000000
0.000000
0.000009
0.000102
0.000036
0.000100
0.000036
0.000036
0.000114
0.000101
0.000023
0.000100
0.000014
0.000023
0.000021
0.000106
0.000111
0.000022
0.000000
0.000000
0.000000
0.000000
0.000000
0.000092
0.000063
0.000063
0.000063
0.000063
0.000063
0.000063
0.000063
0.000063
0.000063
0.000063
0.000063
0.000063
0.000063
0.000063
0.000063
0.000063
0.000063
0.000063
0.000063
0.000063
