9924
9592
9593
9594
440
409
579
4098
2952
405
643
5606
5604
5605
5603
3603
411
593
4445
4000
6989
8448
4322
567
1631
1657
4149
408
594
714
715
1782
726
4444
725
5306
335
475
410
623
2805
4367
3916
2864
3342
2867
4368
406
609
2996
2995
6007
407
592
3473
4413
4509
5296
4002
9530
4618
2491
5254
7405
2155
4091
6612
7043
7019
7018
7017
7016
7011
627
203
1100
7030
7046
7034
7039
7036
7035
869
453
1417
6611
7041
7040
7042
7044
432
1081
149
502
6610
7014
7015
7020
7021
7022
7024
7025
7026
7028
7027
5268
7023
8071
8074
8073
8072
7051
5250
324
1058
1059
5828
1951
4200
6608
7013
7032
7012
6047
6911
6794
2686
1051
6930
6929
6932
6931
6928
4260
4263
4353
4261
4128
4262
4352
6141
2608
8096
6297
2219
1794
3130
3470
4310
6298
764
6585
5504
5467
5466
6029
6028
4289
6673
5399
5534
6672
6674
8103
8100
8101
8102
8106
8105
8098
8104
7997
7998
6187
6186
8279
8284
8281
8280
8277
8272
8282
8269
8270
8271
8273
8276
8275
8278
8274
8068
8062
8063
8064
8070
8065
8069
6430
5545
8097
8099
8000
7999
8283
568
8066
8067
5642
6428
6429
6431
6584
1758
4255
2845
9795
9792
3295
2900
2772
4298
6583
6358
7118
323
1233
1218
7045
7031
7029
7033
7038
7037
144
490
5331
6796
4640
6909
642
1499
1490
6609
7527
7526
6795
2293
6910
6614
771
8387
3395
3397
3396
3400
7856
4398
7710
6011
7709
7707
8877
597
9635
9623
9627
9639
9640
88
7815
1679
1974
4629
8372
6527
8109
6308
7070
8451
6528
8110
6307
7069
7751
3355
6918
8947
7877
6919
7876
8946
7874
6570
7871
7872
7878
8949
5481
7875
8948
6735
6965
7873
8945
5528
7749
6788
7747
8350
7743
8334
7745
9521
7755
9523
7758
3369
7008
8953
8952
5686
7885
8951
5992
7880
7881
7882
7395
5293
6750
7396
6062
7883
7884
8954
8950
5387
445
7756
6455
7087
6391
7088
6051
6772
9826
7879
7149
3915
8907
8908
8909
8916
8911
8910
8921
8924
8920
8919
8918
8917
8915
8914
8913
8912
8923
6962
7804
8922
5666
6728
7350
7352
7353
7349
5665
7351
5791
7757
2795
5720
8983
7523
7524
6416
7948
7949
8970
8976
8971
8972
8973
8974
8982
8977
8968
8975
8981
8979
8967
8978
8984
7522
6482
8980
8969
6304
8889
2724
3169
5291
5701
5592
8603
2374
7475
2696
1117
926
925
924
1118
8602
681
682
8612
581
8606
8611
8610
7476
8609
8608
680
679
580
8607
8605
5383
1968
2013
8604
7477
2635
4466
6004
6359
6625
6624
2150
589
2574
825
826
824
8670
8669
8668
8667
8673
695
696
8665
8663
8662
590
8661
8666
8660
7550
8658
8664
1567
1576
198
8671
5511
8672
5428
1985
2072
8659
7551
2352
4475
6012
6374
6635
6634
2161
596
2477
595
8719
832
831
833
8720
7557
8717
7556
698
699
8714
8713
8712
5539
6738
8718
8716
8708
8709
8710
7558
8711
8715
1573
1579
199
8706
6861
5433
2014
2080
8707
7559
8407
3788
9555
9554
9552
9549
9548
9546
9529
9458
9470
9497
9496
9490
9482
6840
6677
8264
8262
3874
9573
8261
8266
5572
8265
8263
6435
9570
9569
9565
9589
9616
9615
9612
9609
8447
5945
7795
9607
7796
9606
6387
9600
7798
9599
6421
8450
7794
9598
7797
8705
7793
5763
9595
8566
8562
8565
8563
1251
4420
5675
5948
5646
3453
7722
4632
7723
7720
7721
5674
3933
2310
4403
4513
5619
6486
5620
6487
2322
5570
5548
7142
7143
2088
7438
7432
7431
8533
8534
8535
7434
7433
7430
8531
7437
370
5980
369
1775
6776
7436
1658
7429
7435
8532
8536
5787
3840
6388
6389
5694
5482
6680
7189
8268
6427
3858
6552
7838
7832
7830
7839
7834
7829
7831
7833
7828
7835
7836
6947
6714
8926
7837
8927
8928
8929
8379
9813
5569
8169
8168
8170
6850
6783
7752
9832
5418
8572
4252
8571
7348
5742
4666
7402
207
8700
8701
8702
8703
7555
8358
9833
6904
7954
7955
9856
7750
6848
5417
8361
6168
8362
9846
8364
8365
5317
8366
7744
9835
6849
9683
1787
3572
6873
5490
5617
7703
5928
8377
7753
7407
7754
4311
7984
6185
7983
4246
5831
5225
6982
7982
7986
6662
6555
7870
7985
7748
4287
5991
4268
6286
4569
6872
7699
7697
6393
6259
7698
5360
7700
7746
5522
7776
7775
7774
5488
4872
6339
6490
6598
5425
6870
5335
4528
6148
4097
3274
7805
6453
8332
2379
2489
6785
1267
8349
8378
4873
7420
7421
9560
7424
5761
5635
7952
8513
5621
1440
9527
2023
2482
7724
1383
8146
7107
7099
8145
7105
6155
8139
8148
8141
7725
7104
491
8142
7103
7101
7100
7102
7106
7726
6619
8147
8140
4647
8143
8887
7727
7728
8885
6901
7730
5542
7729
4510
6245
8209
7953
4511
8208
6859
5780
6902
7731
9836
8884
8888
8882
6774
8880
8881
8144
8883
8886
7428
8879
8878
4620
7412
6716
2443
7816
1809
6411
8291
8165
8167
8166
8033
1884
8034
6280
8035
8036
8043
8019
8931
7673
6450
6764
5930
8037
8044
5521
6977
7411
6960
5703
6234
7667
6986
7668
7669
8013
7705
6147
5256
3913
6950
6511
8012
6569
7413
8015
7192
6975
9591
7670
2480
8009
8008
8932
7671
7131
2669
8016
5305
6091
5678
5323
6452
8029
7672
383
8022
8023
6884
6507
6194
510
8024
7473
5257
7678
7427
5632
5844
8027
5999
7191
8177
6133
6963
6471
4633
7676
7399
8031
6860
6787
6540
6786
7686
7679
8028
6546
8129
7688
7415
8026
7535
6502
8025
8021
8704
7687
7685
6399
6987
6791
6731
6557
8020
7844
8018
8011
6206
2152
8010
7840
7684
6473
7683
6472
7682
6869
5571
7681
4514
7843
8860
8014
5594
470
7957
8030
5880
8933
6883
7680
6790
8039
8444
8032
5727
7701
8048
7689
5865
7842
8017
5872
6575
7098
7425
3855
1891
6933
7841
6525
5977
8047
6959
6281
6806
7561
8046
8045
1888
393
5824
6053
8432
8041
7132
6451
7474
6216
8925
8040
8042
6385
6456
8038
1887
6553
8930
1934
9473
7811
1885
6529
5299
447
483
1188
1266
3996
1126
658
750
816
842
874
881
880
879
883
877
876
882
878
875
843
814
751
661
1125
2822
1153
693
776
865
921
933
963
966
971
949
937
938
941
939
946
952
950
970
965
959
955
951
957
958
934
920
866
773
690
1155
7097
4682
7817
3577
6948
5544
2402
6312
4213
6770
1836
6064
5361
6231
7403
6572
6448
6239
6160
6126
5762
6303
5946
6335
5941
7491
5406
8159
6805
5471
7489
5634
6781
6195
6090
7401
6171
6412
5759
7490
5316
8428
8406
8405
7117
3293
1132
677
761
830
893
901
908
909
910
911
906
912
913
907
914
915
916
902
892
829
760
676
1131
6862
463
2467
4865
6083
3817
8404
4497
7454
6398
4496
7453
6767
8403
6765
6463
9466
6101
7563
7562
401
6766
9446
6571
4135
2388
7812
5718
6342
1020
6048
5512
2826
6294
6464
3906
7995
7987
6894
1862
1331
3865
5314
5386
5774
1880
7807
5518
7047
4027
7806
7414
6915
5996
6889
5670
6542
2701
5925
3929
5379
1666
1797
2301
5988
1886
6517
2297
1893
1676
2220
6775
5442
8322
5398
6338
5595
7988
7989
5238
6279
7991
7992
7993
6715
6988
6983
6984
7994
7996
6985
7990
7662
7665
5409
6742
6410
6558
7190
4558
8402
4395
6676
4534
5234
7818
4572
8735
4412
5607
8400
5253
7455
9551
8560
7162
5724
5097
5271
8584
8585
8590
8586
8582
8587
8589
8583
556
8588
7245
6974
8320
8321
7163
2843
6420
7808
3729
7813
5760
1085
2376
1343
1937
1249
523
2351
5370
6789
6449
7814
5346
5823
739
5682
8393
9518
5708
8258
8260
8259
5712
537
738
2250
7095
8138
7094
8137
8136
7092
7093
4356
5618
620
336
1032
1691
2212
2315
2323
2328
2319
2306
2033
1572
554
191
598
1434
2444
3131
3582
3591
3592
3352
2773
2185
1942
6255
5939
1878
2672
4516
6254
8392
7978
7398
7979
7408
7977
7410
8289
6407
6191
5995
5730
5560
7663
7664
5541
6465
2725
6665
387
6664
9850
8391
3861
9852
8905
9854
7708
5725
8398
5601
8184
8182
9859
9860
8178
8181
8318
8179
8183
8180
5549
5835
7244
8317
7148
2722
21
52
164
1089
1851
2147
2162
2164
2178
2177
2176
2175
2174
2173
2172
2179
2171
2170
2169
2168
2167
2166
2165
2181
2180
2183
2182
2163
2158
2148
2143
2213
3460
6480
8319
5940
8547
8548
6779
8328
6892
6893
7702
6743
9830
8549
8423
5407
8422
5531
7390
8419
9771
8418
5405
8417
8416
5449
8415
6744
9794
9793
4878
7976
9788
9787
6315
7675
5638
8290
8224
7409
9779
8292
9777
8223
8412
8411
9776
2738
6972
2694
9774
8430
9743
8397
9741
7560
5568
7951
6966
2737
3932
7950
7801
7802
7803
6251
5457
585
5282
4005
5283
4688
2490
4687
6843
5326
8225
8395
5764
9701
9700
7406
5766
8570
6617
8564
8569
8567
7463
8568
8431
7203
7810
6183
8869
8876
8866
8875
8874
8873
8872
8871
8870
8868
8867
8865
4106
8864
8863
8433
9689
5748
2084
6362
6943
6944
3792
2688
6942
6941
2493
1565
1245
2685
7
51
121
666
1696
3240
3357
3421
3420
3419
3418
3417
3416
3415
3414
3413
3408
3412
3411
3410
3409
3422
3407
3405
3402
3406
3404
3403
3356
3451
3284
3793
3814
5483
1819
8434
2779
10
59
129
724
1750
3241
3358
3430
3440
3439
3438
3437
3436
3435
3434
3433
3432
3431
3441
3429
3427
3423
3424
3428
3425
3426
3359
3452
3285
3794
3815
5484
8435
9713
8436
3923
193
637
1512
3287
4411
4657
4664
4675
4674
4673
4672
4671
4670
4669
4668
4667
4665
4679
4676
4864
5201
5785
9736
4245
1326
6615
9735
6283
1262
4302
4469
5486
4301
5229
5161
1115
5856
6140
5855
6138
7381
5284
6375
6136
5854
3879
6135
7007
6461
4439
6139
5623
6137
6188
6316
2459
4409
8656
7537
9731
7538
6352
9729
9728
6376
5235
6478
8107
436
6477
8108
437
6096
5765
6356
6193
6355
6447
5820
8437
7418
8286
8287
8438
5263
7886
6945
5905
2744
6166
6167
5943
5947
6104
6768
6769
8442
6404
8440
6501
7065
9721
9720
7144
7000
7419
6951
8859
8441
9803
3586
9804
8906
742
9891
744
8445
9890
9889
8443
9887
8220
9886
9885
9884
9883
5815
2749
5773
7857
6727
7661
630
641
6879
631
640
8850
8851
8853
8852
6880
7858
7660
8854
7666
8449
8390
9874
8425
9873
8338
9872
217
1111
1822
2447
2631
2659
2664
2666
2663
2658
2632
2448
1823
1109
218
362
8345
9868
8344
9867
9893
297
1209
1830
2327
2395
2457
2456
2398
2324
1831
1208
296
418
5527
5755
5906
5290
559
558
1054
7484
5768
7485
1071
2518
16
44
150
1060
1841
2154
2187
2193
2192
2191
2189
2188
2205
2194
2195
2196
2198
2199
2200
2197
2203
2204
2209
2207
2208
2210
2206
2201
2190
2202
2186
2184
2156
2153
2218
3471
8336
7907
9917
9915
8351
5633
2603
2673
1047
5636
1332
460
572
531
532
573
459
1333
801
4165
6257
4449
4467
1793
4169
6256
3280
1467
6276
7165
7166
7167
5419
7809
7956
6660
7426
8288
8285
7492
4684
5903
6134
5197
7164
8486
9815
7423
8485
7397
6408
8497
5473
6559
6331
6939
6940
6938
5757
7525
8356
5368
7442
233
8550
8551
8552
7170
5513
8226
4900
8367
5637
1384
6235
6551
6236
4576
2350
1807
4452
6237
5714
6832
6831
6305
6757
8373
6192
818
4387
4386
4385
712
1031
713
4267
770
748
6446
2602
4390
8309
8307
8314
8308
8310
8311
8312
8313
8315
8306
8316
4004
2215
2214
5334
5475
1097
5333
6014
5553
6329
747
5552
5550
6328
6326
6851
4702
5437
6425
6655
5794
6327
3458
7393
7394
5842
7392
7391
6382
6747
5695
7301
6095
5616
5551
1670
6981
4306
8335
9516
186
6782
1021
2265
2294
2264
9513
8049
6230
8343
9509
9508
4170
4253
6577
5351
4432
6576
1761
2016
4266
4265
5770
5292
8529
8528
8527
8526
8530
8525
8524
8523
5160
8111
5566
6804
6720
4299
5382
2757
8958
7900
8966
8959
7145
7898
7897
8962
6734
6961
8963
7374
7049
6078
9449
8955
8957
8965
7896
8964
8960
8961
7899
7895
8325
5579
4426
6937
8956
8342
5944
9471
8339
8221
8353
7169
9507
9559
8374
7400
7193
8375
6573
9644
2865
1301
1312
1307
1311
1310
1309
1308
1313
1306
1305
1304
1303
1302
7677
6454
8216
8331
8333
8214
7716
6748
6659
5876
8215
2961
1603
5707
5626
5788
4692
8355
5789
4347
6034
8352
4346
8363
5852
3922
6956
7861
8934
6957
8935
8936
6955
6954
8937
8938
6990
8939
8942
7860
7859
6953
5920
8941
8943
8944
8940
9679
8359
6189
7380
9671
9043
8357
8890
8360
5404
8369
8212
9670
9669
9667
9662
8371
8385
5233
2563
197
255
2987
1502
2281
2239
1451
5864
2282
2564
2796
2611
639
3820
7422
8384
566
8211
8210
8061
8383
5313
5994
7980
6980
9660
8382
5209
9658
9655
9654
9587
7674
6363
6616
9583
9581
740
9577
9576
71
4249
3399
3394
3401
3398
6887
4309
7692
4441
9575
6238
7157
7156
7155
7691
8861
5543
6170
2211
5574
9566
9608
3921
3920
4375
0
4465
1011
1930
2018
4355
2300
5462
5461
7868
7867
5610
4477
4192
6934
7866
7862
4354
2299
5460
5459
7863
7865
5609
4476
4191
6935
7869
7864
6156
1500
8895
7457
611
612
8891
8158
6282
7456
7777
7116
5801
6622
7458
7459
6621
354
278
768
5582
5975
3883
7111
6057
5352
112
7114
6056
7204
6080
5363
4198
1948
8293
5547
8294
5338
1222
468
7112
8157
1448
1150
6623
7113
613
8892
5509
2939
2940
614
2794
722
721
615
8893
8894
5937
2240
9034
9032
185
184
9031
9035
9024
477
1242
9029
755
754
7975
5929
632
635
9030
9023
9027
9036
9033
9025
9026
9037
9028
487
488
438
633
634
9040
9041
1061
1062
544
9039
9038
9042
5934
2320
8475
7387
7386
7385
8483
8484
8482
7384
6417
8481
6761
8480
8479
6760
8478
8477
1389
8476
5567
5936
2718
8468
7378
7377
7376
7375
7379
8470
6588
8473
8469
8467
8474
8471
36
8472
7207
4104
8130
8131
8132
8135
8134
6035
6293
5830
7091
8133
7206
4370
8151
8152
8153
8156
6049
8154
8155
6130
1714
4394
605
274
1881
1369
1380
1382
1378
1353
1882
1386
1377
1381
1368
1385
1354
604
8855
8856
8299
8296
5301
7464
8858
7219
6244
8298
268
753
5537
5877
3272
7222
6243
5362
114
7223
6241
6242
246
5275
1247
1427
1491
1533
1535
1548
1549
1544
1545
1546
1547
1540
1551
1532
1560
1525
2280
4100
603
602
6833
7536
132
189
7221
7220
8297
601
5523
2809
2808
600
2487
1230
1220
1244
599
8857
6146
5935
4345
5535
2387
5898
5899
5900
5901
5536
2339
5985
5984
5983
5982
5981
4096
1949
7115
1920
6620
1219
7363
7358
7356
7357
7354
7359
7360
7361
7362
7371
7364
7365
7366
7368
7369
7355
7367
5800
6729
7370
5581
6656
7184
7183
7181
7185
5580
7182
5737
7205
2314
5578
8904
6793
7496
6413
6544
7792
6414
7791
6415
4396
62
123
309
1275
2026
2750
2776
2788
2787
2778
2797
2761
2960
3167
5365
4214
47
107
241
1198
1958
2781
2833
2850
2849
2854
2855
2848
2832
2872
2806
3248
3297
5390
3863
26
84
172
1074
1870
2869
2982
3152
3155
3136
3135
3137
3149
3134
3153
3151
3150
2979
3177
2902
3455
3477
5439
4129
38
102
208
1158
1913
2801
2861
2888
2858
2897
2823
3282
3361
5402
5412
3238
3576
3239
5413
2746
9
58
128
723
1731
3236
3346
3378
3383
3386
3385
3387
3382
3388
3380
3379
3381
3373
3376
3374
3377
3370
3371
3384
3375
3372
3347
3447
3275
3789
3805
5477
4130
40
104
222
1182
1935
2802
2863
2886
2882
2883
2887
2884
2885
2862
2899
2825
3281
3362
5400
3862
25
82
173
1072
1869
2870
2983
3162
3160
3159
3158
3157
3163
3161
3156
3154
3148
2980
3176
2903
3456
3476
5440
3995
30
87
182
1091
1903
2829
2784
2804
2507
2450
1861
2451
2508
2803
2799
2904
2977
2866
3364
3457
5426
3533
22
79
156
1036
1838
2942
3171
3227
3226
3225
3224
3228
3229
3230
3231
3232
3233
3234
3235
3172
3244
2962
3472
3575
5448
4215
46
108
240
1199
1957
2782
2831
2857
2856
2853
2852
2851
2834
2871
2807
3247
3298
5391
3864
27
83
171
1073
1868
2868
2978
3138
3139
3140
3141
3142
3143
3144
3145
3146
3147
2981
3178
2901
3454
3475
5438
4030
34
94
201
1142
1918
2815
2879
2916
2914
2913
2919
2907
2906
2909
2881
2948
2841
3338
3443
5416
4131
39
103
221
1181
1936
2800
2860
2890
2894
2893
2892
2891
2889
2859
2898
2824
3283
3360
5401
4029
35
95
200
1143
1917
2814
2878
2911
2908
2910
2912
2915
2917
2918
2880
2947
2840
3339
3442
5415
4397
63
122
308
1276
2025
2751
2777
2790
2789
2775
2798
2762
2959
3168
5366
8176
5719
6432
8902
8903
6258
8295
6866
2494
4292
5356
6275
5833
8545
2357
7441
134
2681
1104
898
899
900
1105
8541
665
662
8546
576
8544
8543
8542
7439
8539
8538
663
664
577
8537
6778
5364
1953
1969
8540
7440
6103
8354
1954
4643
5786
6580
6632
6633
2070
5740
7057
7056
2517
780
781
779
8465
8464
8463
8462
8461
7772
669
668
6759
8459
7773
8466
578
8454
8460
8455
7372
8456
8457
1523
1534
194
6758
5435
8458
5359
1955
1970
8453
7373
6149
6483
1927
4703
5818
6636
6725
6726
2109
5769
7090
7089
2458
583
8619
802
804
803
8620
7488
8625
7487
6199
7800
684
685
6807
8622
7799
8621
5526
6626
8618
8623
8616
8613
8614
5624
8615
8617
1538
1552
195
6808
6809
5384
1966
1988
8624
7486
6200
8380
2577
224
2393
1638
1641
1644
1642
1645
1646
1643
1634
1650
1625
1620
1655
1619
2392
1654
1624
1651
1635
1640
1639
1637
250
2097
1482
1472
1488
1462
1493
1455
2096
1454
1494
1463
1486
1471
1479
1483
1480
228
2361
1607
1613
1608
1614
1609
1612
1601
1617
1592
1628
1588
1587
2362
1627
1591
1618
1602
1615
1610
1611
270
1947
1422
1406
1431
1401
1944
1400
1430
1407
1423
1416
1420
1419
1415
316
1765
1764
1257
1286
1271
1281
1284
1269
1290
1256
294
1853
1364
1335
1854
1334
1363
1349
1360
1355
1356
1359
1348
251
2095
1477
1470
1489
1464
1492
1457
2094
1456
1495
1465
1487
1473
1484
1478
1481
204
2715
1738
1748
1746
1737
1739
1741
1747
1749
1734
1740
1725
1743
1742
1745
1729
1752
1715
1771
1724
2714
1770
1716
1753
1728
1736
1744
1735
315
1762
1766
1254
1288
1273
1282
1283
1268
1289
1258
367
1568
1128
1174
1147
1175
1129
1569
314
1767
1763
1255
1291
1272
1280
1285
1270
1287
1253
6896
269
1946
1425
1405
1428
1399
1945
1398
1429
1404
1424
1414
1421
1418
1413
6491
6567
6991
6992
2465
6895
6403
6732
6733
5875
8052
5525
8050
8051
2492
1605
9827
9828
9829
9907
9910
9912
9919
6858
4446
6876
5918
6586
6875
5916
6084
5997
4280
6085
6877
5917
6087
5998
4132
5821
7539
2360
6086
7540
5410
6756
6754
6755
1656
819
4512
5242
5244
5245
5243
486
5949
5950
5951
3449
4681
6589
5388
4890
2716
7147
7146
6392
4450
450
359
7444
7443
5745
6823
6825
6820
6810
6822
6824
5990
6827
6828
6826
6811
6813
6814
6817
6821
6169
6812
6819
6818
6816
6815
4507
2985
1817
2682
5805
2975
4486
6054
5803
4283
5914
4107
1971
5952
5478
5493
7064
7063
1705
3866
32
91
190
1106
1905
2844
2944
2973
2971
2968
2970
2967
2972
2974
2969
2943
3126
2875
3392
3464
5429
4405
77
135
348
1352
2103
2739
2758
2759
2770
2748
2876
2954
5347
5270
649
1450
2256
4101
4400
4474
4508
4547
5691
8217
8219
8304
8303
8302
5355
811
1542
2308
4124
4391
4489
4532
5681
5354
812
1543
2307
4123
4392
4488
4531
5680
5353
813
1541
2309
4122
4393
4487
4530
5679
8301
4089
271
927
1668
3790
4410
4565
4574
4580
4579
4581
4582
4583
4575
4606
4585
4646
4886
5751
330
9726
4506
329
645
8218
5861
4288
343
1083
1785
3912
4414
4542
4546
4548
4549
4545
4556
4550
4610
4686
5736
482
7224
6721
8300
8305
7768
5716
4264
6829
6361
6063
5683
4505
6215
5622
6515
8576
8577
8579
8573
8581
8578
8575
8574
4380
563
562
8580
5613
8401
3277
5793
7785
6070
7786
6069
2503
106
310
1076
2368
4313
5151
5162
5194
5195
5192
5188
5170
5172
5173
5174
5175
5177
5191
5179
5193
5181
5182
5183
5184
5185
5187
5189
5190
5168
5180
5186
5178
5176
5171
5169
5163
5199
5196
5237
5274
5838
7784
6071
7782
6073
7789
6074
3860
192
629
1509
3276
4407
4634
4644
4654
4653
4649
4651
4656
4652
4655
4648
4650
4645
4662
4658
4701
5167
5777
4126
273
928
1669
3791
4416
4573
4607
4611
4612
4613
4615
4614
4608
4619
4617
4663
4891
5754
7787
6075
7788
6076
7790
6072
6920
6663
8899
7783
8898
8897
8896
5846
5847
5851
5850
4527
5849
5371
8818
6856
5692
4350
6124
5479
6377
6378
4492
4491
1475
5394
2755
6061
5298
2370
7074
7076
7072
7075
7073
7213
6142
8413
4417
8204
474
8203
6999
5705
2785
6340
96
8128
8127
5746
8126
3463
6381
7186
5430
6094
6867
6868
6390
7208
1179
6089
2030
5979
6290
4698
6891
6289
6288
6287
6855
4220
6763
7451
7452
433
7449
7450
7445
7448
7447
7446
5845
1662
1466
5867
5866
5868
5869
5870
5871
6088
2708
2027
4712
57
11
435
179
514
402
478
2354
7209
5281
7514
7516
7515
1200
7210
3242
7715
5993
7714
4217
5739
4541
6881
7713
7712
6539
6476
7706
7711
7211
1895
4557
1943
1677
3365
6196
6504
6503
5721
1160
1066
619
1840
6505
3917
6506
7212
2877
7110
7109
8848
8847
8846
8849
8840
8845
8836
3935
8837
8839
8833
8842
8841
8844
8838
8835
8834
8843
8832
5961
7652
4127
3998
5487
6864
7653
7654
6313
5267
7781
7780
7779
7778
6865
7655
7651
5198
1581
2505
1049
4630
930
4529
9861
1561
528
654
4460
2332
5976
8426
1786
5519
353
281
1600
8427
741
8410
8409
101
8408
4468
9858
7416
9857
4142
3450
8522
8520
8521
8519
8518
8517
8516
8515
8514
6976
4276
8827
7659
8825
8816
8823
2691
8811
8814
8828
8824
6874
8815
8813
8812
8821
8817
8826
8822
8820
8819
8249
8250
8251
8253
8252
8257
8254
7179
3910
8255
8256
7481
4422
7482
7483
7479
7478
7480
7906
7905
7904
7903
7902
4277
7901
8553
8559
8554
8557
8555
4021
8556
8558
8674
8680
8675
4223
8676
8677
8678
8679
7769
8213
3537
2828
1090
5311
8324
9531
8267
4636
6003
8323
7247
1064
1813
7066
7471
1223
7847
6927
6922
7849
6926
5860
293
7850
7852
7853
7470
1690
5397
2485
2567
492
7854
6531
6921
6925
6924
6923
7466
4408
381
380
379
382
7846
7845
4535
7851
8592
7465
7468
8598
6798
7469
1963
7467
4494
6165
8150
7770
4493
8149
6724
5722
6797
7472
5713
2285
8591
8593
8594
1909
8595
8596
7848
8597
8600
6952
8601
8599
342
5408
7404
4364
1825
4463
543
6566
4314
3534
6310
6936
6522
6309
6519
7932
6174
1528
7933
4521
5492
7934
6485
7935
6176
4424
2667
7936
6246
1860
1496
1436
1108
7937
5411
7938
6484
2367
1589
2986
6161
1732
5717
5669
7507
5912
5344
7510
5911
7509
6210
7939
5294
9646
2353
732
1827
5972
3848
7940
5715
6205
4319
7942
5924
5688
9643
7497
226
7943
5893
7947
6247
7499
5910
6520
5524
2289
9629
7930
5894
1145
561
4691
5288
5289
287
1606
1114
1274
1024
7944
6175
7505
6208
6031
5465
7945
5891
7946
6177
6839
4305
1919
415
7931
5895
7153
1922
5269
2228
1045
4434
403
154
7915
4208
5381
7150
5135
7187
4251
4637
4638
4639
6949
6250
6226
4389
5436
1717
5241
6422
5673
6423
5806
1452
1026
1205
4421
4308
1578
2363
1224
1461
5749
6150
389
1933
1206
7922
5561
439
2012
1294
3849
1508
7504
5909
7508
6209
7925
2774
5711
5628
4206
7926
5369
6457
7927
5897
7908
5792
7500
7502
2257
5341
5262
1013
5226
7924
5441
7194
7195
7923
5890
7921
5896
2334
1526
1751
7920
5732
7498
2731
7501
2732
4538
2671
2689
5554
6547
6548
1238
672
8637
7919
2736
327
6523
7918
5892
2238
1531
1050
2783
1856
7917
5775
7928
2356
5978
7916
7506
2260
5938
7914
6173
2355
1225
4402
1682
1231
1848
4343
1621
1379
5931
5627
7913
6178
1760
565
5704
4203
7929
5889
7912
1086
282
1604
1902
1659
1101
1520
1562
1178
1113
479
828
365
4641
1900
124
372
1196
2570
4303
4570
4578
4590
4589
4588
4592
4587
4586
4594
4591
4593
4597
4595
4605
4604
4603
4601
4600
4599
4598
4602
4596
4577
4609
4584
4659
4879
5756
7911
6521
4381
7071
5888
7154
4207
4635
7941
5887
7909
5886
4437
1929
3801
6749
302
1048
1460
1849
7910
5885
1846
4520
2086
1711
1577
9596
4464
846
6409
2113
396
374
1078
1116
3997
1123
659
749
815
845
873
884
886
887
888
889
885
891
890
872
844
817
752
660
1124
2821
1154
692
775
867
919
932
948
947
945
953
944
943
942
968
940
954
964
972
969
967
956
962
961
960
931
922
868
774
691
1152
6973
1847
4462
976
4430
1374
434
2504
1241
7138
7139
7140
7141
7133
7136
7137
7135
7134
1973
292
1833
586
1590
1235
2290
1665
1867
1250
1449
1213
1871
1459
4642
1852
5797
3273
7225
4247
1759
5796
3803
4616
2478
2711
1680
5345
4205
2034
5795
2703
4523
2765
4522
2766
4524
2764
6678
2341
1094
624
707
759
778
786
797
798
799
800
790
791
796
795
794
793
792
787
777
758
706
625
1095
6637
2405
14
320
364
9467
1693
1141
756
481
5266
4453
2945
5265
4624
1687
4622
4418
1784
4371
5782
5783
332
4623
1904
1583
473
1857
4454
1586
1146
66
3850
4293
1524
5450
5672
1779
5495
5497
3345
280
452
1647
1911
2274
4357
1248
4457
2242
6060
2064
4459
2373
3350
4447
5529
2660
5684
1629
4211
1426
2333
588
823
2090
5251
1159
5590
1180
1107
1080
1194
5750
2677
7704
4099
4901
2709
5500
5501
2116
4566
5498
5496
5502
4365
5342
5343
5340
5499
5503
5339
5494
6629
6628
3164
6300
5322
5227
6373
2342
2687
1698
5295
2151
5236
6145
1435
8561
4114
5219
1098
670
5403
4431
5562
4321
1485
1468
2723
7642
7643
7644
7645
7646
7648
7647
7649
495
7650
5840
5480
6127
6128
4320
1315
1387
2321
4455
1375
9556
4456
1408
6395
6394
6397
6396
3294
1237
1357
834
1701
746
358
177
110
1340
5208
1151
4458
1320
187
743
480
8399
7003
9557
5767
2284
8092
2610
6554
8093
5247
6291
5741
7050
8094
5614
4518
4351
455
737
1571
6565
4621
6998
214
61
235
1299
2496
3466
3730
3737
3784
3783
3782
3781
3780
3779
3778
3777
3776
3785
3774
3755
3751
3750
3749
3748
3747
3775
3746
3745
3744
3743
3742
3741
3740
3739
3738
3752
3753
3773
3754
3772
3771
3770
3769
3768
3767
3766
3765
3764
3763
3762
3761
3760
3759
3758
3757
3756
3736
3731
3465
2497
1298
236
60
6997
6996
225
69
264
1344
2501
3344
3479
3486
3522
3516
3529
3508
3509
3510
3511
3512
3513
3514
3515
3517
3519
3528
3520
3521
3523
3524
3525
3526
3527
3518
3506
3505
3491
3490
3489
3488
3487
3492
3493
3496
3507
3495
3497
3498
3499
3500
3501
3502
3503
3504
3494
3485
3478
3343
2502
1345
265
70
234
74
285
1370
2521
3354
3536
3540
3553
3554
3555
3556
3559
3558
3562
3560
3551
3561
3552
3557
3550
3549
3548
3547
3546
3539
3538
3564
3571
3588
4349
4348
3587
3570
3563
3565
3568
3584
3871
4318
360
4317
3872
3585
3569
3566
3545
3542
3543
3544
3541
3535
3353
2522
1371
284
73
1975
1914
9544
341
174
521
1325
1660
1710
1718
1720
1712
1695
1554
1084
290
160
512
1342
2268
2690
2753
2756
2754
2713
2464
1783
1529
2247
1229
139
469
1300
2565
4093
4315
4324
4331
4335
4333
4339
4330
4336
4334
4338
4337
4329
4340
4328
4332
4325
4342
4327
4359
4383
5530
2246
1584
333
1065
1673
2719
3867
4007
4013
4014
4016
4010
4090
4105
5309
7696
2304
1161
701
783
895
936
975
1003
1005
1000
1006
1010
1009
1008
1007
1004
999
1002
1001
988
982
981
984
978
977
980
985
997
986
989
994
996
979
995
993
991
990
998
983
987
992
974
935
894
782
700
1162
7694
2653
1119
652
733
789
836
847
861
860
859
858
863
857
856
855
854
853
852
862
851
864
850
849
848
837
788
734
653
1120
7695
1818
2463
6317
6318
6320
6321
6319
4678
2296
1515
709
1772
6102
6627
6630
1964
4559
694
3857
2303
1445
3856
5200
8424
644
9865
8657
9896
7693
2717
5228
1458
9898
9899
9902
9888
5325
5858
9796
7717
5857
8222
8421
5859
4419
366
6882
7719
8420
2032
23
56
168
1092
1815
2028
2081
2222
2382
4109
356
4110
2383
2223
2082
2063
2056
2055
2052
2053
2054
2061
2062
2057
2058
2059
2060
2051
2037
2024
2020
2069
2984
5734
7718
4094
7053
6533
7054
6292
7067
6093
6092
6993
6299
6278
125
7052
5827
2820
1012
283
4526
4102
1686
1594
1297
1596
1088
5848
1593
1318
1336
1595
1688
1296
6853
1474
574
9772
9756
5836
1121
386
394
395
9744
9745
8414
1916
5285
1952
5469
2792
5702
6157
5470
6159
2793
5863
5862
6158
1067
6203
1027
9783
9781
6913
117
5532
4373
6530
3446
6846
6419
1894
2149
6847
7243
7242
7241
5853
655
158
1558
1441
6252
1580
5328
5329
5327
9778
166
4711
4710
4708
4709
4707
4705
4706
1521
260
1941
1940
1931
904
4361
259
258
6030
513
2091
2830
1667
5804
1789
7180
6079
2905
6799
5350
6803
6801
6802
6406
6800
617
1367
388
72
8724
8723
8722
8731
8721
8725
8726
8727
8728
8729
8734
8730
3797
8733
8732
6857
6143
6172
1557
247
2712
5879
4435
5231
1046
1018
5230
5232
1023
5878
64
13
2515
188
85
245
918
1788
2316
2569
2575
2596
2590
2588
2587
2584
2580
2589
2591
2579
2593
2594
2595
2597
2598
2578
2592
2586
2585
2583
2582
2581
2576
2599
2572
2607
2614
4244
53
8394
2235
8
55
127
711
1700
2818
2895
2936
2922
2925
2923
2924
2927
2920
2921
2926
2928
2933
2938
2937
2935
2934
2929
2930
2932
2931
2896
2950
2836
3351
3391
5424
8396
2613
6
49
120
656
1689
2957
3219
3261
3262
3266
3265
3268
3249
3253
3254
3255
3256
3267
3269
3260
3259
3263
3264
3251
3252
3250
3257
3258
3220
3278
2994
3573
3581
5455
8429
3270
570
317
1236
1977
2839
3589
3822
3825
3826
3833
3834
3830
3832
3827
3828
3829
3831
3824
3836
3823
3846
3869
4503
8831
237
153
4193
1391
2705
730
1506
2837
3469
2483
1672
2976
2733
303
4137
4270
4138
4275
1950
1566
2329
4271
4139
1536
4274
1959
1709
1322
4272
1433
4273
2675
4020
5814
227
307
4693
4499
1754
4498
1437
1070
547
548
552
550
551
549
8830
449
349
3179
5758
2317
17
45
155
1069
1835
2105
2118
2122
2121
2124
2126
2138
2139
2142
2140
2136
2135
2134
2133
2132
2137
2131
2130
2129
2128
2125
2127
2141
2123
2119
2114
2106
2100
2157
3368
4294
6099
2683
48
81
257
1228
1858
2021
2038
2042
2043
2046
2047
2049
2048
2045
2040
2044
2041
2039
2031
2022
2017
2065
2955
355
256
688
838
6370
6369
6372
6371
6368
6366
6367
6365
6364
689
571
1203
8439
3918
4009
4863
5300
1227
313
2277
2258
587
252
1648
1373
1649
683
607
1889
2093
2234
1339
2233
1327
1928
1328
2120
253
152
338
7084
7086
1774
4300
1790
6302
3859
2700
2710
4533
7085
1075
7083
6890
6581
503
7082
4442
5728
6595
5915
5546
4451
5286
6594
6001
7461
6596
6337
4023
8003
5731
5841
5645
6593
8006
8007
8005
8004
4478
7460
6002
4661
7081
626
5202
1028
9880
5508
6888
6582
6579
1694
1279
6025
6026
6027
5781
5308
6295
1044
1839
7059
7061
7060
7058
6296
1863
1983
6405
6578
7062
7503
384
8389
7005
8452
7006
8446
9875
216
1112
1821
2446
2630
2656
2662
2665
2661
2657
2629
2445
1820
1110
215
361
8347
7004
8346
7002
9869
298
1211
1829
2326
2397
2454
2455
2396
2325
1828
1210
299
419
1034
363
65
606
1409
243
244
1148
420
4145
6467
2394
4146
1201
325
1411
15
42
148
1043
1792
1981
1986
2009
2007
2006
2002
2001
1998
2010
1989
1990
1996
1992
1993
2000
2011
1995
1994
1991
1997
1999
2003
2004
2005
2008
1987
1984
1982
1979
2015
2838
6914
4685
9831
9816
3574
1630
2083
2108
767
2386
1261
417
525
493
494
526
416
1260
540
2698
5825
2946
3870
1553
8056
8059
8060
8058
8057
8055
8054
8053
2462
5826
1040
54
4168
6107
6106
6105
1899
4461
6524
4485
6878
9807
7893
9805
7894
8386
2767
1511
6512
6513
7981
4540
5771
4517
5829
5987
9817
4216
4316
6784
5772
6100
2085
6946
5593
5986
5752
4291
6907
6906
4095
6481
6908
3598
4500
6905
6479
4360
6005
5464
6324
213
5671
6211
4221
5913
6036
8685
8684
8683
8699
8693
8686
8687
8688
8689
8690
8691
8692
8694
8682
8695
8696
8697
8681
8698
2771
5277
6994
4892
8161
7055
6556
5608
2244
2810
9834
9853
9851
9839
7759
7766
7765
7764
7763
7762
7761
7767
180
7760
6217
5587
4889
6537
6538
8160
6033
4401
7161
3590
973
275
903
1961
1967
1960
1518
1016
1082
1365
1962
1214
4888
4887
3390
6514
4304
9661
8370
5489
337
2827
2670
4194
4195
4196
4197
2697
4429
4428
4427
311
368
312
2331
319
318
1685
209
2813
7733
7734
7735
7736
7737
7738
7732
7742
7741
7740
7739
1778
1697
6712
196
2236
4379
541
1730
4376
4552
4482
6711
6709
6708
6710
6706
6694
6683
6685
6686
6687
6707
6688
6689
6690
6691
6692
6693
6695
6705
6684
6696
6697
6698
6699
6700
6701
6702
6703
6704
331
4553
4554
4481
4483
6190
5533
2305
2568
9525
5377
4680
4286
4484
1796
524
2278
5656
5655
5654
5661
5662
5660
5657
2089
5647
5648
5663
5651
5649
5650
5653
5658
5659
119
5652
497
5375
5376
5374
4019
5373
5264
2279
461
2763
2873
2874
5517
720
6268
6274
6261
6262
6263
6264
6273
6269
6270
6272
6260
5596
6271
6267
6266
5989
5216
6265
5685
2237
4378
6587
1187
5811
5808
5809
5810
5812
2668
4551
1388
4700
1037
8337
6568
6353
68
6489
1015
2226
2249
2225
6852
3243
1522
3389
3800
5668
3799
1338
390
1598
1652
1661
1597
133
115
1056
1055
1978
1932
6606
6599
6600
6602
6603
6604
6601
6605
1926
4704
1099
716
4362
230
7199
7201
2262
7202
7200
7198
7197
1703
1653
1939
1671
8235
7174
6227
8234
8233
7010
7176
6229
7177
5923
8232
5612
6081
6654
8237
6792
4001
4136
1397
5837
3583
2298
8231
8230
8229
7175
5922
8228
8238
8236
7173
6228
7178
5921
8075
1757
1215
2078
8227
8348
5252
8095
6777
6545
9519
8368
7168
6518
4898
9517
8829
6248
4897
5790
4284
2273
498
8341
1195
1170
1163
1164
4269
1165
3819
1186
6854
6723
1166
1167
1168
1169
1185
1184
1171
1192
4341
2276
7158
5933
5932
7159
6098
5555
6325
4893
7160
1226
304
2160
2232
2253
1883
1575
8340
2254
2495
2272
8376
1505
6323
835
2229
6834
7493
8626
6838
8627
8628
6835
6836
8636
8633
6666
8634
8632
7495
7494
6837
5706
8629
8631
8635
8630
3818
4369
1207
4544
1875
6384
6077
322
3837
6383
8862
5687
3468
414
206
8381
7001
6741
4117
4119
9652
9651
4118
1636
2474
3934
413
673
2036
142
229
2243
1191
1726
1243
772
5631
1727
2035
2221
1896
412
2292
2074
6675
118
6740
5372
6739
6771
4204
1038
2381
4515
4404
6590
6204
8388
1432
9628
9631
9634
9645
6354
2461
4278
9647
9620
9472
9475
618
5485
9476
9477
9478
9479
9480
9481
9448
9442
9444
9514
9502
9503
9505
9814
9862
9864
9923
9905
9906
9908
9909
9911
9913
9914
9916
9918
9920
9921
9922
9895
9894
9878
9866
9870
9871
9876
9877
9879
9892
9881
9882
9802
9801
9714
9715
9716
9717
9718
9719
9722
9723
9724
9725
9727
9740
9730
9732
9733
9734
9737
9738
9712
9696
9684
9685
9686
9687
9688
9690
9691
9692
9693
9694
9695
9697
9710
9698
9699
9702
9703
9704
9705
9706
9707
9708
9709
9711
9742
9775
9780
9782
9784
9785
9786
9789
9790
9791
9746
9749
9750
9751
9757
9770
9761
9762
9763
9765
9766
9768
9769
9767
9764
9760
9759
9758
9755
9754
9753
9752
9748
9747
9773
9800
9799
9798
9797
9739
9904
9903
9901
9900
9897
9825
9824
9823
9682
9822
9821
9820
9819
9818
9812
9811
9810
9809
9808
9806
9855
9849
9848
9847
9845
9844
9843
9842
9841
9840
9838
9837
9863
9681
9526
9524
9522
9528
9515
9512
9511
9510
9500
9506
9504
9553
9550
9547
9558
9545
9543
9542
9541
9540
9539
9538
9537
9536
9535
9534
9533
9532
9501
9499
9485
9443
9452
9459
9461
9465
9464
9462
9454
9445
9451
9457
9463
9460
9456
9455
9453
9450
9447
9468
9498
9495
9494
9493
9492
9491
9489
9488
9487
9486
9469
9484
9483
9474
9561
9648
9642
9641
9638
9637
9649
9636
9633
9632
9630
9626
9625
9624
9650
9678
9677
9676
9675
9674
9673
9672
9668
9666
9665
9664
9663
9659
9657
9656
9653
9622
9680
9621
9619
9586
9585
9584
9582
9580
9579
9578
9588
9572
9571
9568
9567
9564
9590
9618
9617
9614
9613
29
6657
6402
6400
1513
5337
5834
6401
5458
159
346
2676
1781
9611
9610
807
808
6730
5432
809
5456
6082
810
300
7827
7254
6722
7253
8173
8175
8174
8171
8172
7248
178
7250
7251
7252
6336
806
7826
7249
6343
3911
5422
1795
5583
5204
5136
5122
5114
4908
4935
4920
4937
4923
4922
4921
4909
4911
4985
4993
4972
4953
4962
4963
4984
4968
4949
4943
5033
5060
4958
4952
4982
4915
4913
4912
4926
5026
5054
5034
5037
5048
5029
4950
4956
4961
4964
4929
4977
4987
4989
5103
5113
5130
5146
5220
4625
4631
5255
4564
5217
5144
5129
5110
5102
5079
5077
5064
5062
5011
5010
5008
5007
5039
5040
5041
5043
5057
5046
5047
5049
5050
5051
5052
5056
5032
5044
5031
5119
5132
5155
5240
5452
371
5453
5239
5154
5131
5120
5020
5021
5022
5023
5024
5025
5106
5117
5133
5153
5249
4470
5248
5152
5134
5118
5105
5030
5058
5099
5107
5128
5142
5210
4562
5215
5156
5207
5586
5585
5205
5137
5123
5115
4906
5091
5095
5092
5093
5096
5087
5061
5063
5065
5066
5067
5068
5070
5071
5072
5073
5074
5003
5075
5076
5078
5080
5081
5082
5083
5084
5085
5088
5086
5090
5004
4916
4925
5104
5111
5125
5140
5213
4560
5211
5141
5126
5112
5100
4981
4988
4990
4995
4996
4997
4986
4971
4954
4941
4946
4948
4969
4957
4959
4965
4967
4945
4942
4999
4998
4994
4992
5101
5109
5124
5143
5214
4561
5212
5139
5127
5108
5098
5014
5013
5012
5016
5055
5053
5042
5038
5036
5035
5045
5006
5009
5015
5017
5018
5019
5059
5027
5028
5094
5089
5069
4983
4944
4947
4951
4960
4966
4991
5005
5000
4939
4955
5001
5002
4980
4979
4978
4976
4975
4974
4973
4940
4970
4914
4919
4917
4924
4934
4930
4928
4910
4918
4927
4938
4931
4936
4933
4932
4907
5116
5121
5138
5206
5584
704
705
702
703
5423
1814
5558
4904
4877
4857
4856
4713
4836
4835
4834
4833
4832
4831
4830
4829
4828
4827
4826
4824
4837
4820
4819
4818
4817
4816
4815
4814
4812
4809
4840
4731
4733
4734
4735
4736
4737
4738
4739
4741
4752
4742
4743
4744
4745
4746
4805
4747
4748
4749
4750
4751
4729
4740
4725
4723
4722
4718
4726
4717
4720
4721
4719
4716
4753
4791
4755
4786
4787
4788
4789
4778
4777
4756
4757
4758
4759
4761
4762
4764
4765
4715
4854
4858
4875
4903
5559
5564
5203
5565
5556
4905
4876
4862
4861
4866
4880
5148
4536
5149
4883
4867
4852
4850
4766
4767
4768
4769
4770
4771
4772
4804
4775
4776
4727
4784
4774
4763
4760
4779
4780
4802
4801
4800
4799
4798
4797
4796
4795
4794
4793
4803
4792
4790
4754
4783
4724
4728
4781
4782
4785
4732
4730
4773
4806
4841
4843
4846
4845
4844
4842
4847
4838
4821
4807
4808
4810
4811
4813
4848
4853
4870
4885
5159
4567
4568
5158
4884
4871
4860
4869
4881
5147
4537
5150
4882
4868
4851
4849
4822
4823
4839
4825
4714
4855
4859
4874
4902
5557
8900
8901
736
731
78
735
5744
5302
6751
6753
6752
288
6202
1713
6041
6042
6037
6043
6038
6046
6044
6040
6039
6045
6032
2679
4281
2680
511
6357
2075
8748
8747
8745
8743
8751
8739
8737
8762
8759
7581
7583
7584
7590
7586
7587
7588
7589
1324
7580
7582
7579
7564
7577
7576
7575
7574
7573
7572
8752
8749
8741
8738
8740
8750
8746
8742
8769
8768
8758
8757
8755
8736
8770
8756
8761
8763
8772
7570
7569
7568
7567
7566
7565
7585
7578
7571
8764
8765
8766
8767
8754
8753
8760
8771
8744
6443
6445
6438
2562
6437
6436
6439
6440
6444
6442
6466
1799
6719
6718
6717
6968
6969
6970
6971
6967
1278
334
147
457
542
467
181
765
2291
1704
2269
687
1507
2270
458
1805
267
5843
6311
448
5696
5538
5378
261
2674
1801
8194
8193
8192
8198
8196
8195
8494
8115
7227
8116
8487
8117
8488
8119
6679
8493
8118
8490
8120
8489
8121
8122
7388
8492
8124
7226
8125
7389
8123
8495
8201
8202
8200
8190
7151
8191
8199
8197
8186
8189
8185
8187
8188
7530
8240
8239
6830
8242
7529
8243
8244
8245
8246
8247
7532
8248
7079
6682
8114
8241
8113
7528
7534
7078
7531
7077
7533
8112
8496
8491
3340
2720
4144
5697
2066
4115
2835
4539
4017
4018
3341
2992
2993
8164
2449
5776
4519
5463
6008
31
8163
1240
1193
6681
6762
7231
7228
7229
7232
7230
7233
7237
7235
7236
7234
1202
9022
8986
8990
9017
8988
9021
9010
9001
9018
8996
8989
8997
8985
8995
8994
8993
8992
8991
8987
9014
9015
9016
9013
9020
9019
9011
9006
8999
8998
9000
9002
9003
9004
9005
9007
9008
9009
9012
289
1221
451
638
553
805
538
1582
839
1232
5573
6214
5468
6322
2958
5927
5615
7690
6871
2633
2730
2684
2727
2241
2488
2654
2729
2728
7462
4166
8810
4433
2768
2769
1330
2846
3999
7520
7819
7820
7823
7521
7822
7519
6773
7821
4088
6912
6535
6536
4116
9520
8655
4285
6618
3279
2819
1293
2359
1980
7276
7265
7257
7258
7259
7300
7261
7262
7263
6737
7275
7267
7268
7269
7270
7271
7273
7274
7298
7255
7272
7266
7264
7260
7277
7278
7297
7296
7295
7294
7293
6058
7292
6736
5807
7291
7290
7289
7288
7287
7286
7285
7284
7283
7282
7281
7280
7279
7256
7299
6418
4164
6108
378
4628
4555
821
871
5348
870
822
3366
2476
2500
929
820
8326
8327
6780
6574
5563
4022
1053
1087
1052
686
3531
4415
3851
220
1497
1722
4689
4690
5510
5258
6631
1390
1396
4495
4377
7246
7218
2111
5414
2110
5287
5735
2692
1321
6668
6669
5507
4448
5505
5506
2050
5349
4108
4125
3821
1555
6667
1556
2747
651
1393
650
151
5784
4683
5723
4015
6468
6469
3868
7552
6154
4479
5427
7553
3597
4480
2302
5822
3532
5902
5597
7554
6844
5690
7214
4312
6306
5639
2811
183
5602
5589
5588
6459
5318
6607
7892
2372
7890
4894
7891
7887
7888
7889
1972
2693
7048
7216
6543
7108
1907
1890
1510
1898
1906
1216
138
1897
1402
6441
5454
671
1517
7417
7322
7321
7320
7319
7318
7317
7325
7316
7315
6746
7314
7313
7312
7311
7310
7309
7308
7307
7306
7305
7304
7303
7302
7323
7337
7324
7334
7346
7345
7344
7343
6068
7342
6745
5819
7341
7340
7339
7338
7347
7336
7335
7326
7333
7332
7331
7330
7329
7328
7327
6424
2230
4443
6125
385
5491
6360
476
489
6129
6460
1503
2404
1802
4399
4699
446
143
472
1504
2286
2634
2639
2641
2648
2645
2646
2651
2650
2649
2643
2652
2644
2647
2642
2640
2636
2573
2087
1295
266
99
277
1042
2104
2956
3875
3882
3895
3897
3905
3904
3903
3902
3901
3900
3898
3896
3899
3881
3877
3461
2707
1769
1443
5145
2318
5798
6333
6334
560
238
719
1663
2266
2460
2468
2470
2472
2473
2471
2469
2466
2399
2112
1476
431
137
444
1264
2337
3181
3816
3839
3842
3843
3841
3838
3835
3462
2760
1956
1773
3444
3445
291
442
2605
1678
5166
5165
4290
5640
1514
5476
6233
5816
5641
1837
3735
4199
5392
4008
5874
727
763
5280
762
728
2812
2378
2452
785
729
3
8329
8330
5954
4382
7656
7657
7658
6059
7548
7547
7549
5514
4250
6144
7119
4006
6097
6562
5802
6162
5577
6163
5576
5540
4282
80
377
400
923
2227
2252
2271
1877
2245
2107
3367
301
2248
2343
3926
1811
2255
2077
2295
2071
2224
2259
1874
1519
1564
1563
1516
1537
1803
305
5799
7096
6462
6561
6050
6713
6563
5664
6474
5973
6475
5974
7238
530
7239
2726
1341
4504
1347
1832
1692
1439
1866
1239
2377
1965
1068
1804
646
769
1453
1197
1403
1329
1372
1096
321
1265
757
766
827
1019
1063
1314
1806
678
6201
5395
6434
5629
4366
5919
7240
6179
5385
6526
5643
1834
7196
7215
2079
1626
5969
5965
5971
5963
5962
5970
5966
5968
5964
5967
6006
2600
4212
2601
509
6253
2068
8800
8801
8803
8804
8787
8788
8791
8789
8774
7616
7615
7613
7614
7617
7609
7608
7607
1323
7606
7605
7604
7599
7602
7601
7600
7610
7592
7598
8793
8808
8806
8782
8790
8795
8794
8797
8805
8807
8773
8775
8776
8779
8796
8798
8799
8809
8802
7591
7593
7594
7595
7596
7597
7603
7611
7612
8783
8784
8785
8786
8792
8780
8778
8777
8781
6180
5883
5611
5312
1316
1079
1127
1173
1103
1574
1346
5324
4254
2453
1908
1234
1183
5259
4372
1102
539
6351
7855
5710
6332
6212
6658
5307
4374
1816
1014
3936
7188
5873
4103
4423
6863
4134
5625
7122
3914
7121
1410
5630
1925
8505
8503
8502
8507
8508
8509
8498
4406
5273
8506
8504
8500
8511
8512
8499
8510
2842
8501
3271
1017
272
501
126
500
499
5689
5421
7127
6917
7120
6510
6240
2817
6613
6845
5729
5644
7068
5600
2391
4627
5599
5598
1681
2941
527
3813
5310
4279
4543
4626
667
4140
3349
2389
1446
1447
2390
3348
4141
5700
5699
2099
1319
1277
249
515
6841
2628
18
28
145
1824
2
24
170
1252
2745
2988
2997
3125
3124
3123
3121
3108
3020
3019
3018
3015
3014
3013
3012
3021
3006
3005
3002
3000
3003
3008
3009
3010
3016
3017
3022
2998
3011
3007
3004
3001
2999
3096
3024
3094
3093
3092
3091
3090
3089
3088
3087
3086
3085
3084
3083
3082
3081
3080
3079
3078
3077
3076
3075
2990
3128
2964
3291
3483
4472
3482
3292
2966
3129
2989
3074
3095
3097
3120
3098
3119
3118
3117
3116
3115
3114
3113
3112
3122
3111
3110
3109
3023
3107
3106
3105
3104
3103
3102
3101
3100
3099
3073
3072
3071
3070
3044
3043
3042
3041
3040
3039
3038
3037
3036
3045
3035
3033
3032
3031
3166
3245
3580
4012
4436
4011
3579
3246
3165
3030
3029
3028
3027
3026
3025
3034
3046
3047
3048
3069
3068
3067
3066
3065
3064
3063
3062
3061
3060
3059
3058
3057
3056
3055
3054
3053
3052
3051
3050
3049
2991
3127
2965
3290
3484
4471
3481
2786
2159
555
92
4
1
5
89
616
1915
3596
3600
3634
3635
3636
3637
3638
3639
3640
3641
3642
3643
3644
3630
3645
3646
3647
3648
3662
3661
3660
3659
3658
3657
3663
3656
3654
3653
3652
3651
3650
3649
3631
3655
3629
3610
3609
3608
3606
3605
3604
3607
3611
3612
3613
3614
3615
3628
3617
3618
3619
3620
3616
3601
3733
3594
3812
3853
5224
5222
3852
3811
3595
3734
3602
3622
3623
3624
3625
3627
3626
3632
3666
3700
3702
3704
3708
3709
3713
3726
3718
3668
3720
3696
3694
3693
3692
3691
3690
3689
3688
3687
3686
3682
3695
3681
3679
3678
3676
3675
3674
3672
3671
3670
3669
3667
3680
3697
3786
3796
3908
4112
4895
357
4896
4111
3907
3795
3787
3698
3715
3716
3717
3721
3723
3724
3725
3719
3712
3710
3665
3633
3699
3701
3703
3705
3706
3707
3722
3714
3711
3673
3677
3684
3685
3683
3664
3621
3599
3732
3593
3810
3854
5223
5218
3844
1921
1093
161
90
67
1924
50
140
1025
2217
3927
3937
3939
3946
3986
3970
3983
3992
3967
3944
3954
3963
3985
3994
3961
3956
3955
3952
3947
3945
3977
3976
3971
3987
3950
3951
3982
3975
3980
3942
3960
3981
3974
3978
3984
3957
3958
3959
3964
3948
3966
3991
3990
3941
3969
3989
3965
3943
3949
3953
3972
3968
3993
3962
3988
3979
3973
3940
3938
3930
3727
1865
582
93
12
86
295
1469
2695
4025
4032
4069
4066
4064
4061
4059
4058
4072
4086
4084
4055
4038
4052
4053
4049
4050
4051
4041
4036
4037
4074
4076
4073
4082
4087
4079
4065
4067
4068
4060
4062
4071
4085
4083
4057
4081
4077
4043
4039
4046
4075
4054
4056
4044
4040
4035
4034
4033
4070
4048
4045
4063
4080
4078
4047
4042
4031
4028
3180
2251
1149
564
239
212
2288
211
326
111
376
6065
6067
6645
6644
5955
5959
6500
6498
6641
6640
6639
6651
6349
5698
5953
4209
6222
2400
6496
8001
6224
5958
5747
5516
5515
6223
1684
9048
6494
5474
5332
6642
6643
6346
6345
6499
5957
4344
6221
6646
6497
6638
6647
8206
8207
6066
9047
9046
9045
6218
7771
5336
6225
8002
5743
6597
7009
4525
5380
5956
6493
6348
6648
6350
4219
6220
6219
6495
6492
6649
6650
6653
5926
6347
6344
4218
6652
210
9044
202
647
6197
3530
279
456
347
1707
248
897
1358
1702
4490
1177
1892
3480
5393
232
2702
2742
2721
2740
2375
2506
2678
2743
2741
2358
2514
2484
2513
1850
2338
2076
2145
2146
8205
2499
546
1675
1674
2019
2380
9082
9086
9090
9087
9088
9073
9060
9057
9049
9050
9051
9052
9054
9071
9062
9065
9067
9069
9070
9075
9076
9077
9078
9083
9080
9081
9084
9089
9085
9074
9079
9072
9056
9053
9058
9055
9061
9063
9059
9066
9068
9091
9064
2092
522
3931
2655
6670
784
5445
5447
6020
5446
5520
6018
6341
5444
6671
6019
6017
6016
6021
7152
5443
6022
6023
6024
545
5832
5676
5677
165
608
352
9597
5753
534
533
4571
1879
6661
162
163
1845
5260
2283
6458
7518
8642
8653
8650
8651
8644
8652
7517
8649
7172
1844
1585
7960
7961
7963
6978
7962
7968
7974
7973
7972
7971
7970
7969
7967
7966
7965
7964
7959
7958
6979
1842
1633
1812
223
109
6433
6111
6120
6115
6116
6123
6122
6121
6113
6110
6118
2512
6112
2511
2510
6117
6119
6109
6114
1843
464
1337
1855
8648
8647
8654
8646
8645
8643
8641
8640
8639
8638
7171
8162
7123
6386
7125
6509
1632
5907
4113
1498
2791
5884
5367
4323
2366
1392
5164
5389
5472
5960
840
7128
2481
2364
5726
6213
2067
5575
3728
6532
4660
4133
5272
6181
5882
5297
2704
6052
2735
2098
2699
1570
4473
3467
1798
3928
5261
6550
6549
6470
4307
674
675
636
1022
529
397
1190
507
6184
6886
6885
5778
5278
5667
1810
4295
4188
4297
516
4296
4256
4257
4258
1412
4190
4189
7129
1033
4438
6153
5330
5157
6151
6152
5320
5321
5451
254
5319
6592
6380
7126
6508
5779
5279
6564
6330
6277
5431
6285
391
657
591
373
496
1527
6284
4677
7545
7546
7544
7542
7543
7541
5357
6995
205
8079
8078
8077
8076
33
37
2384
2475
242
1204
1317
1723
1719
398
141
471
1501
2263
2604
2612
2617
2626
2627
2619
2621
2622
2623
2624
2618
2620
2625
2616
2615
2609
2516
2073
1292
263
98
276
1041
2102
2953
3873
3880
3893
3892
3885
3887
3886
3891
3889
3884
3894
3890
3888
3878
3876
3459
2706
1768
1442
5420
306
1864
1623
1622
399
231
697
1616
2144
2336
2344
2347
2349
2348
2346
2345
2340
2313
1976
1438
404
136
443
1263
2330
3133
3798
3806
3807
3809
3808
3804
3802
3448
2752
1938
1755
466
465
2637
441
3567
1756
2101
5839
6560
6541
3286
3847
2403
6426
2287
5693
2335
169
43
131
710
1776
2365
2401
2408
2427
2434
2428
2429
2430
2431
2432
2433
2436
2435
2442
2441
2440
2438
2437
2439
2425
2426
2423
2424
2422
2409
2410
2411
2412
2413
2414
2415
2416
2417
2418
2419
2420
2421
2407
2406
2369
2261
1376
340
75
20
100
345
1550
2498
3173
3183
3216
3214
3212
3218
3207
3206
3205
3209
3203
3204
3208
3213
3201
3217
3192
3196
3191
3190
3184
3194
3189
3188
3185
3199
3186
3200
3187
3198
3197
3195
3193
3202
3210
3215
3211
3182
3175
2509
1800
717
350
1176
1035
3925
4440
3924
7130
1122
4384
2571
4502
3919
4501
2029
5304
5434
5303
2638
5591
1664
4696
4695
4694
4697
3578
584
1559
375
917
485
569
1077
1212
1706
7217
5817
4899
5738
1708
6164
3174
2816
1444
2117
2385
3170
1777
1246
1039
2780
462
1395
1057
1530
1157
2312
1683
1217
6182
5881
4358
1259
4003
5813
504
519
4363
518
506
2275
2216
2231
536
505
8088
4425
6301
6010
9360
9368
9369
7631
9370
9371
9372
9373
9374
9375
9376
9377
9378
7632
9379
7640
9380
7630
9381
9382
9383
9384
9385
9386
9387
9388
9389
9390
9391
9392
9367
9366
9365
9351
9340
9341
9342
9343
9344
9345
9346
9347
9348
9349
9350
9352
9364
9353
7624
9354
9355
9356
9357
9358
9359
9395
9361
7618
9362
9363
9393
9394
9401
9396
7619
9429
9427
9426
9425
9436
7620
9430
9431
9433
9434
9435
9437
9438
9439
9440
7623
9441
9424
9428
9422
9408
7629
9397
9398
9399
9400
9423
9402
9403
7625
9404
9405
9406
9407
9409
9421
7626
9410
9411
9412
9413
9414
9415
9416
9417
7627
9418
9419
9420
9339
9432
9337
9305
9252
9254
9255
9256
9257
9258
9259
9338
9260
9250
9261
9262
9263
9264
9265
9266
9267
7633
9268
9269
9270
9271
9272
9273
9274
9275
9276
9251
9277
9249
9245
9230
9232
7641
9224
9229
9228
9227
9233
9226
9225
9231
9234
9248
9236
9237
9238
9239
9240
9235
9241
7628
9242
9243
9244
9247
7622
9246
7621
9253
9278
9322
9280
9310
9311
9312
9313
9314
9315
9316
9317
9318
9319
9320
9321
9323
9336
9324
7634
9325
9326
9327
9328
9329
9330
7635
9331
9332
9333
9334
9335
9309
9308
9307
9306
9281
7636
9282
9283
9284
7637
9285
9286
9287
9279
9288
9289
9290
9291
7638
9292
7639
9293
9294
9295
9296
9297
9298
9299
9300
9301
9302
9303
3223
3221
3222
9304
1859
5315
6897
6900
6898
6899
6131
6132
9102
9125
9128
9130
9135
9136
9105
9108
9142
9112
9113
9114
9129
9101
9119
9118
9117
9116
9115
9111
9110
9109
9107
9106
9104
9103
9120
9122
9141
9123
9140
9139
9138
9137
9134
9133
9132
9131
9127
9126
9124
9121
9099
9098
9096
9094
9100
9092
9093
9095
9097
9165
9144
9202
9200
9199
392
9198
9197
9196
9143
9195
9205
9194
9193
9192
9191
9190
9189
9188
9187
9186
9203
9204
9210
9206
9218
9220
9221
9223
9219
9217
9222
9215
9214
9213
9216
9212
9211
6015
9208
9207
9209
9185
9201
9183
9182
9160
9159
9158
9157
9156
9155
9154
9161
9153
9151
9150
9149
9148
9147
9146
9145
9152
9162
9163
9164
9181
9180
9179
9178
9184
9177
9176
9175
9174
9173
9172
9171
9170
9169
9168
9167
9166
7383
7382
1923
6916
7824
8089
8090
7825
8091
8083
8084
8085
8080
6009
8087
8081
8082
8086
7124
5358
7513
7512
7511
6000
7080
6591
6379
2371
1172
1130
905
6534
6314
6964
4121
328
6958
6232
5733
1029
1144
1599
1189
1699
3237
6488
1780
6249
1156
1134
1135
1136
1140
1137
1138
1139
1133
6842
2606
6207
5908
5709
1872
1351
1361
1362
557
1350
1873
3909
6013
1721
105
113
896
1826
3363
4024
4143
4147
4151
4150
4161
4154
4159
4160
4156
4158
4157
4155
4153
4152
4148
4163
4162
4167
4202
5221
219
484
146
176
157
1030
1876
3474
4092
4171
4172
4177
4176
4175
4185
4178
4174
4180
4184
4183
4182
4181
4179
4173
4187
4186
4201
4210
5246
262
508
116
648
1733
3393
4120
4222
4225
4239
4234
4241
4238
4236
4229
4228
4240
4232
4230
4226
4227
4237
4231
4233
4235
4224
4243
4242
4248
4259
5276
167
454
286
1366
2115
2734
2847
2949
2951
2963
3132
4326
520
841
4388
6055
2560
4563
175
41
130
708
1791
2479
2519
2523
2529
2535
2530
2528
2526
2525
2536
2527
2531
2532
2533
2534
2537
2540
2557
2554
2553
2551
2550
2558
2549
2545
2544
2542
2548
2538
2559
2541
2543
2546
2547
2552
2539
2556
2555
2524
2520
2486
2311
1394
344
76
19
97
339
1539
2561
3288
3299
3333
3332
3331
3324
3323
3321
3320
3319
3318
3336
3322
3316
3325
3328
3327
3337
3329
3330
3303
3305
3306
3307
3312
3315
3302
3309
3311
3310
3308
3314
3304
3313
3326
3317
3335
3334
3296
3289
2566
1808
718
351
6516
5904
2267
6198
6903
9563
9562
9574
5942
610
1912
628
1901
1910
517
621
3301
622
5396
3300
4026
575
535
3845
9605
9604
9603
9602
9601
745
430
428
422
427
426
425
424
423
429
421
