0
162
5008
6274
6287
6291
163
6281
6260
6264
6143
3654
1945
4940
4276
5076
2425
6237
4228
1944
5171
5807
78
6045
968
3557
164
2370
1785
4749
4413
6227
5764
2413
2424
4171
2274
1148
6181
2290
1149
4700
2079
5976
79
3342
159
3193
2385
5216
5472
5768
157
4430
4257
3887
5783
6016
4089
5209
4293
1262
5859
5990
5789
3857
77
2689
2644
5100
160
4320
161
4792
158
2969
5010
5940
5395
4754
4578
5071
5503
5255
2811
4383
5139
1703
653
3029
652
2896
5979
3719
4281
3524
6082
3995
65
2867
3320
4218
5725
5397
1804
4029
5750
5432
6175
23
5466
4168
5554
6056
5954
5376
3934
5689
4102
6081
2344
6259
6295
6294
6283
6266
6258
6293
6272
6242
3247
4561
6185
6168
4866
2947
5855
3140
3785
2604
3874
5232
6010
6273
6269
6298
6289
6276
6248
6285
4129
4287
6223
2723
1595
4833
4980
4962
5804
3964
1594
2894
4101
5417
5889
5305
1874
5906
2895
4720
3095
3574
4597
4263
6255
6267
6286
6277
5586
6257
6243
4373
5330
5636
4758
1153
1154
3762
1760
1155
6008
4476
36
4286
967
3709
3685
2505
4144
5419
6192
1758
5328
4577
3676
1767
2831
660
4839
4966
2045
4776
4655
3686
3856
5609
2589
2044
3269
6211
2311
4535
6180
3141
4704
1367
2787
5791
5611
5541
5350
5087
3526
3525
4057
5214
68
153
6240
154
5170
5878
155
5991
4162
156
6261
6263
6271
6299
6265
6288
6254
5933
2577
5948
5744
5593
5922
2578
6096
6205
5944
4968
6297
6246
6296
3733
4786
3062
3077
4199
4528
1697
5353
3533
4420
1698
1699
5323
4091
5331
5539
3069
2479
6229
3241
2477
4370
5672
5746
4058
4633
4119
4573
5738
5790
5494
5505
3325
4496
3616
2847
5413
820
1947
819
4886
5187
5736
76
5218
3314
2358
4256
3841
152
151
4475
150
149
3150
5056
3821
4981
5986
6159
5287
1160
4134
5810
4152
1681
1680
4344
4990
4957
4801
5412
3797
1137
5234
5354
5334
4259
4752
5143
5677
3382
663
4958
6221
6247
6279
5123
5121
5628
4471
4197
5137
1640
3593
1976
6019
5737
5311
53
6300
6282
6275
3268
2092
1164
2081
1161
1162
5926
6138
3752
2446
4345
5430
4333
2851
2749
5621
4750
4930
4313
5156
6284
6068
5949
5950
5928
5927
6091
5982
5951
52
3177
2350
747
148
5653
966
4348
3244
147
2619
51
5461
5857
3174
3215
3936
4789
142
5529
2298
3052
50
6280
6245
6270
3071
6238
6292
49
3139
1414
141
5802
2700
3336
5099
2739
4492
2094
48
5259
143
5998
5478
144
145
2275
146
5965
1397
5093
5528
5579
5407
1987
5686
4056
1368
5273
6154
4170
3004
5369
4854
4841
3324
3900
3356
5994
5373
5521
2748
5374
5132
4617
3127
5383
5612
6167
5081
5269
5182
4997
5511
5496
5662
5660
5670
4996
2890
4687
6179
3814
4803
5473
4237
4261
1169
5104
692
5598
672
1404
6222
2652
4855
1769
4891
2378
3168
5867
1355
2579
6153
5029
1354
47
167
5547
166
6148
4192
5900
2316
4819
165
1510
5716
3221
5457
1542
5794
5775
1539
6046
3536
3152
46
4812
169
4249
5860
2071
168
1396
171
170
4518
5486
5468
5358
5097
5901
4705
6214
2581
2582
4688
6206
6278
3159
5654
4387
5625
2647
1872
5352
3956
5945
1871
4033
4604
5451
4654
4068
5761
5448
2371
6060
4016
1873
4992
5001
5630
6097
6125
6232
5978
918
804
806
805
808
802
803
807
801
810
809
1039
4063
687
3763
1762
5550
5307
4436
3877
1371
5239
2259
1601
6212
2260
5362
1372
3012
416
685
3041
2383
5398
688
3125
684
686
5569
3926
5260
5853
3818
1819
3687
5382
1998
3586
45
5987
2432
246
2914
245
2625
3081
44
4870
2608
43
5028
5591
1546
5233
4330
172
3564
1413
1956
2783
6090
4844
5930
4004
682
683
5741
6184
6250
6256
4797
3798
1537
2892
2660
2760
3488
2661
4167
4506
3080
4842
2832
4115
3098
5349
3667
5225
4848
1186
1185
3775
5658
5242
4153
5861
3756
6216
6033
6241
6231
4679
6220
443
2587
6093
2669
3024
5705
4927
2417
1094
6116
5937
5594
690
5120
4524
1753
6244
6224
42
2232
3567
2288
247
1421
6057
5045
4131
1826
693
4678
6169
5252
1705
694
691
5745
3597
5404
4566
5816
4113
3596
3595
4747
3594
1538
4742
5036
4773
4531
5094
41
6235
6268
6225
6122
5488
3784
6053
4431
2799
6251
5470
2614
4245
700
2599
701
5329
3939
3721
699
702
4093
40
5999
4667
6025
4733
2901
3761
3809
1941
2784
4239
4694
2684
6172
5687
3089
3260
3598
2780
1188
4269
4448
39
4421
3487
3104
3353
5780
5402
5742
2902
3492
2903
5977
6036
5898
4352
3862
6147
5704
5665
4580
4592
6062
5942
6100
5959
6118
6196
6064
4304
6070
1655
5765
3149
3502
3800
4904
4514
4537
5757
1652
6130
4385
4158
6164
3915
4763
4069
3538
3253
4560
3528
5481
5032
5578
4849
6204
3661
3520
5939
6252
4599
4900
4303
5263
1592
4988
5490
6117
1593
5519
5167
3267
4736
6194
4955
5030
6162
4242
4014
3919
3848
5650
1863
3240
6108
3869
5484
4659
1868
5573
1939
1940
5499
1938
3332
6073
4300
5993
3885
54
2214
5697
176
5910
4488
4048
173
2986
177
5815
4416
5460
5822
5046
5442
4136
5063
5879
5812
5891
5811
6132
5923
5813
6141
6005
1688
6166
4625
4860
915
5041
55
3852
2431
4545
3776
249
2742
250
5467
4623
1591
6189
2881
6195
3087
5669
4822
6239
6234
56
970
971
2827
937
2368
711
5635
709
4510
4051
3053
6131
57
6156
5364
180
4074
179
3743
4938
5817
4994
2712
2713
4265
2714
2848
4721
4529
712
5814
3060
2842
5983
6218
2995
821
4159
822
3703
5169
4564
3963
73
1755
72
5173
3920
6009
5881
71
985
6210
3387
3836
2940
3207
1399
5175
178
2174
4346
901
899
900
902
1984
4280
5035
5050
5148
4827
6161
6207
6139
5597
5739
5755
5753
5778
5600
5868
5786
5409
2151
5500
713
6198
3742
4419
5150
4092
2698
3824
3828
5806
1196
1195
5722
5776
5363
6149
3340
4970
2990
5582
4037
6188
1635
2670
3545
4175
5777
3778
719
6186
716
3831
6170
6055
5850
6039
6038
5884
5828
5827
70
1799
4160
1422
1798
262
2127
2178
263
5357
5714
5109
6165
4350
5545
5759
1495
1757
3171
5342
4381
2588
6146
69
254
4976
255
1638
5852
2624
984
1796
3450
67
1794
252
251
248
253
1899
5729
1797
74
2729
174
5469
175
5026
5643
2512
298
299
3248
300
5360
1641
1642
5418
2003
2137
4335
539
5656
4021
3045
4015
3146
3417
5610
5572
1190
3199
1189
1192
1191
5325
2591
4006
2085
800
725
5301
6183
3974
724
4676
66
4548
3678
1975
4178
1974
3283
5549
3214
2362
5025
2305
4463
895
4814
4664
4718
3517
4054
3106
64
189
182
3349
184
188
181
190
186
185
2364
4717
5236
5116
4956
3941
4991
3942
5907
63
240
2695
5347
239
238
242
241
5145
4821
1517
4247
5524
4946
2657
2084
3850
5917
62
5870
1795
4734
61
4216
4262
244
243
6171
5678
3157
4486
3569
4796
5792
3205
5368
2673
60
268
5679
5734
266
267
3251
265
6253
6236
59
3392
4226
4097
3348
5126
1636
1637
5695
3516
3669
5975
4575
58
3491
2855
264
5346
2758
2314
5195
2949
4729
2950
3445
4793
5377
4012
3211
1516
1515
3198
3156
5661
3242
1512
1514
3093
1513
38
6085
5692
5436
2482
5007
1792
183
37
969
187
5779
200
3959
5119
4523
3008
4710
3007
5231
4751
17
192
3208
3688
4939
191
5921
223
224
5017
6290
4699
3705
3704
5713
5433
5431
4553
5284
5427
5958
5038
5869
6042
2656
5800
5502
4209
5142
3403
4838
5196
5773
1768
3078
5796
2111
1187
3680
1776
5719
3694
5731
5916
3987
2651
3713
4114
1172
2019
893
4353
5296
894
4675
4764
2662
5509
4393
4291
5047
2663
3560
4435
3377
3867
2052
5290
3933
6003
5309
3953
582
3609
1789
4386
5712
3681
4594
722
4503
2997
5575
5118
1168
3407
1170
5995
1167
4406
4181
15
303
4295
4008
5715
14
2077
1603
225
2299
4299
3195
226
2907
6193
3393
4479
5262
1405
4045
5892
2171
2602
2080
3755
4331
5849
5567
5005
4481
6074
4009
4740
4660
3201
4207
5193
4683
1997
4555
2968
5110
1523
5774
4541
814
5563
13
227
4766
232
229
230
6176
231
12
5771
236
5649
6000
5668
4411
2218
5497
11
237
235
234
5113
222
228
220
205
3438
193
619
10
5913
5676
3782
9
194
4445
5688
4010
195
1403
4139
5592
5858
2959
5671
5685
5526
5883
3967
8
1028
4914
7
1763
196
1549
5544
197
5131
5320
3607
2889
5135
1145
6035
1147
6228
5027
3871
1146
2690
5606
5057
343
4913
6
198
5095
199
5888
221
3975
5
4258
4519
4166
5655
2747
4882
6103
6080
5141
4163
5370
6072
6004
6001
3863
2506
5258
3261
3072
5543
4306
3572
2112
1260
2118
3282
2820
4634
5899
4701
1849
4788
1848
5085
4
3947
4680
4973
233
201
5040
3133
5680
5425
728
5530
4889
6151
720
1016
3658
3
257
4662
260
5009
2240
1128
734
5912
2819
5312
4965
6201
4986
733
2367
5458
2
3558
4530
3202
4096
2109
3970
202
4874
1664
5787
5237
6084
4768
2691
2283
1143
1141
3458
3335
2128
2049
4954
2795
6030
979
978
977
3352
1
2074
1551
4205
3986
1787
4608
2190
642
886
3252
5117
4641
888
887
885
1534
2613
890
5706
3783
889
4685
16
4142
3981
4862
4472
4117
3844
4397
5683
18
4398
1986
203
3209
204
206
3436
3294
4527
2226
35
6050
5696
4260
3143
5385
19
3591
1951
4444
219
5495
207
208
2115
34
4143
4244
1931
1930
6163
4807
4186
3795
33
209
2740
3254
210
2815
3003
4967
4512
4511
5608
4586
2708
2709
4643
1954
4132
4928
776
5873
32
4141
2861
4024
3322
3985
4327
3434
4275
3955
31
4140
5200
2319
5985
2318
6078
442
5642
5102
698
3723
4778
4267
1135
1136
4382
2830
2777
5756
30
1412
2600
211
212
3210
29
6089
4610
1423
2309
28
3727
2116
2816
2317
2072
213
1770
4329
5446
4374
5179
5055
6101
3718
3983
1508
5105
1507
5925
3747
1509
3405
5253
5019
4648
4846
5595
4649
4829
4650
5018
27
6088
6219
4963
4358
3876
2738
5335
214
2809
1125
2043
5767
5504
1544
6126
4062
2790
4593
2841
5020
2605
3178
5673
3415
2606
3163
5997
2607
5227
3500
2268
5605
2005
923
922
1996
3657
1258
5185
1259
2924
4804
2327
5560
3673
4748
2328
4725
26
261
2854
5518
2808
256
5694
1540
6203
1536
1541
5905
4977
25
1398
4964
3950
215
3663
216
5190
2860
24
259
258
4836
5674
5333
4640
3816
22
4513
5876
6086
5842
217
2469
670
3529
4635
669
668
21
20
1754
218
1401
5646
4423
1402
1400
5507
5751
5622
4184
3443
5667
4490
4525
2926
5732
5989
6150
5988
6026
6023
6102
6031
5845
6215
6111
5964
6007
5963
2849
5128
3369
5981
5546
4602
4975
5726
5199
4671
4079
3543
4727
3940
3966
5439
826
2486
5054
825
5728
4808
5367
4953
4156
4730
5613
5219
5962
2569
1679
3822
5992
2781
4934
3419
5257
4520
5048
6076
3735
3960
5089
2213
4362
1150
5747
5294
6230
4372
4018
1696
1695
4794
1694
1693
1605
1606
1604
2491
5717
5157
2478
3068
3897
5957
5343
4369
4428
4696
5410
4936
6136
4865
5078
6160
2752
3922
1980
2732
3720
4999
4835
1981
2869
3226
4020
659
656
2917
655
6032
2517
6249
5735
2047
4246
4708
4681
5980
4169
2046
5752
4711
1946
5210
5384
6106
5996
6065
6262
1596
4883
3454
2255
5272
4305
5338
5909
5317
4941
2996
4078
5345
5570
3498
5627
5902
5556
4095
5599
5894
4377
4081
5826
3011
3446
2951
4055
3510
4378
5300
4879
5277
3359
5540
4470
4146
2905
6041
6123
6173
6135
6145
6095
6066
6208
3602
3991
5862
4856
5241
6021
6182
6020
6022
6217
6063
6109
6200
6047
5929
5919
5960
5932
5908
4391
4898
6144
4791
4632
5702
5708
4459
2172
5403
3914
3070
2898
4042
6226
3484
1264
1263
2609
2993
4932
5523
5278
4931
5220
658
661
3401
3378
4080
5091
4670
2549
3112
2550
5617
3779
2548
5968
2965
3998
5243
4002
5911
2727
4289
5491
5851
5303
5304
5479
1152
2090
1151
4123
2697
3000
2590
2163
3455
2166
2167
5422
2871
5693
4972
3357
4551
4157
2088
4328
3861
2534
4440
5492
4250
2887
3114
5074
5840
4457
3812
4309
5324
4858
5245
5601
1267
1265
2565
1266
3905
5476
4689
796
5186
795
5682
5516
5515
6058
5517
5882
5762
5821
5657
4474
4177
3222
6158
6177
3864
5069
5684
5423
4715
6034
5724
3890
3954
4692
4200
6027
6157
6028
6098
6029
5818
5788
5831
6174
5973
5931
4125
6134
5177
4987
5426
5952
5803
6071
6061
6105
6113
6107
4636
4517
3580
5165
1525
5240
4465
5833
5969
2078
657
3119
4505
654
4060
4759
1793
3230
3255
5161
5212
662
1898
2075
5068
6202
4830
1158
4084
1159
5723
3096
5042
4238
2516
4236
5445
5280
5114
4426
5532
3802
5022
5624
3264
5112
4847
5011
2554
4769
4213
2556
5580
2557
2558
2555
5315
3014
5215
4950
3758
2475
5295
5083
3689
3354
3977
2000
884
5574
3577
4785
2515
4151
4805
5740
4574
4979
4781
4613
4673
3408
4379
4806
5090
3832
666
665
5039
664
4349
2235
3067
6104
2476
5441
4631
4532
4712
2547
3547
5389
3158
4686
3120
4772
2361
3820
5893
6155
3031
3033
5444
3032
4317
5832
5386
1617
5129
4384
3766
4483
1618
1616
5411
5956
4036
4739
2659
5604
5548
5603
4615
6092
1599
4038
2164
5266
2168
4025
2170
5527
2169
2165
5748
2083
4041
4569
6197
3700
2180
3979
4714
1163
6075
5053
5903
1983
2089
3182
3181
3183
5155
5760
5772
6110
6051
6006
6142
6048
6128
6002
5947
5946
6024
5781
5839
5782
5984
5875
6140
6119
6178
6133
6129
6233
6083
4107
2428
4027
3197
4828
2641
5024
4347
2826
5449
667
4508
2430
4726
6044
3165
3636
4937
2472
2470
2471
2473
2474
3781
6191
3902
4598
5602
4588
4619
1600
3553
5332
5154
4691
5562
3614
4702
1271
1272
4657
1269
1270
1273
1268
3302
3518
3626
2448
4840
2447
4357
5111
4356
4824
4896
5485
2120
5191
4942
4961
4978
2767
5162
4890
4554
1276
1275
1274
3537
4337
2911
1174
3631
4098
2519
4542
5462
5443
2958
1533
5066
3870
4989
5770
680
4536
1790
2975
1179
2369
5092
1181
1178
1180
2091
1175
1176
2553
3736
5880
5552
2514
5566
4787
1598
1597
5006
5970
2575
1177
2640
5590
2699
2422
3042
5281
2421
5836
4546
3745
5201
6114
3840
4112
5194
681
5639
3833
2535
4943
6079
3650
1370
2788
5016
5809
3589
4743
3437
3799
5820
3962
2536
1278
4451
3286
6059
5064
1183
4065
1182
4180
5823
4122
4403
4494
2162
4040
4843
2468
3064
5863
6199
5864
5966
5015
5596
4591
3304
1350
3624
4124
2212
2211
2210
5319
5824
5904
5835
4172
5289
5224
5474
5626
5393
4724
3643
3638
3639
4188
3640
3641
3642
3637
2161
5872
5733
3732
4282
2626
4075
2209
3285
2208
4779
3339
1692
3992
5421
4191
3277
4639
4001
5808
2366
1535
2375
5837
5276
4993
3461
3603
3575
3086
4971
4628
5223
3489
5664
6018
1869
5052
4215
5663
4155
6121
4672
3823
5072
5073
5587
5874
934
2665
5805
5217
5291
4563
2443
5228
3634
2870
4035
5348
4544
5152
4478
2307
2306
3167
4452
2113
2228
696
2416
697
4343
3613
695
3084
4339
2006
5327
5450
2423
1531
4590
4022
3097
1532
5012
2485
3338
4050
2929
2930
2931
3599
5138
4404
6213
4603
4302
2658
1870
3066
5584
1943
1942
3741
2899
2900
5843
5396
4230
5302
5415
4201
1527
4825
1530
3431
5834
2970
1393
1394
4606
2365
3196
4338
3057
302
1657
4780
1529
1528
4698
5004
3303
5023
4364
4402
4005
5618
5031
5313
2989
1867
4458
4433
1864
5014
1865
1866
5616
4176
2544
5176
5124
2645
4469
4875
3534
4284
4053
4466
5533
5614
705
5247
1761
3227
4425
3358
4231
2363
4818
4558
6112
3391
6099
3726
5749
4897
5133
4697
4706
5406
4150
3556
4899
5690
3835
2247
2246
3984
2954
2843
4722
3228
1281
2427
2403
2402
2398
2400
2396
2395
2397
2401
2399
4401
4052
4809
3753
4297
5298
1194
4301
3917
1197
3213
2653
1193
1201
1198
3079
1200
1199
5107
4477
3722
5416
3456
4118
4003
3515
3715
708
2938
4744
4665
3056
3316
2513
3495
4756
4000
1937
1936
3895
4709
4820
3937
3635
5583
1805
2630
2467
4103
4110
5758
5565
4285
5480
4235
3460
3486
6015
3058
707
2866
706
4355
6049
710
1526
4557
4799
4716
4232
5537
4871
2576
4365
4277
4105
2266
1378
4559
4225
5361
3952
4757
5000
4885
3092
3946
2315
5146
5153
2836
3568
1524
5456
2179
891
4121
892
5631
1348
3949
1349
1861
1860
3957
5293
1859
3243
2207
4653
4326
2206
2988
5453
5159
5101
3899
5372
4644
2537
5535
2538
3284
5531
3928
5536
3866
2511
2510
2509
5452
4368
3621
5659
3432
5181
2464
4485
2711
2710
3420
5730
5784
5924
2054
2053
5314
4562
5318
2056
5378
1369
2310
3570
4130
5534
5797
5961
5559
5558
2674
1280
2721
4851
4861
1279
5557
2055
3013
715
717
714
718
3757
2566
4127
3388
3973
5044
3540
1202
2087
3769
2119
6011
5846
4534
3137
5514
4783
3138
2493
2492
1643
1644
1645
5178
3321
3610
5865
3220
3731
2629
4204
4334
4424
2285
1204
1203
5013
5140
5967
4880
4881
4572
5096
3263
4392
730
732
5244
5254
1858
1857
1855
1856
4915
2963
5246
3619
3618
2964
4745
2484
4837
4571
5192
3308
3884
4106
5371
2803
1615
2445
3698
1614
3880
3508
5920
3022
735
2603
4713
3994
739
740
743
741
3993
4570
742
4601
5084
5355
5136
5321
3988
2042
3672
3187
3559
1953
1277
2426
4066
4888
2856
4173
5640
4502
2654
737
1759
738
4637
736
4834
6040
3448
3997
2805
6209
4784
3394
4254
5380
5877
3696
2937
4995
3266
5122
4682
3465
3265
3453
4761
4311
3452
4501
2420
3961
1590
1589
3506
3561
4719
1184
5710
4515
5506
3542
4684
5641
4013
2393
5226
2394
5408
5645
3514
6124
2201
2203
2202
3136
727
721
5103
723
5282
2891
1588
1706
3587
6043
6077
6052
6120
6014
6013
5856
3312
4363
5391
3615
3023
3901
3310
4223
2526
4399
4668
3659
1765
1764
3262
5344
726
3049
4677
3105
3044
3085
3978
5037
4832
2533
4611
3186
1173
2040
4073
2041
2568
1678
5299
5897
1935
5211
1934
3684
2039
4775
5841
4850
2567
5379
3879
4077
6137
5058
5838
5151
1171
3397
3765
3466
2543
4253
4437
4596
4434
2655
5033
3948
1854
4116
2759
3130
2955
1994
1995
3712
3270
5475
3306
2015
898
4755
1973
4813
3115
2927
3423
3590
2251
2252
3311
4543
3817
4380
4872
3390
2987
2020
2785
2022
4945
2021
2023
3627
4149
4034
3379
3925
1166
5249
2648
2873
1165
2360
3904
2160
4656
5691
3440
4111
3442
3441
3965
1933
3860
1156
5381
5588
1157
2724
3350
1406
3398
5394
3854
6187
729
3389
5829
3025
4104
3690
3200
4290
4468
1261
5388
2508
4243
2507
3090
3366
4533
5235
3367
3368
3801
5043
1347
3457
3061
5498
4802
5127
1853
3734
2865
1852
5285
5619
5866
6054
3808
4693
3807
3027
2245
5915
5972
4067
4296
3623
3754
4094
5149
2001
4585
731
2359
2372
1766
5288
4076
2387
1850
1851
5424
5886
3927
3868
1142
3155
1144
3505
5785
2707
2017
2928
3427
4857
5512
4241
2909
1139
1138
1140
3116
3117
4627
4974
4587
2197
3406
3142
2504
2503
4695
2502
1932
3632
3774
4831
3773
2199
2200
2198
4969
4274
4422
3447
1511
4028
2977
5501
2888
3573
2666
3185
3767
3273
3810
4798
4845
4187
123
3166
1287
4227
124
125
127
126
1553
897
129
1607
130
4039
132
122
128
131
1552
4410
2983
3842
3363
1991
1990
1993
4651
1992
4867
3290
1586
1587
2523
3943
1585
3531
5322
4929
1366
4220
5351
3103
4746
5205
1691
3360
3581
4583
4359
3161
3162
3894
3292
4484
3291
4893
5222
1791
2828
4652
5230
5629
703
704
3091
5268
3223
5447
5701
5943
2623
5508
1634
1632
1633
3803
2806
6067
2227
3422
1131
5666
1129
2627
2804
689
4323
4322
4324
5798
2010
3907
2009
2442
2441
3855
5256
2016
1297
3945
1133
1130
1134
3548
4666
1132
4507
2329
883
882
5420
3256
1127
3931
3930
3932
3132
3886
4390
4584
3131
933
2373
4556
2692
1126
2500
4336
2501
3770
5297
6017
2906
2048
3192
2483
1124
5080
3412
675
677
674
3815
5854
3386
2918
5487
679
5918
3507
4959
3179
4418
678
4810
676
3908
4760
4540
4539
4906
4982
4538
3094
798
673
3714
3565
671
3180
5538
799
797
4612
5098
5455
3982
2159
3555
4340
3313
3938
2730
1978
1979
4017
3929
3535
5265
1788
794
793
3780
3135
4417
4935
4251
5799
5160
5754
2744
2743
1988
1989
2195
2925
4268
2194
2196
4090
1800
1122
4195
2877
4933
5471
3958
5568
1506
945
944
943
942
947
960
963
959
950
941
955
954
949
940
946
3804
948
951
953
3674
956
2093
2018
952
957
961
962
964
965
958
5681
3307
4321
4728
1123
3865
5206
3738
5700
2939
4240
5651
5709
4944
3107
4046
1584
1583
4509
2156
2155
2157
2158
2154
3219
3851
5283
3148
4049
5510
5316
4905
4609
5021
1505
1504
4164
3239
2490
4407
3404
2953
1255
2117
5070
4491
5887
3839
4642
2392
4082
4375
4616
3402
1929
2686
2994
4064
4589
5279
4071
5077
5267
4817
4774
2916
5248
2915
3592
2668
1121
4061
3788
3701
5553
2935
2936
2933
2934
3600
3464
5493
1581
3693
1582
2152
3059
4310
2153
2411
4316
2522
1257
1256
2108
2412
2086
2082
5707
5848
5207
4912
5440
5830
650
651
2872
649
3849
2942
5542
3670
5675
1425
278
277
2244
5551
2243
3651
5769
3287
4288
3288
3289
5203
3728
3571
4579
4342
2794
2792
4823
2791
2793
4816
3499
4753
5261
5743
4738
4903
4737
1613
6012
2193
3859
2192
646
3040
3541
1424
2073
5721
4194
1928
1926
3355
1927
2143
4019
2146
2150
2149
4394
648
647
2384
2583
1503
1118
5049
4312
4497
4951
4498
4499
3990
1580
2688
6127
3853
3218
3697
1631
2753
4549
4351
645
4582
3065
5166
3416
5434
4100
1925
3744
3224
2301
4948
1251
1252
2256
1254
1253
5198
641
644
2601
643
4083
640
639
2908
2300
1250
1249
4504
2191
5337
1117
2868
3944
2497
5607
5632
5825
4137
5086
3476
3475
2829
638
637
4072
3413
2893
4630
5221
4412
1114
1115
1116
4429
3021
2498
2499
4622
3660
3777
3212
1847
4182
2941
4902
4901
5341
5482
5172
4318
3794
5003
4087
2649
3710
3194
3439
1502
3376
1628
1629
1630
1627
3184
1924
2694
2897
3858
1846
2646
3935
1677
5429
2772
4214
3485
2771
4864
2770
2542
4202
5465
2541
4638
5144
3030
1845
3055
2687
4495
2234
2233
2297
2292
2293
2984
2294
2295
4741
2296
3329
4099
6152
4731
3789
2991
1844
1843
5414
4460
4462
2978
3496
5202
5271
4354
5711
2845
3426
3002
3813
636
3259
4605
1786
4581
3585
4568
3605
634
4278
2982
635
4439
2696
4884
4165
4443
5158
4707
4442
4600
2035
4852
2036
2802
2037
3160
1365
2388
1364
1112
5463
3546
3173
2768
3677
4210
4646
3245
3418
2818
2731
3522
3395
3620
1835
1839
1837
1836
1838
3317
5075
4229
3327
3326
3328
4795
1656
4461
3503
2525
3271
3891
5934
5147
3921
2778
4493
4811
2303
2302
2998
4279
925
4233
5051
3217
4360
3043
2429
4782
3702
5576
2286
2801
2584
2585
3716
3873
3101
3100
3892
4983
4405
3691
2850
3370
3493
3237
2725
2726
3509
2418
4690
3679
4911
1500
3512
1501
5180
633
4464
2642
4208
2722
1777
1751
1896
3889
632
3706
2846
3739
3834
4952
2419
3088
1977
4645
4998
4926
4376
3246
3883
2520
1302
4389
4271
630
2258
631
3612
1111
3729
1497
3323
1499
1498
4059
3530
5106
4441
2250
3113
2249
2570
4031
1110
5125
5763
4307
2241
2242
1346
4400
3909
5577
2571
2572
3126
6069
3190
5306
5326
1923
1750
3707
2532
1107
1106
5703
5477
1108
4198
1109
5060
2216
1950
881
4292
3145
3629
4332
4011
2720
1247
2110
2107
1246
3656
2564
1579
2414
2693
2922
1752
4489
3843
629
2355
4480
3760
285
3513
1602
2814
2813
284
283
3169
1922
4449
791
2409
792
2415
1578
5819
1496
4190
2718
3588
1105
1104
3176
2357
4211
5275
2239
3494
1834
3730
3980
1654
1653
2754
1205
3330
5310
3331
5935
4145
1101
1103
4800
1102
2289
3584
2960
2961
4270
2962
4735
3128
5356
3662
1749
628
1897
627
5564
1379
1420
5589
1612
4947
2719
3028
4620
3951
5437
5459
3976
1100
2551
3771
4877
3385
4185
3129
2449
2756
2755
4767
626
3989
2913
3911
2952
1921
1099
3996
2639
4133
5885
4135
3827
4455
2136
2138
1098
2356
622
621
620
4325
2733
5644
2248
3563
1494
3429
3257
2454
4723
1676
625
2335
3039
624
2880
623
3539
4703
4224
2766
4283
3882
3428
4868
2932
4070
2323
2324
3711
2574
136
135
1303
134
1647
133
1710
1351
1304
3147
3347
4085
4086
4395
2528
2886
4219
3206
3421
4765
2312
618
4887
3622
2051
5365
1660
4647
1659
3652
1661
3034
2313
1411
5585
2765
5002
3280
1577
1575
1576
1097
3337
3472
3471
3469
3470
3083
1490
4626
1491
3737
939
1573
3225
1574
5844
2539
2540
3606
2215
2638
5581
2253
2254
2967
4873
3576
3433
5699
1488
1489
617
3521
2097
1572
3968
3893
3009
4473
5286
3806
3740
616
2057
1784
2825
2622
4174
5336
3006
3847
3972
4396
1245
3692
2096
913
1831
4516
1096
2354
2531
1093
2058
2527
1095
3351
615
4894
614
1345
3235
4447
1206
3628
3825
4414
3279
3151
1344
2529
3750
3764
2236
2132
3582
1742
3038
611
2261
5034
3462
612
613
2028
2027
3123
3566
2598
2287
4869
1343
1487
2879
5718
2824
1727
1521
1520
1519
1522
1518
3175
610
4234
4248
4450
2181
1296
1294
4892
3051
1295
2095
2521
3786
1244
1243
4878
5189
3144
3787
3748
4047
311
310
309
313
307
4618
308
306
304
312
305
2919
4456
3717
1567
1566
2436
2437
5955
5555
2129
2012
2011
1090
1486
1092
1091
3232
5250
5251
3699
607
3371
608
609
603
604
1728
2518
602
605
606
5168
2948
3444
1340
1342
1341
1828
5520
2863
1085
3630
1086
1087
1084
2561
4273
1827
2481
2821
1242
3410
4521
1646
4298
5971
1720
4294
1241
2391
1747
601
788
789
790
2943
2615
5387
3913
3344
3345
3076
599
600
2334
1748
1721
3373
3374
1089
1088
2822
2853
1564
1565
3164
2280
2980
1480
1479
4128
5801
5513
4815
2333
1478
4863
3018
598
597
2353
2348
1477
3063
3346
1363
3414
4367
4252
5464
3872
4212
4910
2776
3579
1668
594
593
596
595
1782
4859
4454
5400
592
3463
4663
3109
2817
1562
1470
4427
4522
2573
1625
2796
2751
1911
4308
591
590
1079
1080
4487
3400
3751
4909
3315
2026
2025
1682
1459
2864
938
2782
3372
3601
4026
2496
3082
2495
3054
3523
3708
1034
1959
1960
1961
3790
3791
4674
3792
4154
1663
5188
3362
3361
4908
397
3625
1610
399
2769
1289
1879
880
3683
1878
2488
2974
879
3203
852
402
1779
3250
832
878
874
2122
2390
5270
2664
5059
1441
1435
4126
4408
3878
3249
2131
815
816
817
4108
1300
1298
1299
1662
3746
3343
972
4661
812
3318
2946
4366
2594
409
1907
2676
1906
2677
2675
3005
2876
2875
2099
4629
3826
2775
1235
1230
1359
2973
1360
1689
3796
2121
5308
2267
3759
3380
411
413
415
4388
4960
384
1035
1036
5795
1714
385
3015
5065
1783
2838
769
3969
4432
2038
2761
932
4415
930
1808
3375
2635
3124
4446
5561
2757
2634
1463
1467
2789
1037
1038
1713
419
1952
2971
3682
3511
1775
4853
2452
2453
1701
1702
1700
420
440
3473
3474
4183
3075
3154
3497
935
936
5637
6094
5359
4621
3278
2762
2764
2763
3233
3234
6037
5698
1418
1416
1043
1044
1055
1957
1045
1046
2277
2278
3050
3016
3551
1711
2966
4595
4552
3888
3578
3334
5620
4361
2812
1778
4895
1948
3845
4255
2098
5088
444
448
3102
4777
4526
3519
3459
3881
5174
5489
1373
1374
1375
1214
1809
1806
1810
2632
4148
1217
3365
3364
2976
3918
2237
2238
3396
1560
3896
4272
2786
2621
2338
3188
4196
4547
456
3047
3048
3046
2106
1047
2336
4467
2912
1455
1321
1323
5399
4790
1468
1465
1464
4264
4044
1908
2679
5522
4567
4732
450
453
1556
1558
3399
2715
1559
5483
454
1712
455
5238
2221
3435
2878
4088
1048
1215
1213
1226
5229
1216
1457
2343
3924
1387
1388
2992
1862
422
1880
1811
3811
3695
4658
2981
2281
2282
425
1725
5438
1745
2341
1462
1469
1453
2745
2680
1437
1665
1436
426
4624
1622
2728
3653
1812
1807
3319
1905
1904
1903
1443
2671
427
428
2628
2008
3153
2007
4985
5793
2139
1031
1020
1015
2800
2066
2326
2325
333
339
3281
2322
2186
2185
2187
2184
2183
2182
2631
3583
1715
786
4826
787
340
1780
328
1331
1330
2612
5953
4576
3017
4319
1017
1716
1018
1019
5375
2882
2562
2586
1813
1815
1814
2101
760
2004
868
869
2489
871
1021
1023
342
2069
3305
1955
2773
1611
1620
1619
3074
4007
2304
2063
329
3189
5720
1962
3108
3532
336
5615
327
316
1650
318
5292
2595
315
2552
3903
3838
3118
827
764
5208
3544
2466
2465
1434
3191
1438
1439
1440
2737
4607
4500
2736
4217
2263
2262
3999
1029
829
3550
3549
1053
1054
3608
2580
1684
1325
1320
1891
347
377
374
2545
3110
2546
5727
1958
914
288
287
286
1817
1816
1818
2382
2405
1071
1070
1078
3236
5067
2837
6190
352
4762
818
2885
2643
1842
1841
1840
351
458
5264
4916
2144
5974
2145
2147
2148
3554
2330
3633
2923
3846
1415
1829
3036
744
2130
2219
3121
1773
746
2381
745
1774
3111
2460
2459
2462
3258
2463
2461
2374
2308
1332
840
841
1884
544
538
535
534
6087
1624
4371
1621
1623
2189
2188
2921
1822
1821
1823
5766
1448
2920
531
2956
1062
1376
1377
3749
4266
3001
1985
1358
1356
1357
3216
3424
3425
2611
2610
1308
3333
1909
1910
2884
2681
845
1557
1407
1408
579
1221
1223
2104
5647
1225
1222
1220
1219
1218
1454
4161
1456
1882
2741
1329
2220
2985
2223
1890
1327
1326
1743
1447
1461
1820
2339
3830
5164
580
586
3501
2682
5366
778
2404
563
2701
2910
3231
1068
3671
1894
2229
569
2844
2067
570
1069
2774
5623
3019
1561
2683
5390
5130
1609
1608
2340
1466
3562
2204
2205
1452
3381
3275
5163
574
526
523
1224
2798
1449
3449
1913
5871
1912
1717
2852
1324
1322
1451
1458
2833
1771
1772
490
2633
6115
2678
828
1895
1667
3668
2439
5652
474
473
3170
2636
2291
753
2840
2257
975
974
973
2560
976
465
522
4193
521
520
515
1333
511
3644
4314
3912
472
319
481
3411
564
561
4917
995
4206
1003
5339
5634
1554
1555
2140
2141
1005
1006
2059
1002
994
1669
4032
3026
575
3035
1336
998
2352
1390
1391
1389
1392
2480
1626
4550
4147
5392
877
876
875
576
1237
589
3073
2945
584
2451
2450
1419
1417
1228
1229
1446
1445
3172
999
2068
5428
3037
2032
2031
3272
2033
4409
3772
4120
5571
1227
1239
1236
2103
3276
909
904
905
906
3646
4023
4030
2672
5890
3829
751
2029
2030
1718
1825
1824
1233
1238
578
1707
4109
585
527
528
2458
4482
2735
1009
996
993
3805
5648
5082
2810
3725
3478
3477
3479
3480
4222
5936
4876
784
774
2874
1004
1000
5896
5895
1442
2264
4189
536
4949
3122
2524
2065
1007
4438
3724
537
2839
543
917
2705
3666
1338
5401
1892
554
1305
2883
1306
1493
1492
2704
2703
2702
2060
545
2070
1008
4918
1444
992
2273
3020
919
2377
2376
813
1877
1875
1876
75
139
138
140
1756
2002
1671
1670
2862
4565
2125
2124
2123
1708
1709
5197
1234
3875
1690
2617
1734
588
1335
1337
1328
2224
2347
2345
2346
5525
2408
314
1704
5183
5184
2406
762
761
775
2616
5340
2410
1830
3552
2407
1563
4919
5847
565
568
836
3793
4138
908
467
495
2433
4179
504
508
509
510
514
2076
3655
517
2064
5061
1319
492
1741
461
463
464
4669
3341
2142
2618
2706
3010
2857
469
997
750
1001
1027
4984
1011
1075
2596
2944
2592
3604
470
748
1395
3971
4203
3645
4315
1074
3384
1073
1072
471
2685
1483
2230
4907
771
475
477
480
482
524
487
3768
488
2494
2438
3906
830
850
1964
1965
1966
1967
1968
1972
1969
1970
1971
1963
1066
560
5435
559
587
1212
1211
2105
3647
3649
3648
1065
1064
1063
1060
2750
3675
1067
3229
921
920
980
982
983
981
1058
1059
1061
557
558
529
530
89
3430
1740
931
929
928
532
533
2972
1292
1293
1290
2222
2797
2013
2593
2014
2386
1545
546
549
1744
2379
1307
468
457
348
5079
349
4453
3837
4920
2858
2225
1334
1339
353
354
355
356
367
369
370
372
346
2265
2351
2667
1076
1010
1077
1056
5108
1057
3451
1730
3238
362
345
341
325
2175
2176
2276
2440
3134
916
1570
1569
2717
1571
324
323
2620
1288
2135
2133
3409
2134
2834
1651
137
1380
280
279
281
5134
1025
2177
2859
2637
1022
1030
1119
2779
1120
870
1920
1675
1550
1888
1833
1832
863
2455
2457
2456
781
754
2100
755
773
2126
3490
4221
1291
338
344
337
335
334
3665
2231
907
2559
1485
3383
856
857
858
859
862
865
2062
330
3910
379
380
3309
432
431
430
2597
752
749
429
1014
1013
3898
1012
2434
1032
1471
1476
2321
2320
5454
903
910
911
912
1383
1381
1382
1481
1482
2342
424
423
1802
2024
3483
1033
1052
1051
1050
1049
2734
2435
2999
2807
2349
1450
1803
1733
3204
2332
1460
5204
2269
2270
2271
2272
2173
1736
452
451
449
1568
2716
1353
1352
446
445
3293
3296
3295
2650
1484
4341
861
1893
1732
1731
2279
1315
4921
864
3916
4922
2034
2563
1674
1673
1672
1042
1041
1040
441
3664
924
1737
1738
1316
447
1900
1901
1902
5938
5941
5914
4923
408
396
395
394
393
392
390
386
3617
2746
1283
1282
1362
1361
2444
1248
2114
383
2904
382
3482
3481
2331
417
872
873
2061
1547
1548
5274
5405
2979
1686
1687
2050
1685
2957
1649
1648
406
403
459
350
401
3923
1735
404
405
1746
407
410
412
414
400
398
3504
1543
2380
387
388
389
1739
391
2102
295
293
292
1982
88
811
87
86
85
83
82
81
80
84
1683
2284
780
782
860
1999
853
854
867
439
438
437
436
421
1081
1082
1083
5638
4925
2487
1918
1916
1915
1914
2835
1917
1919
4924
433
434
435
381
1317
1318
373
331
332
1409
1410
824
823
866
855
1881
1024
1026
3297
3298
770
3527
317
1240
1232
1231
326
320
321
322
896
785
765
759
756
763
1781
5633
376
375
1313
5213
1209
1210
371
1729
2530
368
1724
1889
366
365
1723
364
378
363
361
360
3099
359
358
357
837
835
831
849
833
834
1885
1883
1886
3467
3468
269
275
274
271
272
276
270
273
1286
1285
1284
1384
1385
1386
418
1666
1301
3300
3299
3301
555
553
552
551
550
548
547
4614
1639
297
296
542
556
541
1432
1431
2389
1433
1429
1430
1428
1427
1426
3274
843
4043
540
844
1887
1949
846
581
583
1726
991
990
5115
1208
1113
1658
562
566
567
1722
571
572
757
758
772
766
767
768
485
484
103
102
120
91
101
104
105
106
107
108
109
110
111
112
113
114
115
116
117
119
118
98
95
92
99
90
97
93
94
96
100
121
466
848
847
3611
282
489
491
1207
5062
783
779
777
4770
4771
519
518
516
851
513
512
1472
1473
1475
1474
507
506
505
503
502
501
500
499
498
497
496
494
493
486
577
460
462
476
478
479
483
525
573
838
839
842
2337
1312
1314
927
926
987
989
986
2823
988
2217
1801
3819
294
290
289
291
1719
1311
1310
1309
301
