0.000011
0.000014
0.000045
0.000687
0.000883
0.000959
0.000014
0.000802
0.000617
0.000631
0.000142
0.000027
0.000018
0.000044
0.000033
0.000047
0.000020
0.000328
0.000033
0.000018
0.000049
0.000081
0.000011
0.000113
0.000016
0.000027
0.000014
0.000020
0.000018
0.000040
0.000035
0.000252
0.000077
0.000020
0.000020
0.000032
0.000020
0.000016
0.000156
0.000020
0.000016
0.000039
0.000019
0.000101
0.000011
0.000025
0.000014
0.000024
0.000020
0.000051
0.000059
0.000077
0.000014
0.000035
0.000033
0.000029
0.000079
0.000108
0.000031
0.000050
0.000033
0.000016
0.000086
0.000103
0.000079
0.000029
0.000011
0.000021
0.000021
0.000047
0.000014
0.000034
0.000014
0.000041
0.000014
0.000023
0.000045
0.000097
0.000056
0.000040
0.000037
0.000047
0.000061
0.000052
0.000022
0.000034
0.000048
0.000018
0.000015
0.000023
0.000015
0.000023
0.000102
0.000028
0.000033
0.000026
0.000123
0.000030
0.000011
0.000022
0.000025
0.000033
0.000074
0.000056
0.000018
0.000030
0.000075
0.000058
0.000155
0.000011
0.000059
0.000032
0.000062
0.000115
0.000098
0.000056
0.000030
0.000071
0.000031
0.000123
0.000020
0.000612
0.000997
0.000987
0.000837
0.000636
0.000592
0.000983
0.000684
0.000367
0.000025
0.000037
0.000160
0.000153
0.000042
0.000023
0.000086
0.000024
0.000028
0.000021
0.000029
0.000051
0.000107
0.000686
0.000652
0.001094
0.000893
0.000709
0.000507
0.000854
0.000032
0.000033
0.000237
0.000022
0.000017
0.000042
0.000044
0.000044
0.000081
0.000030
0.000017
0.000023
0.000031
0.000057
0.000089
0.000054
0.000018
0.000092
0.000023
0.000040
0.000024
0.000027
0.000037
0.000033
0.000581
0.000636
0.000881
0.000722
0.000064
0.000589
0.000406
0.000034
0.000054
0.000067
0.000040
0.000016
0.000016
0.000028
0.000018
0.000016
0.000107
0.000036
0.000011
0.000033
0.000016
0.000028
0.000028
0.000021
0.000032
0.000057
0.000165
0.000018
0.000054
0.000037
0.000027
0.000018
0.000022
0.000015
0.000042
0.000044
0.000019
0.000041
0.000039
0.000028
0.000029
0.000066
0.000021
0.000019
0.000025
0.000197
0.000020
0.000036
0.000156
0.000024
0.000039
0.000016
0.000022
0.000079
0.000066
0.000062
0.000055
0.000047
0.000026
0.000026
0.000031
0.000050
0.000011
0.000014
0.000342
0.000014
0.000049
0.000088
0.000014
0.000103
0.000032
0.000014
0.000621
0.000628
0.000683
0.001196
0.000636
0.000889
0.000580
0.000095
0.000021
0.000098
0.000075
0.000065
0.000094
0.000021
0.000125
0.000188
0.000098
0.000044
0.001015
0.000488
0.001013
0.000028
0.000041
0.000024
0.000024
0.000032
0.000036
0.000018
0.000055
0.000027
0.000035
0.000018
0.000018
0.000054
0.000031
0.000054
0.000062
0.000024
0.000020
0.000259
0.000025
0.000020
0.000034
0.000069
0.000075
0.000031
0.000038
0.000031
0.000037
0.000075
0.000079
0.000060
0.000061
0.000025
0.000036
0.000027
0.000022
0.000057
0.000015
0.000018
0.000015
0.000043
0.000049
0.000075
0.000011
0.000051
0.000025
0.000020
0.000033
0.000029
0.000014
0.000014
0.000036
0.000014
0.000014
0.000024
0.000046
0.000029
0.000044
0.000102
0.000148
0.000053
0.000016
0.000032
0.000081
0.000032
0.000018
0.000018
0.000034
0.000045
0.000044
0.000041
0.000057
0.000029
0.000016
0.000051
0.000055
0.000055
0.000033
0.000040
0.000048
0.000070
0.000026
0.000015
0.000044
0.000229
0.000499
0.000793
0.000048
0.000048
0.000067
0.000036
0.000032
0.000048
0.000017
0.000027
0.000018
0.000109
0.000075
0.000054
0.000011
0.001396
0.000814
0.000689
0.000025
0.000019
0.000016
0.000019
0.000016
0.000016
0.000095
0.000141
0.000028
0.000020
0.000034
0.000058
0.000034
0.000022
0.000022
0.000067
0.000040
0.000043
0.000034
0.000049
0.000852
0.000119
0.000098
0.000098
0.000095
0.000095
0.000124
0.000102
0.000098
0.000011
0.000024
0.000020
0.000015
0.000014
0.000068
0.000016
0.000034
0.000025
0.000014
0.000021
0.000011
0.000059
0.000086
0.000024
0.000025
0.000030
0.000041
0.000014
0.000062
0.000020
0.000024
0.000011
0.000795
0.000422
0.000679
0.000024
0.000335
0.000975
0.000011
0.000024
0.000017
0.000014
0.000080
0.000021
0.000025
0.000047
0.000022
0.000036
0.000019
0.000011
0.000052
0.000014
0.000105
0.000060
0.000014
0.000014
0.000020
0.000014
0.000100
0.000017
0.000047
0.000062
0.000064
0.000057
0.000018
0.000071
0.000031
0.000016
0.000052
0.000146
0.000032
0.000023
0.000056
0.000042
0.000042
0.000025
0.000030
0.000025
0.000103
0.000056
0.000061
0.000022
0.000056
0.000048
0.000038
0.000024
0.000056
0.000066
0.000152
0.000047
0.000052
0.000049
0.000045
0.000061
0.000060
0.000069
0.000069
0.000069
0.000045
0.000023
0.000039
0.000156
0.000029
0.000041
0.000059
0.000033
0.000033
0.000016
0.000047
0.000015
0.000065
0.000015
0.000017
0.000235
0.000021
0.000042
0.000018
0.000043
0.000020
0.000024
0.000087
0.000016
0.000021
0.000146
0.000046
0.000016
0.000011
0.000014
0.000062
0.000014
0.000145
0.000032
0.000091
0.000020
0.000041
0.000014
0.000017
0.000073
0.000025
0.000059
0.000017
0.000080
0.000078
0.000017
0.000114
0.000027
0.000024
0.000011
0.000041
0.000014
0.000033
0.000086
0.000019
0.000014
0.000017
0.000014
0.000014
0.000036
0.000060
0.000059
0.000055
0.000047
0.000091
0.000039
0.000201
0.000021
0.000021
0.000039
0.000188
0.000788
0.000024
0.000068
0.000034
0.000067
0.000021
0.000018
0.000055
0.000030
0.000098
0.000018
0.000031
0.000038
0.000058
0.000039
0.000031
0.000077
0.000058
0.000020
0.000116
0.000030
0.000018
0.000045
0.000045
0.000067
0.000125
0.000133
0.000291
0.000102
0.000015
0.000015
0.000015
0.000015
0.000015
0.000015
0.000015
0.000015
0.000015
0.000015
0.000015
0.000016
0.000031
0.000015
0.000028
0.000018
0.000062
0.000054
0.000035
0.000029
0.000016
0.000051
0.000020
0.000017
0.000198
0.000020
0.000055
0.000016
0.000023
0.000015
0.000015
0.000023
0.000020
0.000056
0.000015
0.000024
0.000015
0.000015
0.000064
0.000030
0.000052
0.000086
0.000029
0.000018
0.000028
0.000056
0.000019
0.000027
0.000011
0.000103
0.000020
0.000014
0.000023
0.000014
0.000021
0.000024
0.000011
0.000042
0.000021
0.000011
0.000046
0.000065
0.000017
0.000051
0.000034
0.000014
0.000027
0.000017
0.000018
0.000022
0.000124
0.000042
0.000095
0.000030
0.000015
0.000015
0.000075
0.000160
0.000531
0.000586
0.000041
0.000029
0.000017
0.000023
0.000021
0.000022
0.000026
0.000021
0.000032
0.000036
0.000024
0.000042
0.000022
0.000031
0.000024
0.000055
0.000027
0.000051
0.000042
0.000016
0.000016
0.000028
0.000069
0.000051
0.000032
0.000086
0.000028
0.000205
0.000112
0.000345
0.000279
0.000039
0.000218
0.000015
0.000021
0.000125
0.000021
0.000023
0.000072
0.000043
0.000020
0.000016
0.000131
0.000096
0.000065
0.000015
0.000048
0.000036
0.000018
0.000418
0.000238
0.000011
0.000019
0.000027
0.000020
0.000014
0.000017
0.000116
0.000046
0.000032
0.000018
0.000015
0.000039
0.000153
0.000052
0.000018
0.000015
0.000015
0.000075
0.000027
0.000057
0.000037
0.000082
0.000031
0.000027
0.000027
0.000040
0.000027
0.000017
0.000040
0.000046
0.000041
0.000036
0.000047
0.000011
0.000302
0.000643
0.000244
0.000133
0.000060
0.000028
0.000114
0.000035
0.000022
0.000533
0.000059
0.000021
0.000033
0.000015
0.000021
0.000015
0.000054
0.000030
0.000028
0.000015
0.000015
0.000031
0.000011
0.000105
0.000039
0.000110
0.000040
0.000023
0.000028
0.000029
0.000018
0.000022
0.000033
0.000039
0.000021
0.000154
0.000071
0.000024
0.000025
0.000027
0.000022
0.000016
0.000033
0.000035
0.000011
0.000035
0.000026
0.000024
0.000025
0.000079
0.000057
0.000075
0.000023
0.000026
0.000023
0.000101
0.000112
0.000091
0.000034
0.000029
0.000144
0.000072
0.000069
0.000037
0.000037
0.000117
0.000097
0.000127
0.000099
0.000132
0.000171
0.000117
0.000034
0.000119
0.000017
0.000077
0.000024
0.000026
0.000029
0.000043
0.000036
0.000036
0.000076
0.000017
0.000137
0.000034
0.000032
0.000151
0.000030
0.000040
0.000031
0.000027
0.000025
0.000037
0.000026
0.000060
0.000046
0.000064
0.000042
0.000185
0.000027
0.000026
0.000097
0.000548
0.000037
0.000043
0.000033
0.000052
0.000017
0.000045
0.000060
0.000132
0.000017
0.000061
0.000049
0.000025
0.000040
0.000170
0.000044
0.000046
0.000150
0.000033
0.000030
0.000030
0.000029
0.000068
0.000018
0.000025
0.000129
0.000029
0.000060
0.000039
0.000018
0.000064
0.000018
0.000018
0.000060
0.000018
0.000025
0.000120
0.000033
0.000103
0.000029
0.000011
0.000019
0.000071
0.000014
0.000092
0.000036
0.000031
0.000014
0.000023
0.000014
0.000082
0.000035
0.000059
0.000083
0.000046
0.000058
0.000032
0.000046
0.000088
0.000081
0.000090
0.000081
0.000138
0.000094
0.000081
0.000142
0.000106
0.000018
0.000152
0.000038
0.000042
0.000015
0.000046
0.000011
0.000029
0.000020
0.000037
0.000028
0.000014
0.000022
0.000014
0.000059
0.000038
0.000017
0.000162
0.000022
0.000171
0.000024
0.000069
0.000041
0.000340
0.000297
0.000011
0.000016
0.000016
0.000022
0.000015
0.000020
0.000015
0.000067
0.000015
0.000036
0.000031
0.000024
0.000137
0.000011
0.000147
0.000056
0.000014
0.000031
0.000014
0.000028
0.000044
0.000082
0.000045
0.000022
0.000022
0.000033
0.000022
0.000022
0.000040
0.000036
0.000015
0.000082
0.000024
0.000022
0.000102
0.000206
0.000023
0.000015
0.000032
0.000015
0.000028
0.000049
0.000037
0.000030
0.000011
0.000018
0.000011
0.000049
0.000030
0.000107
0.000089
0.000011
0.000016
0.000197
0.000026
0.000029
0.000023
0.000025
0.000017
0.000049
0.000014
0.000019
0.000034
0.000015
0.000015
0.000015
0.000015
0.000018
0.000033
0.000046
0.000046
0.000048
0.000042
0.000150
0.000191
0.000141
0.000065
0.000075
0.000076
0.000076
0.000078
0.000065
0.000087
0.000079
0.000057
0.000019
0.000061
0.000015
0.000173
0.000028
0.000035
0.000048
0.000031
0.000021
0.000029
0.000029
0.000081
0.000016
0.000016
0.000073
0.000078
0.000055
0.000145
0.000025
0.000044
0.000023
0.000064
0.000031
0.000161
0.000017
0.000021
0.000027
0.000032
0.000078
0.000028
0.000015
0.000161
0.000015
0.000029
0.000153
0.000115
0.000085
0.000113
0.000112
0.000089
0.000083
0.000083
0.000011
0.000018
0.000032
0.000017
0.000018
0.000014
0.000019
0.000019
0.000014
0.000055
0.000073
0.000048
0.000152
0.000034
0.000062
0.000076
0.000017
0.000018
0.000024
0.000055
0.000034
0.000021
0.000143
0.000011
0.000014
0.000044
0.000014
0.000017
0.000086
0.000021
0.000016
0.000018
0.000026
0.000011
0.000018
0.000014
0.000014
0.000014
0.000014
0.000018
0.000074
0.000018
0.000011
0.000022
0.000014
0.000059
0.000014
0.000045
0.000068
0.000021
0.000014
0.000014
0.000025
0.000014
0.000055
0.000017
0.000017
0.000057
0.000019
0.000019
0.000034
0.000015
0.000069
0.000030
0.000024
0.000030
0.000024
0.000026
0.000066
0.000064
0.000016
0.000024
0.000016
0.000016
0.000016
0.000054
0.000021
0.000030
0.000019
0.000015
0.000015
0.000053
0.000160
0.000030
0.000015
0.000039
0.000011
0.000037
0.000028
0.000018
0.000032
0.000018
0.000025
0.000062
0.000025
0.000020
0.000045
0.000020
0.000035
0.000015
0.000041
0.000039
0.000039
0.000026
0.000031
0.000024
0.000011
0.000014
0.000014
0.000025
0.000014
0.000014
0.000014
0.000014
0.000014
0.000014
0.000020
0.000039
0.000051
0.000048
0.000044
0.000030
0.000045
0.000030
0.000092
0.000011
0.000014
0.000021
0.000055
0.000014
0.000014
0.000014
0.000014
0.000048
0.000041
0.000017
0.000033
0.000062
0.000044
0.000021
0.000019
0.000029
0.000093
0.000011
0.000087
0.000018
0.000040
0.000011
0.000033
0.000033
0.000014
0.000014
0.000153
0.000070
0.000024
0.000036
0.000027
0.000041
0.000079
0.000025
0.000056
0.000021
0.000011
0.000014
0.000070
0.000075
0.000014
0.000014
0.000025
0.000014
0.000556
0.000323
0.000011
0.000026
0.000033
0.000031
0.000025
0.000048
0.000017
0.000017
0.000071
0.000026
0.000027
0.000101
0.000037
0.000011
0.000026
0.000022
0.000014
0.000055
0.000022
0.000020
0.000049
0.000023
0.000040
0.000023
0.000026
0.000041
0.000056
0.000030
0.000025
0.000017
0.000017
0.000024
0.000024
0.000069
0.000025
0.000017
0.000017
0.000024
0.000017
0.000011
0.000124
0.000071
0.000058
0.000020
0.000045
0.000018
0.000014
0.000011
0.000016
0.000014
0.000078
0.000014
0.000030
0.000048
0.000036
0.000023
0.000039
0.000023
0.000051
0.000040
0.000011
0.000014
0.000025
0.000028
0.000044
0.000014
0.000094
0.000014
0.000014
0.000045
0.000929
0.000039
0.000028
0.000028
0.000073
0.000058
0.000058
0.000037
0.000053
0.000058
0.000099
0.000046
0.000087
0.000113
0.000021
0.000080
0.000061
0.000032
0.000048
0.000026
0.000042
0.000050
0.000078
0.000018
0.000024
0.000080
0.000019
0.000016
0.000028
0.000018
0.000073
0.000028
0.000074
0.000093
0.000030
0.000021
0.000028
0.000031
0.000016
0.000019
0.000015
0.000034
0.000053
0.000015
0.000039
0.000040
0.000021
0.000061
0.000035
0.000033
0.000046
0.000021
0.000027
0.000035
0.000026
0.000029
0.000019
0.000053
0.000030
0.000106
0.000054
0.000030
0.000015
0.000027
0.000018
0.000034
0.000072
0.000028
0.000037
0.000015
0.000036
0.000023
0.000064
0.000048
0.000016
0.000026
0.000016
0.000104
0.000016
0.000035
0.000032
0.000011
0.000014
0.000033
0.000030
0.000073
0.000011
0.000019
0.000017
0.000014
0.000020
0.000033
0.000024
0.000014
0.000023
0.000167
0.000026
0.000036
0.000052
0.000017
0.000031
0.000090
0.000019
0.000021
0.000019
0.000028
0.000034
0.000085
0.000063
0.000045
0.000036
0.000120
0.000030
0.000040
0.000039
0.000025
0.000032
0.000049
0.000039
0.000019
0.000037
0.000023
0.000048
0.000017
0.000078
0.000037
0.000015
0.000063
0.000011
0.000014
0.000040
0.000014
0.000014
0.000014
0.000155
0.000014
0.000011
0.000077
0.000014
0.000068
0.000105
0.000069
0.000035
0.000019
0.000060
0.000011
0.000014
0.000014
0.000014
0.000048
0.000014
0.000014
0.000014
0.000014
0.000026
0.000014
0.000015
0.000011
0.000093
0.000070
0.000028
0.000011
0.000014
0.000035
0.000071
0.000030
0.000014
0.000017
0.000032
0.000065
0.000086
0.000023
0.000069
0.000070
0.000062
0.000089
0.000030
0.000011
0.000016
0.000043
0.000011
0.000018
0.000014
0.000017
0.000062
0.000014
0.000048
0.000054
0.000027
0.000023
0.000048
0.000016
0.000112
0.000016
0.000254
0.000045
0.000029
0.000016
0.000021
0.000066
0.000046
0.000015
0.000043
0.000011
0.000014
0.000047
0.000014
0.000089
0.000014
0.000030
0.000011
0.000033
0.000036
0.000032
0.000069
0.000022
0.000043
0.000128
0.000123
0.000048
0.000032
0.000056
0.000119
0.000106
0.000105
0.000029
0.000021
0.000052
0.000025
0.000024
0.000062
0.000034
0.000027
0.000019
0.000016
0.000019
0.000025
0.000022
0.000038
0.000091
0.000039
0.000018
0.000041
0.000018
0.000047
0.000011
0.000030
0.000039
0.000044
0.000014
0.000014
0.000046
0.000024
0.000070
0.000058
0.000015
0.000062
0.000043
0.000146
0.000015
0.000016
0.000027
0.000011
0.000014
0.000039
0.000014
0.000045
0.000019
0.000016
0.000015
0.000093
0.000022
0.000054
0.000044
0.000181
0.000044
0.000015
0.000020
0.000059
0.000011
0.000027
0.000036
0.000025
0.000031
0.000019
0.000030
0.000014
0.000043
0.000018
0.000079
0.000051
0.000123
0.000040
0.000021
0.000020
0.000016
0.000016
0.000026
0.000025
0.000019
0.000019
0.000044
0.000022
0.000111
0.000016
0.000016
0.000016
0.000025
0.000011
0.000019
0.000017
0.000032
0.000030
0.000018
0.000038
0.000019
0.000015
0.000015
0.000025
0.000048
0.000038
0.000015
0.000015
0.000015
0.000017
0.000021
0.000015
0.000072
0.000028
0.000015
0.000039
0.000011
0.000032
0.000030
0.000042
0.000036
0.000031
0.000029
0.000035
0.000070
0.000011
0.000035
0.000018
0.000014
0.000025
0.000014
0.000014
0.000026
0.000025
0.000036
0.000019
0.000011
0.000114
0.000071
0.000033
0.000024
0.000056
0.000011
0.000027
0.000018
0.000035
0.000014
0.000060
0.000014
0.000014
0.000019
0.000011
0.000032
0.000033
0.000018
0.000018
0.000151
0.000041
0.000032
0.000029
0.000011
0.000014
0.000022
0.000025
0.000014
0.000022
0.000023
0.000044
0.000036
0.000036
0.000066
0.000037
0.000022
0.000022
0.000038
0.000018
0.000032
0.000043
0.000015
0.000088
0.000011
0.000032
0.000022
0.000030
0.000025
0.000030
0.000034
0.000026
0.000033
0.000030
0.000011
0.000032
0.000050
0.000020
0.000102
0.000020
0.000122
0.000015
0.000068
0.000047
0.000015
0.000028
0.000041
0.000033
0.000016
0.000016
0.000034
0.000022
0.000022
0.000076
0.000011
0.000017
0.000021
0.000014
0.000014
0.000025
0.000011
0.000124
0.000038
0.000017
0.000020
0.000011
0.000028
0.000019
0.000022
0.000020
0.000019
0.000014
0.000018
0.000034
0.000058
0.000034
0.000049
0.000046
0.000127
0.000028
0.000030
0.000017
0.000047
0.000017
0.000094
0.000028
0.000017
0.000026
0.000052
0.000045
0.000038
0.000042
0.000065
0.000038
0.000042
0.000038
0.000045
0.000011
0.000124
0.000207
0.000044
0.000034
0.000029
0.000022
0.000055
0.000014
0.000022
0.000016
0.000019
0.000077
0.000061
0.000017
0.000134
0.000031
0.000022
0.000037
0.000022
0.000045
0.000021
0.000024
0.000069
0.000026
0.000021
0.000024
0.000105
0.000021
0.000051
0.000026
0.000020
0.000066
0.000019
0.000015
0.000015
0.000018
0.000027
0.000016
0.000049
0.000016
0.000023
0.000041
0.000020
0.000063
0.000027
0.000040
0.000020
0.000040
0.000011
0.000014
0.000022
0.000061
0.000022
0.000014
0.000071
0.000017
0.000182
0.000017
0.000017
0.000092
0.000044
0.000011
0.000017
0.000044
0.000030
0.000014
0.000027
0.000014
0.000049
0.000022
0.000011
0.000014
0.000014
0.000042
0.000069
0.000055
0.000038
0.000029
0.000011
0.000036
0.000088
0.000124
0.000084
0.000014
0.000020
0.000015
0.000026
0.000038
0.000015
0.000015
0.000011
0.000011
0.000018
0.000014
0.000017
0.000068
0.000035
0.000017
0.000017
0.000061
0.000075
0.000067
0.000032
0.000026
0.000069
0.000036
0.000036
0.000023
0.000074
0.000103
0.000146
0.000103
0.000110
0.000109
0.000127
0.000111
0.000085
0.000204
0.000130
0.000100
0.000106
0.000100
0.000022
0.000048
0.000026
0.000102
0.000062
0.000038
0.000044
0.000074
0.000050
0.000039
0.000031
0.000027
0.000040
0.000030
0.000030
0.000058
0.000015
0.000020
0.000046
0.000015
0.000074
0.000041
0.000056
0.000044
0.000032
0.000040
0.000066
0.000051
0.000099
0.000021
0.000018
0.000029
0.000103
0.000022
0.000043
0.000026
0.000052
0.000036
0.000046
0.000121
0.000028
0.000030
0.000047
0.000019
0.000034
0.000016
0.000075
0.000053
0.000269
0.000034
0.000030
0.000018
0.000018
0.000041
0.000018
0.000018
0.000017
0.000017
0.000017
0.000020
0.000073
0.000049
0.000020
0.000024
0.000030
0.000099
0.000055
0.000034
0.000035
0.000039
0.000057
0.000043
0.000140
0.000042
0.000047
0.000149
0.000022
0.000030
0.000018
0.000022
0.000028
0.000045
0.000042
0.000018
0.000022
0.000025
0.000030
0.000015
0.000015
0.000023
0.000015
0.000111
0.000021
0.000519
0.000075
0.000019
0.000033
0.000039
0.000039
0.000102
0.000032
0.000019
0.000076
0.000039
0.000018
0.000050
0.000056
0.000129
0.000104
0.000117
0.000626
0.000017
0.000043
0.000026
0.000020
0.000052
0.000034
0.000055
0.000092
0.000054
0.000044
0.000023
0.000031
0.000055
0.000064
0.000026
0.000067
0.000092
0.000063
0.000031
0.000065
0.000090
0.000034
0.000031
0.000083
0.000023
0.000026
0.000023
0.000031
0.000026
0.000034
0.000053
0.000043
0.000052
0.000025
0.000062
0.000036
0.000032
0.000023
0.000113
0.000133
0.000154
0.000139
0.000143
0.000125
0.000118
0.000191
0.000027
0.000030
0.000086
0.000042
0.000051
0.000109
0.000157
0.000109
0.000109
0.000205
0.000117
0.000129
0.000180
0.000114
0.000095
0.000094
0.000099
0.000095
0.000092
0.000035
0.000043
0.000143
0.000041
0.000038
0.000072
0.000072
0.000035
0.000019
0.000057
0.000030
0.000024
0.000023
0.000031
0.000245
0.000026
0.000016
0.000016
0.000021
0.000023
0.000043
0.000062
0.000052
0.000043
0.000051
0.000015
0.000015
0.000026
0.000026
0.000031
0.000047
0.000039
0.000021
0.000024
0.000021
0.000066
0.000028
0.000021
0.000100
0.000023
0.000030
0.000051
0.000030
0.000093
0.000022
0.000033
0.000060
0.000085
0.000054
0.000054
0.000060
0.000016
0.000019
0.000016
0.000032
0.000021
0.000023
0.000021
0.000019
0.000026
0.000019
0.000019
0.000058
0.000022
0.000071
0.000044
0.000025
0.000037
0.000032
0.000019
0.000034
0.000029
0.000021
0.000035
0.000060
0.000033
0.000023
0.000024
0.000047
0.000084
0.000035
0.000029
0.000034
0.000054
0.000042
0.000051
0.000065
0.000016
0.000016
0.000021
0.000016
0.000030
0.000059
0.000039
0.000015
0.000049
0.000015
0.000070
0.000061
0.000061
0.000116
0.000061
0.000089
0.000077
0.000083
0.000069
0.000036
0.000032
0.000025
0.000147
0.000155
0.000029
0.000047
0.000070
0.000058
0.000039
0.000112
0.000074
0.000029
0.000030
0.000039
0.000032
0.000110
0.000147
0.000110
0.000126
0.000110
0.000082
0.000079
0.000083
0.000155
0.000100
0.000095
0.000032
0.000139
0.000049
0.000044
0.000058
0.000098
0.000081
0.000119
0.000116
0.000128
0.000131
0.000129
0.000038
0.000036
0.000027
0.000049
0.000017
0.000051
0.000035
0.000083
0.000100
0.000019
0.000015
0.000024
0.000036
0.000015
0.000031
0.000040
0.000018
0.000025
0.000025
0.000049
0.000050
0.000015
0.000018
0.000019
0.000047
0.000181
0.000042
0.000016
0.000031
0.000016
0.000074
0.000024
0.000046
0.000033
0.000021
0.000033
0.000058
0.000053
0.000048
0.000035
0.000062
0.000029
0.000045
0.000067
0.000025
0.000048
0.000042
0.000045
0.000021
0.000040
0.000033
0.000021
0.000064
0.000021
0.000021
0.000021
0.000054
0.000023
0.000051
0.000044
0.000028
0.000020
0.000053
0.000047
0.000028
0.000025
0.000030
0.000019
0.000015
0.000064
0.000027
0.000041
0.000021
0.000032
0.000041
0.000075
0.000037
0.000044
0.000041
0.000038
0.000039
0.000026
0.000034
0.000041
0.000047
0.000029
0.000015
0.000015
0.000046
0.000015
0.000034
0.000019
0.000024
0.000128
0.000020
0.000058
0.000038
0.000036
0.000039
0.000021
0.000027
0.000056
0.000024
0.000039
0.000024
0.000041
0.000020
0.000029
0.000090
0.000147
0.000023
0.000023
0.000058
0.000023
0.000034
0.000083
0.000056
0.000017
0.000048
0.000034
0.000028
0.000036
0.000017
0.000017
0.000057
0.000099
0.000031
0.000040
0.000021
0.000065
0.000062
0.000065
0.000038
0.000124
0.000017
0.000031
0.000019
0.000052
0.000019
0.000030
0.000019
0.000062
0.000019
0.000019
0.000075
0.000019
0.000031
0.000037
0.000173
0.000028
0.000019
0.000030
0.000039
0.000016
0.000121
0.000046
0.000092
0.000018
0.000019
0.000024
0.000024
0.000024
0.000048
0.000076
0.000078
0.000130
0.000114
0.000106
0.000142
0.000114
0.000136
0.000105
0.000098
0.000098
0.000110
0.000079
0.000084
0.000079
0.000102
0.000088
0.000141
0.000132
0.000155
0.000139
0.000137
0.000296
0.000123
0.000031
0.000020
0.000030
0.000024
0.000042
0.000021
0.000045
0.000034
0.000022
0.000058
0.000015
0.000036
0.000020
0.000040
0.000113
0.000024
0.000027
0.000043
0.000020
0.000020
0.000020
0.000020
0.000020
0.000028
0.000163
0.000030
0.000037
0.000065
0.000037
0.000038
0.000017
0.000027
0.000055
0.000048
0.000039
0.000063
0.000027
0.000039
0.000016
0.000016
0.000039
0.000016
0.000016
0.000016
0.000016
0.000025
0.000026
0.000027
0.000020
0.000042
0.000020
0.000034
0.000048
0.000034
0.000041
0.000043
0.000060
0.000019
0.000049
0.000044
0.000044
0.000044
0.000022
0.000049
0.000043
0.000037
0.000016
0.000016
0.000016
0.000027
0.000034
0.000023
0.000016
0.000027
0.000031
0.000021
0.000037
0.000059
0.000058
0.000023
0.000017
0.000046
0.000029
0.000045
0.000077
0.000015
0.000036
0.000018
0.000023
0.000016
0.000020
0.000047
0.000016
0.000016
0.000016
0.000019
0.000016
0.000016
0.000021
0.000028
0.000089
0.000062
0.000021
0.000063
0.000041
0.000017
0.000017
0.000045
0.000100
0.000021
0.000016
0.000021
0.000065
0.000021
0.000020
0.000023
0.000053
0.000020
0.000084
0.000037
0.000028
0.000050
0.000131
0.000029
0.000031
0.000049
0.000015
0.000068
0.000029
0.000021
0.000044
0.000122
0.000027
0.000016
0.000022
0.000045
0.000081
0.000027
0.000040
0.000026
0.000029
0.000082
0.000030
0.000021
0.000016
0.000035
0.000025
0.000116
0.000046
0.000016
0.000031
0.000016
0.000032
0.000083
0.000032
0.000035
0.000036
0.000019
0.000031
0.000042
0.000020
0.000024
0.000086
0.000177
0.000086
0.000100
0.000045
0.000065
0.000037
0.000025
0.000016
0.000027
0.000032
0.000019
0.000019
0.000019
0.000054
0.000083
0.000092
0.000084
0.000032
0.000053
0.000051
0.000059
0.000067
0.000056
0.000040
0.000027
0.000027
0.000027
0.000032
0.000027
0.000027
0.000027
0.000027
0.000019
0.000088
0.000075
0.000028
0.000033
0.000021
0.000031
0.000019
0.000025
0.000019
0.000041
0.000025
0.000018
0.000030
0.000057
0.000032
0.000025
0.000038
0.000030
0.000081
0.000020
0.000017
0.000020
0.000084
0.000052
0.000045
0.000026
0.000027
0.000027
0.000024
0.000044
0.000038
0.000051
0.000026
0.000069
0.000109
0.000018
0.000046
0.000033
0.000069
0.000032
0.000133
0.000039
0.000029
0.000047
0.000047
0.000065
0.000088
0.000015
0.000021
0.000081
0.000051
0.000053
0.000037
0.000020
0.000051
0.000027
0.000022
0.000031
0.000055
0.000037
0.000048
0.000036
0.000020
0.000020
0.000024
0.000035
0.000019
0.000019
0.000015
0.000020
0.000015
0.000034
0.000027
0.000015
0.000024
0.000034
0.000019
0.000054
0.000058
0.000020
0.000017
0.000037
0.000030
0.000024
0.000017
0.000045
0.000020
0.000025
0.000031
0.000023
0.000023
0.000023
0.000027
0.000048
0.000035
0.000199
0.000038
0.000033
0.000021
0.000018
0.000024
0.000064
0.000018
0.000018
0.000028
0.000023
0.000023
0.000084
0.000056
0.000033
0.000054
0.000057
0.000032
0.000017
0.000041
0.000017
0.000026
0.000083
0.000023
0.000017
0.000017
0.000038
0.000020
0.000024
0.000034
0.000024
0.000014
0.000017
0.000041
0.000017
0.000017
0.000039
0.000045
0.000025
0.000045
0.000034
0.000035
0.000030
0.000066
0.000046
0.000054
0.000023
0.000018
0.000035
0.000035
0.000018
0.000045
0.000018
0.000018
0.000066
0.000032
0.000021
0.000049
0.000048
0.000021
0.000036
0.000043
0.000027
0.000033
0.000031
0.000036
0.000062
0.000066
0.000015
0.000052
0.000018
0.000025
0.000035
0.000025
0.000033
0.000020
0.000041
0.000037
0.000131
0.000026
0.000127
0.000028
0.000075
0.000043
0.000048
0.000039
0.000039
0.000057
0.000032
0.000027
0.000043
0.000071
0.000029
0.000019
0.000019
0.000030
0.000023
0.000022
0.000040
0.000025
0.000016
0.000020
0.000020
0.000020
0.000020
0.000020
0.000020
0.000020
0.000020
0.000020
0.000020
0.000035
0.000031
0.000041
0.000028
0.000033
0.000053
0.000016
0.000033
0.000030
0.000016
0.000025
0.000021
0.000016
0.000016
0.000016
0.000024
0.000016
0.000016
0.000048
0.000036
0.000028
0.000057
0.000026
0.000031
0.000030
0.000026
0.000028
0.000015
0.000023
0.000040
0.000039
0.000024
0.000025
0.000021
0.000026
0.000040
0.000030
0.000018
0.000018
0.000030
0.000039
0.000041
0.000030
0.000027
0.000064
0.000018
0.000021
0.000020
0.000031
0.000031
0.000076
0.000063
0.000033
0.000060
0.000033
0.000026
0.000026
0.000108
0.000024
0.000015
0.000022
0.000015
0.000034
0.000114
0.000015
0.000017
0.000037
0.000041
0.000039
0.000033
0.000062
0.000042
0.000021
0.000034
0.000033
0.000031
0.000020
0.000016
0.000037
0.000033
0.000055
0.000030
0.000040
0.000045
0.000043
0.000024
0.000030
0.000020
0.000048
0.000048
0.000022
0.000027
0.000017
0.000059
0.000019
0.000015
0.000032
0.000015
0.000067
0.000016
0.000030
0.000016
0.000018
0.000018
0.000030
0.000053
0.000018
0.000025
0.000019
0.000038
0.000034
0.000019
0.000023
0.000059
0.000049
0.000047
0.000030
0.000056
0.000038
0.000021
0.000062
0.000021
0.000025
0.000062
0.000030
0.000062
0.000029
0.000021
0.000021
0.000021
0.000059
0.000034
0.000027
0.000069
0.000026
0.000049
0.000020
0.000036
0.000022
0.000022
0.000026
0.000074
0.000079
0.000094
0.000019
0.000019
0.000054
0.000037
0.000054
0.000019
0.000056
0.000016
0.000020
0.000027
0.000032
0.000062
0.000080
0.000099
0.000063
0.000063
0.000021
0.000016
0.000022
0.000042
0.000042
0.000016
0.000063
0.000019
0.000023
0.000015
0.000015
0.000015
0.000015
0.000028
0.000021
0.000032
0.000026
0.000030
0.000046
0.000027
0.000016
0.000019
0.000028
0.000019
0.000107
0.000085
0.000036
0.000024
0.000061
0.000041
0.000024
0.000020
0.000020
0.000017
0.000017
0.000017
0.000049
0.000025
0.000027
0.000087
0.000025
0.000028
0.000021
0.000032
0.000034
0.000035
0.000020
0.000016
0.000016
0.000045
0.000048
0.000100
0.000043
0.000043
0.000037
0.000047
0.000025
0.000035
0.000015
0.000015
0.000051
0.000052
0.000018
0.000018
0.000018
0.000018
0.000043
0.000023
0.000051
0.000027
0.000027
0.000023
0.000040
0.000020
0.000042
0.000037
0.000049
0.000025
0.000029
0.000031
0.000056
0.000022
0.000017
0.000020
0.000028
0.000017
0.000029
0.000026
0.000094
0.000023
0.000015
0.000021
0.000039
0.000030
0.000015
0.000015
0.000015
0.000015
0.000030
0.000037
0.000015
0.000037
0.000047
0.000055
0.000048
0.000054
0.000030
0.000019
0.000027
0.000024
0.000027
0.000018
0.000016
0.000020
0.000031
0.000043
0.000022
0.000032
0.000068
0.000036
0.000021
0.000015
0.000018
0.000015
0.000038
0.000015
0.000042
0.000113
0.000026
0.000030
0.000022
0.000194
0.000041
0.000026
0.000033
0.000056
0.000088
0.000028
0.000023
0.000045
0.000025
0.000048
0.000039
0.000026
0.000025
0.000026
0.000040
0.000034
0.000026
0.000036
0.000020
0.000030
0.000017
0.000017
0.000026
0.000027
0.000040
0.000016
0.000072
0.000036
0.000061
0.000027
0.000039
0.000068
0.000030
0.000020
0.000051
0.000020
0.000057
0.000068
0.000026
0.000133
0.000019
0.000019
0.000019
0.000024
0.000015
0.000015
0.000047
0.000015
0.000053
0.000023
0.000017
0.000018
0.000027
0.000113
0.000121
0.000114
0.000132
0.000108
0.000108
0.000086
0.000025
0.000034
0.000056
0.000027
0.000023
0.000030
0.000025
0.000033
0.000021
0.000035
0.000039
0.000027
0.000018
0.000018
0.000025
0.000055
0.000015
0.000024
0.000039
0.000024
0.000024
0.000024
0.000030
0.000046
0.000042
0.000021
0.000038
0.000024
0.000016
0.000019
0.000031
0.000019
0.000021
0.000018
0.000053
0.000091
0.000018
0.000050
0.000018
0.000028
0.000019
0.000041
0.000084
0.000042
0.000021
0.000056
0.000029
0.000031
0.000140
0.000046
0.000084
0.000048
0.000016
0.000026
0.000028
0.000026
0.000021
0.000033
0.000035
0.000037
0.000035
0.000021
0.000046
0.000030
0.000018
0.000031
0.000022
0.000024
0.000023
0.000018
0.000018
0.000028
0.000025
0.000059
0.000025
0.000019
0.000015
0.000040
0.000018
0.000041
0.000024
0.000023
0.000026
0.000027
0.000020
0.000020
0.000025
0.000037
0.000029
0.000034
0.000042
0.000026
0.000023
0.000019
0.000022
0.000019
0.000044
0.000019
0.000019
0.000027
0.000032
0.000031
0.000026
0.000030
0.000016
0.000052
0.000021
0.000022
0.000016
0.000020
0.000030
0.000019
0.000039
0.000071
0.000026
0.000031
0.000026
0.000026
0.000030
0.000018
0.000029
0.000016
0.000056
0.000065
0.000016
0.000022
0.000025
0.000017
0.000026
0.000056
0.000029
0.000161
0.000015
0.000026
0.000083
0.000023
0.000031
0.000028
0.000024
0.000033
0.000036
0.000016
0.000056
0.000021
0.000033
0.000021
0.000024
0.000025
0.000036
0.000051
0.000025
0.000025
0.000029
0.000046
0.000016
0.000026
0.000024
0.000060
0.000041
0.000048
0.000018
0.000028
0.000022
0.000018
0.000053
0.000066
0.000087
0.000114
0.000029
0.000039
0.000029
0.000023
0.000019
0.000093
0.000100
0.000031
0.000033
0.000027
0.000028
0.000031
0.000048
0.000019
0.000037
0.000015
0.000020
0.000020
0.000018
0.000053
0.000031
0.000020
0.000018
0.000018
0.000058
0.000089
0.000030
0.000029
0.000016
0.000024
0.000016
0.000026
0.000079
0.000021
0.000019
0.000023
0.000026
0.000042
0.000061
0.000033
0.000023
0.000016
0.000016
0.000016
0.000024
0.000024
0.000038
0.000044
0.000037
0.000019
0.000026
0.000024
0.000021
0.000021
0.000039
0.000021
0.000018
0.000027
0.000028
0.000042
0.000028
0.000019
0.000019
0.000019
0.000044
0.000033
0.000035
0.000026
0.000017
0.000030
0.000023
0.000061
0.000023
0.000027
0.000021
0.000024
0.000028
0.000025
0.000029
0.000041
0.000042
0.000032
0.000013
0.000024
0.000016
0.000033
0.000013
0.000013
0.000013
0.000013
0.000017
0.000015
0.000013
0.000017
0.000013
0.000031
0.000013
0.000013
0.000013
0.000013
0.000017
0.000035
0.000023
0.000029
0.000025
0.000018
0.000018
0.000018
0.000038
0.000018
0.000042
0.000025
0.000017
0.000017
0.000021
0.000030
0.000017
0.000027
0.000054
0.000043
0.000016
0.000033
0.000055
0.000024
0.000040
0.000050
0.000018
0.000025
0.000027
0.000037
0.000034
0.000024
0.000024
0.000030
0.000025
0.000036
0.000025
0.000043
0.000051
0.000018
0.000022
0.000038
0.000051
0.000067
0.000015
0.000015
0.000024
0.000052
0.000025
0.000058
0.000072
0.000097
0.000021
0.000061
0.000017
0.000017
0.000017
0.000029
0.000022
0.000118
0.000019
0.000026
0.000016
0.000069
0.000016
0.000021
0.000022
0.000015
0.000034
0.000034
0.000034
0.000080
0.000019
0.000030
0.000019
0.000020
0.000020
0.000029
0.000052
0.000019
0.000016
0.000030
0.000016
0.000016
0.000016
0.000027
0.000039
0.000016
0.000036
0.000020
0.000015
0.000015
0.000057
0.000025
0.000016
0.000030
0.000030
0.000030
0.000024
0.000029
0.000035
0.000037
0.000024
0.000015
0.000020
0.000037
0.000021
0.000016
0.000021
0.000034
0.000021
0.000028
0.000053
0.000108
0.000023
0.000019
0.000024
0.000020
0.000016
0.000047
0.000026
0.000015
0.000015
0.000015
0.000029
0.000086
0.000026
0.000023
0.000060
0.000015
0.000093
0.000026
0.000044
0.000024
0.000035
0.000015
0.000041
0.000015
0.000030
0.000040
0.000036
0.000036
0.000043
0.000044
0.000036
0.000024
0.000015
0.000015
0.000028
0.000027
0.000015
0.000024
0.000062
0.000015
0.000015
0.000038
0.000047
0.000059
0.000030
0.000019
0.000027
0.000034
0.000025
0.000030
0.000022
0.000018
0.000018
0.000030
0.000030
0.000027
0.000052
0.000018
0.000015
0.000015
0.000028
0.000024
0.000035
0.000043
0.000033
0.000080
0.000049
0.000076
0.000022
0.000022
0.000018
0.000018
0.000019
0.000023
0.000033
0.000019
0.000019
0.000031
0.000018
0.000016
0.000032
0.000022
0.000043
0.000059
0.000030
0.000063
0.000017
0.000016
0.000016
0.000016
0.000016
0.000016
0.000016
0.000016
0.000016
0.000016
0.000016
0.000016
0.000016
0.000016
0.000016
0.000016
0.000029
0.000016
0.000016
0.000016
0.000027
0.000016
0.000019
0.000019
0.000016
0.000016
0.000016
0.000016
0.000016
0.000016
0.000016
0.000070
0.000025
0.000034
0.000040
0.000016
0.000029
0.000050
0.000028
0.000072
0.000023
0.000033
0.000068
0.000072
0.000044
0.000024
0.000031
0.000017
0.000017
0.000036
0.000019
0.000019
0.000019
0.000019
0.000019
0.000025
0.000029
0.000053
0.000024
0.000031
0.000061
0.000054
0.000043
0.000038
0.000045
0.000017
0.000017
0.000032
0.000025
0.000020
0.000035
0.000026
0.000023
0.000016
0.000019
0.000047
0.000036
0.000089
0.000029
0.000038
0.000020
0.000031
0.000034
0.000038
0.000026
0.000018
0.000021
0.000023
0.000031
0.000037
0.000053
0.000031
0.000047
0.000052
0.000041
0.000041
0.000023
0.000052
0.000023
0.000027
0.000021
0.000016
0.000031
0.000029
0.000028
0.000062
0.000023
0.000023
0.000023
0.000023
0.000027
0.000026
0.000060
0.000017
0.000028
0.000017
0.000019
0.000024
0.000034
0.000019
0.000020
0.000034
0.000021
0.000016
0.000016
0.000019
0.000020
0.000019
0.000019
0.000072
0.000085
0.000050
0.000043
0.000058
0.000083
0.000015
0.000015
0.000022
0.000015
0.000029
0.000023
0.000062
0.000027
0.000069
0.000017
0.000014
0.000014
0.000019
0.000062
0.000019
0.000027
0.000077
0.000025
0.000033
0.000025
0.000025
0.000050
0.000028
0.000027
0.000037
0.000034
0.000022
0.000022
0.000041
0.000022
0.000022
0.000041
0.000026
0.000040
0.000052
0.000075
0.000040
0.000043
0.000040
0.000017
0.000108
0.000019
0.000029
0.000019
0.000015
0.000023
0.000027
0.000017
0.000019
0.000073
0.000032
0.000018
0.000018
0.000025
0.000018
0.000019
0.000030
0.000019
0.000019
0.000019
0.000035
0.000015
0.000015
0.000020
0.000021
0.000017
0.000016
0.000046
0.000034
0.000036
0.000044
0.000036
0.000036
0.000030
0.000017
0.000021
0.000134
0.000029
0.000025
0.000028
0.000017
0.000022
0.000037
0.000034
0.000015
0.000037
0.000024
0.000049
0.000026
0.000058
0.000031
0.000018
0.000028
0.000025
0.000020
0.000044
0.000016
0.000016
0.000020
0.000016
0.000016
0.000050
0.000015
0.000015
0.000021
0.000015
0.000031
0.000015
0.000015
0.000023
0.000020
0.000016
0.000016
0.000036
0.000019
0.000055
0.000016
0.000022
0.000030
0.000021
0.000066
0.000067
0.000083
0.000032
0.000047
0.000026
0.000026
0.000022
0.000015
0.000015
0.000031
0.000026
0.000023
0.000038
0.000051
0.000035
0.000016
0.000016
0.000016
0.000035
0.000023
0.000021
0.000021
0.000038
0.000027
0.000028
0.000025
0.000018
0.000032
0.000023
0.000043
0.000043
0.000055
0.000060
0.000049
0.000034
0.000029
0.000045
0.000031
0.000021
0.000028
0.000024
0.000026
0.000017
0.000026
0.000017
0.000017
0.000017
0.000017
0.000024
0.000018
0.000021
0.000023
0.000029
0.000018
0.000021
0.000030
0.000018
0.000058
0.000022
0.000033
0.000026
0.000022
0.000042
0.000022
0.000021
0.000032
0.000059
0.000021
0.000038
0.000048
0.000023
0.000018
0.000024
0.000021
0.000036
0.000019
0.000019
0.000020
0.000020
0.000020
0.000023
0.000020
0.000020
0.000040
0.000020
0.000025
0.000031
0.000146
0.000040
0.000029
0.000023
0.000018
0.000018
0.000057
0.000035
0.000035
0.000023
0.000026
0.000050
0.000052
0.000034
0.000072
0.000022
0.000026
0.000023
0.000029
0.000015
0.000025
0.000038
0.000018
0.000037
0.000027
0.000037
0.000027
0.000015
0.000033
0.000023
0.000015
0.000035
0.000021
0.000043
0.000032
0.000035
0.000049
0.000039
0.000035
0.000037
0.000019
0.000042
0.000019
0.000022
0.000019
0.000024
0.000016
0.000020
0.000016
0.000016
0.000059
0.000027
0.000024
0.000022
0.000027
0.000032
0.000038
0.000025
0.000026
0.000022
0.000022
0.000026
0.000026
0.000027
0.000018
0.000018
0.000018
0.000018
0.000018
0.000025
0.000047
0.000033
0.000025
0.000025
0.000025
0.000041
0.000017
0.000035
0.000026
0.000021
0.000025
0.000029
0.000095
0.000048
0.000030
0.000022
0.000036
0.000041
0.000020
0.000020
0.000023
0.000033
0.000015
0.000033
0.000046
0.000025
0.000034
0.000023
0.000020
0.000041
0.000028
0.000064
0.000020
0.000022
0.000021
0.000021
0.000028
0.000029
0.000024
0.000024
0.000029
0.000044
0.000035
0.000028
0.000022
0.000026
0.000026
0.000025
0.000022
0.000022
0.000026
0.000020
0.000039
0.000028
0.000043
0.000017
0.000026
0.000017
0.000049
0.000015
0.000035
0.000021
0.000032
0.000022
0.000018
0.000018
0.000018
0.000029
0.000015
0.000028
0.000022
0.000028
0.000029
0.000044
0.000020
0.000024
0.000018
0.000038
0.000045
0.000043
0.000034
0.000025
0.000029
0.000021
0.000016
0.000035
0.000033
0.000015
0.000020
0.000015
0.000027
0.000016
0.000028
0.000017
0.000025
0.000017
0.000017
0.000031
0.000027
0.000047
0.000035
0.000019
0.000024
0.000019
0.000021
0.000031
0.000016
0.000048
0.000077
0.000034
0.000019
0.000019
0.000016
0.000035
0.000030
0.000064
0.000021
0.000021
0.000024
0.000119
0.000024
0.000054
0.000054
0.000018
0.000018
0.000028
0.000021
0.000016
0.000016
0.000072
0.000060
0.000016
0.000032
0.000016
0.000046
0.000019
0.000018
0.000015
0.000033
0.000024
0.000027
0.000034
0.000030
0.000022
0.000016
0.000019
0.000019
0.000016
0.000027
0.000021
0.000017
0.000020
0.000021
0.000023
0.000018
0.000036
0.000029
0.000015
0.000020
0.000036
0.000028
0.000014
0.000026
0.000017
0.000022
0.000022
0.000014
0.000014
0.000024
0.000018
0.000035
0.000015
0.000020
0.000015
0.000020
0.000017
0.000082
0.000017
0.000032
0.000022
0.000027
0.000016
0.000016
0.000024
0.000020
0.000033
0.000052
0.000019
0.000026
0.000018
0.000028
0.000030
0.000017
0.000017
0.000022
0.000016
0.000025
0.000054
0.000025
0.000095
0.000032
0.000016
0.000016
0.000041
0.000016
0.000020
0.000027
0.000023
0.000023
0.000033
0.000023
0.000040
0.000024
0.000055
0.000027
0.000018
0.000015
0.000018
0.000015
0.000063
0.000016
0.000017
0.000065
0.000017
0.000044
0.000022
0.000023
0.000038
0.000030
0.000058
0.000059
0.000030
0.000016
0.000021
0.000028
0.000043
0.000026
0.000032
0.000024
0.000020
0.000022
0.000022
0.000040
0.000015
0.000030
0.000023
0.000030
0.000023
0.000018
0.000016
0.000030
0.000021
0.000032
0.000089
0.000032
0.000029
0.000035
0.000019
0.000019
0.000016
0.000020
0.000015
0.000015
0.000015
0.000034
0.000022
0.000068
0.000019
0.000027
0.000017
0.000026
0.000025
0.000020
0.000040
0.000018
0.000015
0.000020
0.000023
0.000015
0.000022
0.000015
0.000027
0.000039
0.000033
0.000022
0.000033
0.000029
0.000026
0.000042
0.000023
0.000031
0.000020
0.000020
0.000028
0.000021
0.000013
0.000013
0.000016
0.000013
0.000017
0.000013
0.000018
0.000016
0.000016
0.000024
0.000025
0.000031
0.000031
0.000035
0.000021
0.000023
0.000033
0.000025
0.000026
0.000040
0.000020
0.000015
0.000043
0.000027
0.000019
0.000056
0.000018
0.000038
0.000018
0.000027
0.000018
0.000023
0.000020
0.000017
0.000064
0.000022
0.000045
0.000025
0.000017
0.000017
0.000017
0.000016
0.000025
0.000026
0.000026
0.000026
0.000026
0.000024
0.000017
0.000038
0.000017
0.000028
0.000016
0.000017
0.000025
0.000017
0.000084
0.000021
0.000021
0.000027
0.000019
0.000021
0.000064
0.000020
0.000020
0.000023
0.000043
0.000027
0.000026
0.000072
0.000017
0.000017
0.000015
0.000026
0.000019
0.000017
0.000030
0.000029
0.000023
0.000036
0.000053
0.000029
0.000028
0.000015
0.000019
0.000018
0.000022
0.000021
0.000032
0.000055
0.000023
0.000029
0.000030
0.000035
0.000016
0.000028
0.000019
0.000015
0.000018
0.000036
0.000016
0.000020
0.000021
0.000016
0.000019
0.000021
0.000016
0.000025
0.000015
0.000043
0.000015
0.000016
0.000025
0.000035
0.000016
0.000027
0.000029
0.000035
0.000025
0.000024
0.000016
0.000021
0.000028
0.000028
0.000019
0.000019
0.000027
0.000018
0.000023
0.000015
0.000020
0.000046
0.000026
0.000015
0.000015
0.000019
0.000019
0.000024
0.000027
0.000021
0.000020
0.000042
0.000016
0.000017
0.000022
0.000073
0.000022
0.000018
0.000017
0.000017
0.000017
0.000017
0.000017
0.000024
0.000015
0.000033
0.000033
0.000035
0.000019
0.000016
0.000016
0.000043
0.000024
0.000016
0.000019
0.000021
0.000029
0.000016
0.000016
0.000043
0.000049
0.000024
0.000029
0.000028
0.000031
0.000015
0.000015
0.000015
0.000015
0.000015
0.000038
0.000015
0.000015
0.000015
0.000015
0.000015
0.000023
0.000035
0.000028
0.000017
0.000017
0.000020
0.000020
0.000099
0.000063
0.000019
0.000019
0.000019
0.000016
0.000017
0.000016
0.000016
0.000025
0.000052
0.000052
0.000028
0.000015
0.000026
0.000015
0.000015
0.000015
0.000015
0.000018
0.000021
0.000015
0.000015
0.000015
0.000049
0.000023
0.000026
0.000016
0.000016
0.000016
0.000018
0.000061
0.000022
0.000016
0.000027
0.000016
0.000016
0.000016
0.000021
0.000033
0.000018
0.000020
0.000022
0.000016
0.000026
0.000036
0.000017
0.000033
0.000100
0.000018
0.000033
0.000016
0.000020
0.000018
0.000015
0.000015
0.000015
0.000015
0.000023
0.000021
0.000056
0.000030
0.000025
0.000025
0.000024
0.000015
0.000015
0.000020
0.000018
0.000018
0.000026
0.000026
0.000016
0.000016
0.000022
0.000022
0.000017
0.000017
0.000024
0.000020
0.000023
0.000017
0.000017
0.000032
0.000080
0.000061
0.000041
0.000020
0.000017
0.000042
0.000023
0.000015
0.000015
0.000020
0.000020
0.000017
0.000024
0.000025
0.000016
0.000026
0.000034
0.000033
0.000059
0.000029
0.000033
0.000043
0.000022
0.000027
0.000018
0.000015
0.000015
0.000015
0.000015
0.000018
0.000042
0.000035
0.000057
0.000015
0.000026
0.000039
0.000024
0.000022
0.000017
0.000017
0.000035
0.000036
0.000021
0.000017
0.000022
0.000022
0.000018
0.000034
0.000015
0.000015
0.000016
0.000016
0.000036
0.000026
0.000028
0.000043
0.000025
0.000019
0.000019
0.000018
0.000017
0.000022
0.000015
0.000022
0.000026
0.000027
0.000030
0.000021
0.000024
0.000021
0.000024
0.000026
0.000028
0.000016
0.000018
0.000018
0.000018
0.000029
0.000029
0.000039
0.000029
0.000032
0.000018
0.000049
0.000025
0.000025
0.000043
0.000015
0.000027
0.000017
0.000015
0.000022
0.000016
0.000018
0.000015
0.000028
0.000018
0.000020
0.000023
0.000015
0.000025
0.000015
0.000015
0.000018
0.000025
0.000015
0.000015
0.000015
0.000019
0.000020
0.000052
0.000021
0.000046
0.000017
0.000017
0.000032
0.000035
0.000029
0.000025
0.000019
0.000015
0.000015
0.000015
0.000031
0.000016
0.000016
0.000016
0.000018
0.000028
0.000025
0.000016
0.000039
0.000015
0.000025
0.000023
0.000034
0.000021
0.000015
0.000018
0.000021
0.000018
0.000021
0.000021
0.000023
0.000022
0.000022
0.000019
0.000038
0.000029
0.000022
0.000016
0.000016
0.000016
0.000023
0.000016
0.000018
0.000029
0.000019
0.000054
0.000020
0.000028
0.000026
0.000015
0.000015
0.000015
0.000035
0.000044
0.000015
0.000016
0.000016
0.000080
0.000018
0.000015
0.000023
0.000046
0.000018
0.000022
0.000015
0.000030
0.000035
0.000019
0.000022
0.000015
0.000035
0.000015
0.000018
0.000026
0.000021
0.000024
0.000035
0.000063
0.000022
0.000021
0.000017
0.000017
0.000022
0.000016
0.000016
0.000018
0.000015
0.000018
0.000023
0.000028
0.000026
0.000018
0.000042
0.000020
0.000020
0.000018
0.000018
0.000018
0.000015
0.000015
0.000026
0.000026
0.000032
0.000024
0.000024
0.000026
0.000015
0.000015
0.000068
0.000125
0.000055
0.000038
0.000025
0.000022
0.000022
0.000022
0.000025
0.000025
0.000112
0.000072
0.000017
0.000017
0.000016
0.000016
0.000016
0.000018
0.000016
0.000016
0.000020
0.000020
0.000024
0.000023
0.000027
0.000018
0.000023
0.000037
0.000037
0.000029
0.000027
0.000025
0.000067
0.000034
0.000022
0.000018
0.000043
0.000018
0.000029
0.000033
0.000019
0.000047
0.000015
0.000015
0.000024
0.000041
0.000036
0.000026
0.000026
0.000029
0.000049
0.000060
0.000016
0.000016
0.000016
0.000016
0.000018
0.000018
0.000018
0.000021
0.000032
0.000016
0.000025
0.000025
0.000023
0.000030
0.000019
0.000019
0.000026
0.000017
0.000030
0.000033
0.000022
0.000021
0.000020
0.000024
0.000032
0.000037
0.000015
0.000024
0.000024
0.000024
0.000019
0.000016
0.000020
0.000036
0.000023
0.000017
0.000016
0.000016
0.000057
0.000041
0.000017
0.000017
0.000017
0.000033
0.000031
0.000018
0.000021
0.000061
0.000037
0.000040
0.000015
0.000015
0.000017
0.000017
0.000026
0.000022
0.000017
0.000060
0.000015
0.000018
0.000015
0.000051
0.000019
0.000026
0.000022
0.000031
0.000016
0.000016
0.000016
0.000016
0.000051
0.000016
0.000017
0.000020
0.000030
0.000017
0.000017
0.000023
0.000018
0.000015
0.000018
0.000018
0.000029
0.000028
0.000039
0.000023
0.000020
0.000020
0.000015
0.000018
0.000058
0.000018
0.000020
0.000017
0.000017
0.000017
0.000022
0.000021
0.000017
0.000018
0.000017
0.000015
0.000038
0.000017
0.000022
0.000027
0.000018
0.000018
0.000025
0.000018
0.000018
0.000018
0.000017
0.000021
0.000015
0.000015
0.000021
0.000019
0.000024
0.000019
0.000044
0.000079
0.000019
0.000016
0.000016
0.000016
0.000022
0.000019
0.000020
0.000020
0.000015
0.000015
0.000025
0.000020
0.000019
0.000019
0.000019
0.000019
0.000019
0.000019
0.000021
0.000027
0.000018
0.000015
0.000041
0.000015
0.000015
0.000018
0.000015
0.000016
0.000016
0.000021
0.000098
0.000037
0.000023
0.000034
0.000016
0.000018
0.000016
0.000016
0.000056
0.000023
0.000021
0.000021
0.000018
0.000018
0.000018
0.000019
0.000015
0.000019
0.000015
0.000015
0.000020
0.000015
0.000016
0.000016
0.000015
0.000019
0.000025
0.000018
0.000022
0.000017
0.000017
0.000017
0.000024
0.000030
0.000020
0.000019
0.000015
0.000024
0.000073
0.000018
0.000024
0.000027
0.000015
0.000066
0.000015
0.000015
0.000017
0.000015
0.000053
0.000021
0.000015
0.000021
0.000030
0.000029
0.000024
0.000015
0.000015
0.000050
0.000027
0.000020
0.000020
0.000017
0.000024
0.000017
0.000017
0.000017
0.000022
0.000038
0.000036
0.000022
0.000033
0.000020
0.000020
0.000030
0.000016
0.000015
0.000027
0.000027
0.000016
0.000016
0.000027
0.000021
0.000018
0.000016
0.000016
0.000018
0.000015
0.000015
0.000015
0.000021
0.000024
0.000021
0.000074
0.000018
0.000015
0.000014
0.000014
0.000014
0.000018
0.000018
0.000018
0.000020
0.000020
0.000016
0.000016
0.000016
0.000025
0.000046
0.000022
0.000162
0.000015
0.000040
0.000015
0.000023
0.000021
0.000018
0.000018
0.000018
0.000015
0.000015
0.000052
0.000043
0.000019
0.000101
0.000019
0.000019
0.000019
0.000027
0.000020
0.000027
0.000023
0.000029
0.000017
0.000018
0.000023
0.000015
0.000019
0.000019
0.000024
0.000018
0.000015
0.000020
0.000015
0.000018
0.000024
0.000020
0.000020
0.000020
0.000025
0.000020
0.000020
0.000020
0.000020
0.000016
0.000015
0.000015
0.000018
0.000015
0.000015
0.000015
0.000015
0.000124
0.000017
0.000034
0.000017
0.000017
0.000019
0.000019
0.000023
0.000018
0.000018
0.000018
0.000077
0.000017
0.000023
0.000015
0.000023
0.000016
0.000016
0.000016
0.000028
0.000033
0.000023
0.000018
0.000016
0.000016
0.000016
0.000025
0.000026
0.000026
0.000021
0.000021
0.000016
0.000025
0.000018
0.000018
0.000023
0.000021
0.000015
0.000017
0.000017
0.000017
0.000015
0.000016
0.000016
0.000019
0.000068
0.000016
0.000016
0.000016
0.000016
0.000016
0.000017
0.000032
0.000017
0.000018
0.000022
0.000016
0.000019
0.000023
0.000019
0.000018
0.000016
0.000016
0.000018
0.000017
0.000017
0.000018
0.000020
0.000029
0.000049
0.000015
0.000015
0.000026
0.000021
0.000056
0.000015
0.000020
0.000015
0.000021
0.000023
0.000025
0.000016
0.000027
0.000018
0.000019
0.000015
0.000022
0.000019
0.000015
0.000016
0.000022
0.000067
0.000023
0.000017
0.000021
0.000056
0.000048
0.000017
0.000017
0.000020
0.000017
0.000027
0.000019
0.000019
0.000017
0.000026
0.000025
0.000049
0.000015
0.000015
0.000015
0.000016
0.000022
0.000017
0.000026
0.000018
0.000087
0.000018
0.000018
0.000022
0.000016
0.000016
0.000017
0.000017
0.000022
0.000018
0.000018
0.000015
0.000021
0.000131
0.000021
0.000015
0.000018
0.000018
0.000027
0.000020
0.000068
0.000015
0.000015
0.000024
0.000021
0.000020
0.000015
0.000022
0.000020
0.000016
0.000016
0.000016
0.000021
0.000016
0.000015
0.000015
0.000032
0.000015
0.000015
0.000015
0.000016
0.000015
0.000027
0.000034
0.000030
0.000015
0.000015
0.000015
0.000026
0.000015
0.000015
0.000043
0.000016
0.000032
0.000016
0.000055
0.000067
0.000017
0.000017
0.000019
0.000019
0.000016
0.000016
0.000019
0.000016
0.000016
0.000018
0.000031
0.000023
0.000015
0.000023
0.000016
0.000016
0.000020
0.000017
0.000017
0.000017
0.000017
0.000020
0.000017
0.000037
0.000032
0.000056
0.000015
0.000015
0.000015
0.000015
0.000016
0.000015
0.000024
0.000023
0.000015
0.000020
0.000020
0.000017
0.000017
0.000016
0.000016
0.000017
0.000017
0.000024
0.000016
0.000019
0.000058
0.000023
0.000019
0.000019
0.000025
0.000019
0.000035
0.000028
0.000032
0.000064
0.000016
0.000016
0.000016
0.000019
0.000025
0.000015
0.000015
0.000015
0.000015
0.000027
0.000030
0.000030
0.000021
0.000090
0.000029
0.000015
0.000019
0.000019
0.000018
0.000018
0.000018
0.000016
0.000016
0.000015
0.000018
0.000031
0.000015
0.000015
0.000015
0.000020
0.000036
0.000022
0.000016
0.000016
0.000016
0.000029
0.000068
0.000047
0.000022
0.000028
0.000026
0.000026
0.000026
0.000026
0.000033
0.000095
0.000043
0.000015
0.000015
0.000022
0.000016
0.000016
0.000090
0.000090
0.000017
0.000020
0.000032
0.000015
0.000044
0.000024
0.000021
0.000019
0.000016
0.000035
0.000028
0.000015
0.000022
0.000015
0.000015
0.000021
0.000027
0.000016
0.000057
0.000018
0.000015
0.000016
0.000023
0.000016
0.000017
0.000017
0.000021
0.000021
0.000021
0.000019
0.000015
0.000019
0.000016
0.000043
0.000017
0.000016
0.000020
0.000023
0.000015
0.000020
0.000020
0.000015
0.000018
0.000018
0.000018
0.000011
0.000014
0.000014
0.000014
0.000018
0.000019
0.000018
0.000018
0.000022
0.000037
0.000019
0.000019
0.000019
0.000018
0.000018
0.000050
0.000016
0.000029
0.000018
0.000021
0.000018
0.000015
0.000016
0.000016
0.000016
0.000019
0.000020
0.000020
0.000020
0.000062
0.000020
0.000015
0.000018
0.000049
0.000049
0.000020
0.000015
0.000015
0.000015
0.000021
0.000055
0.000020
0.000018
0.000027
0.000020
0.000017
0.000043
0.000085
0.000015
0.000015
0.000015
0.000029
0.000032
0.000015
0.000015
0.000015
0.000020
0.000032
0.000015
0.000015
0.000015
0.000015
0.000015
0.000019
0.000027
0.000015
0.000019
0.000046
0.000016
0.000015
0.000018
0.000015
0.000015
0.000015
0.000039
0.000025
0.000019
0.000021
0.000021
0.000023
0.000022
0.000015
0.000016
0.000015
0.000016
0.000016
0.000044
0.000016
0.000016
0.000021
0.000023
0.000021
0.000027
0.000015
0.000015
0.000017
0.000030
0.000032
0.000027
0.000034
0.000016
0.000026
0.000016
0.000016
0.000015
0.000021
0.000017
0.000019
0.000043
0.000015
0.000015
0.000015
0.000015
0.000015
0.000015
0.000015
0.000028
0.000015
0.000021
0.000020
0.000030
0.000015
0.000015
0.000018
0.000018
0.000018
0.000018
0.000018
0.000018
0.000018
0.000018
0.000018
0.000018
0.000016
0.000015
0.000058
0.000015
0.000015
0.000016
0.000016
0.000019
0.000027
0.000027
0.000027
0.000016
0.000016
0.000016
0.000016
0.000022
0.000027
0.000016
0.000025
0.000015
0.000015
0.000016
0.000016
0.000016
0.000016
0.000016
0.000016
0.000016
0.000015
0.000015
0.000015
0.000015
0.000012
0.000026
0.000018
0.000015
0.000015
0.000015
0.000015
0.000015
0.000023
0.000016
0.000016
0.000016
0.000019
0.000022
0.000019
0.000021
0.000019
0.000020
0.000017
0.000015
0.000015
0.000018
0.000020
0.000016
0.000015
0.000015
0.000015
0.000047
0.000015
0.000035
0.000029
0.000043
0.000022
0.000019
0.000016
0.000016
0.000015
0.000015
0.000015
0.000015
0.000015
0.000015
0.000015
0.000015
0.000015
0.000020
0.000020
0.000021
0.000016
0.000016
0.000016
0.000016
0.000048
0.000016
0.000026
0.000018
0.000025
0.000015
0.000015
0.000015
0.000015
0.000019
0.000019
0.000020
0.000020
0.000024
0.000015
0.000017
0.000017
0.000022
0.000017
0.000015
0.000015
0.000021
0.000016
0.000019
0.000019
0.000026
0.000019
0.000022
0.000017
0.000013
0.000017
0.000014
0.000014
0.000014
0.000048
0.000016
0.000019
0.000022
0.000021
0.000016
0.000016
0.000016
0.000022
0.000016
0.000015
0.000018
0.000018
0.000017
0.000018
0.000018
0.000018
0.000015
0.000020
0.000020
0.000020
0.000015
0.000015
0.000019
0.000015
0.000015
0.000019
0.000026
0.000033
0.000016
0.000015
0.000015
0.000015
0.000015
0.000015
0.000027
0.000019
0.000015
0.000021
0.000017
0.000026
0.000015
0.000015
0.000015
0.000015
0.000015
0.000015
0.000019
0.000015
0.000030
0.000015
0.000015
0.000025
0.000015
0.000015
0.000015
0.000021
0.000015
0.000015
0.000015
0.000016
0.000016
0.000030
0.000016
0.000020
0.000016
0.000017
0.000017
0.000020
0.000020
0.000059
0.000015
0.000015
0.000015
0.000015
0.000017
0.000017
0.000017
0.000017
0.000017
0.000020
0.000015
0.000015
0.000018
0.000019
0.000026
0.000016
0.000016
0.000016
0.000016
0.000016
0.000022
0.000020
0.000023
0.000022
0.000020
0.000017
0.000018
0.000018
0.000025
0.000020
0.000017
0.000050
0.000020
0.000020
0.000020
0.000020
0.000019
0.000018
0.000015
0.000015
0.000015
0.000017
0.000022
0.000016
0.000016
0.000015
0.000015
0.000025
0.000025
0.000025
0.000021
0.000017
0.000034
0.000015
0.000018
0.000018
0.000018
0.000020
0.000016
0.000043
0.000015
0.000030
0.000043
0.000019
0.000021
0.000018
0.000018
0.000018
0.000016
0.000016
0.000016
0.000015
0.000027
0.000015
0.000018
0.000018
0.000016
0.000015
0.000018
0.000018
0.000018
0.000096
0.000097
0.000093
0.000043
0.000015
0.000015
0.000015
0.000015
0.000015
0.000015
0.000015
0.000015
0.000027
0.000022
0.000016
0.000016
0.000016
0.000016
0.000020
0.000016
0.000019
0.000015
0.000023
0.000015
0.000026
0.000026
0.000020
0.000015
0.000015
0.000015
0.000019
0.000017
0.000017
0.000052
0.000057
0.000023
0.000018
0.000018
0.000019
0.000018
0.000023
0.000017
0.000017
0.000015
0.000015
0.000015
0.000015
0.000015
0.000030
0.000018
0.000015
0.000015
0.000018
0.000015
0.000015
0.000015
0.000015
0.000015
0.000015
0.000026
0.000017
0.000020
0.000015
0.000015
0.000015
0.000018
0.000015
0.000019
0.000014
0.000014
0.000014
0.000018
0.000012
0.000015
0.000012
0.000012
0.000012
0.000012
0.000012
0.000012
0.000012
0.000012
0.000018
0.000020
0.000015
0.000015
0.000015
0.000019
0.000015
0.000015
0.000015
0.000015
0.000015
0.000015
0.000015
0.000015
0.000016
0.000016
0.000016
0.000068
0.000043
0.000020
0.000018
0.000018
0.000018
0.000018
0.000022
0.000018
0.000018
0.000043
0.000015
0.000015
0.000015
0.000015
0.000016
0.000016
0.000015
0.000015
0.000015
0.000017
0.000017
0.000015
0.000015
0.000015
0.000015
0.000018
0.000016
0.000016
0.000025
0.000025
0.000015
0.000026
0.000015
0.000016
0.000016
0.000016
0.000015
0.000015
0.000015
0.000015
0.000015
0.000015
0.000015
0.000015
0.000015
0.000015
0.000018
0.000067
0.000015
0.000015
0.000016
0.000050
0.000016
0.000016
0.000015
0.000018
0.000021
0.000015
0.000018
0.000018
0.000015
0.000015
0.000018
0.000015
0.000015
0.000015
0.000015
0.000015
0.000024
0.000015
0.000015
0.000015
0.000015
0.000015
0.000015
0.000015
0.000015
0.000015
0.000018
0.000018
0.000018
0.000026
0.000026
0.000014
0.000014
0.000014
0.000014
0.000014
0.000014
0.000014
0.000014
0.000016
0.000016
0.000016
0.000017
0.000017
0.000017
0.000015
0.000018
0.000016
0.000025
0.000025
0.000025
0.000015
0.000015
0.000015
0.000015
0.000015
0.000015
0.000015
0.000038
0.000017
0.000014
0.000014
0.000015
0.000015
0.000015
0.000017
0.000017
0.000020
0.000017
0.000017
0.000017
0.000017
0.000017
0.000017
0.000025
0.000015
0.000031
0.000015
0.000015
0.000018
0.000018
0.000015
0.000015
0.000015
0.000018
0.000016
0.000016
0.000048
0.000016
0.000016
0.000018
0.000015
0.000015
0.000015
0.000018
0.000015
0.000015
0.000015
0.000015
0.000015
0.000015
0.000015
0.000015
0.000015
0.000015
0.000012
0.000012
0.000012
0.000012
0.000012
0.000012
0.000012
0.000012
0.000012
0.000012
0.000012
0.000012
0.000012
0.000012
0.000012
0.000012
0.000012
0.000012
0.000012
0.000012
0.000012
0.000012
0.000012
0.000012
0.000012
0.000012
0.000012
0.000012
0.000012
0.000012
0.000012
0.000012
0.000015
0.000015
0.000015
0.000027
0.000014
0.000015
0.000015
0.000016
0.000046
0.000015
0.000015
0.000015
0.000041
0.000041
0.000015
0.000015
0.000015
0.000015
0.000015
0.000015
0.000017
0.000017
0.000017
0.000017
0.000015
0.000015
0.000015
0.000015
0.000015
0.000015
0.000015
0.000015
0.000015
0.000015
0.000015
0.000015
0.000015
0.000015
0.000015
0.000015
0.000015
0.000015
0.000015
0.000015
0.000015
0.000015
0.000015
0.000015
0.000015
0.000015
0.000020
0.000016
0.000016
0.000015
0.000015
0.000016
0.000016
0.000016
0.000022
0.000016
0.000019
0.000018
0.000029
0.000014
0.000014
0.000014
0.000014
0.000018
0.000016
0.000016
0.000016
0.000014
