0.000029
0.000115
0.000095
0.000081
0.000039
0.000083
0.000039
0.000062
0.000039
0.000103
0.000039
0.000108
0.000039
0.000039
0.000136
0.000106
0.000065
0.000041
0.000029
0.000074
0.000052
0.000060
0.000029
0.000051
0.000050
0.000041
0.000078
0.000041
0.000029
0.000029
0.000158
0.000060
0.000093
0.000039
0.000029
0.000060
0.000211
0.000041
0.000029
0.000103
0.000114
0.000029
0.000084
0.000071
0.000029
0.000029
0.000051
0.000039
0.000058
0.000081
0.000050
0.000981
0.000047
0.000072
0.000238
0.000039
0.000060
0.000071
0.000050
0.000051
0.000060
0.000060
0.000029
0.000176
0.000018
0.000123
0.000113
0.000081
0.000029
0.000071
0.000039
0.000160
0.000145
0.000124
0.000029
0.000029
0.000098
0.000075
0.000711
0.000645
0.000039
0.000050
0.000039
0.000073
0.000051
0.000062
0.000029
0.000062
0.000640
0.000714
0.000901
0.000617
0.000479
0.000756
0.000333
0.000869
0.000860
0.000060
0.000039
0.000039
0.000071
0.000093
0.000163
0.000050
0.000029
0.000029
0.000060
0.000018
0.000029
0.000081
0.000029
0.000029
0.000081
0.000029
0.000050
0.000050
0.000039
0.000171
0.000050
0.000074
0.000039
0.000071
0.000060
0.000039
0.000039
0.000092
0.000062
0.000071
0.000029
0.000063
0.000050
0.000029
0.000029
0.000073
0.000060
0.000029
0.000029
0.000067
0.000039
0.000029
0.000039
0.000029
0.000029
0.000029
0.000060
0.000208
0.000029
0.000072
0.000060
0.000071
0.000842
0.000051
0.000055
0.000072
0.000030
0.000122
0.000030
0.000272
0.000093
0.000103
0.000039
0.000273
0.000092
0.000091
0.000029
0.000062
0.000353
0.000109
0.000063
0.000062
0.000029
0.000099
0.000029
0.000084
0.000072
0.000111
0.000825
0.000103
0.000029
0.000039
0.000039
0.000018
0.000081
0.000053
0.000053
0.000018
0.000029
0.000029
0.000083
0.000053
0.000029
0.000029
0.000050
0.000029
0.000039
0.000071
0.000018
0.000096
0.000039
0.000050
0.000121
0.000106
0.000018
0.000039
0.000071
0.000076
0.000293
0.000029
0.000062
0.000165
0.000039
0.000039
0.000144
0.000029
0.000050
0.000145
0.000039
0.000186
0.000051
0.000072
0.000190
0.000044
0.000062
0.000075
0.000080
0.000039
0.000596
0.000029
0.000029
0.000039
0.000029
0.000039
0.000138
0.000062
0.000072
0.000067
0.000053
0.000103
0.000060
0.000081
0.000039
0.000071
0.000060
0.000062
0.000060
0.000187
0.000029
0.000127
0.000029
0.000081
0.000075
0.000220
0.000029
0.000060
0.000071
0.000029
0.000221
0.000084
0.000030
0.000083
0.000179
0.000038
0.000041
0.000030
0.000102
0.000050
0.000029
0.000148
0.000175
0.000060
0.000071
0.000039
0.000060
0.000039
0.000039
0.000052
0.000135
0.000113
0.000029
0.000073
0.000039
0.000050
0.000039
0.000039
0.000442
0.000051
0.000123
0.000029
0.000072
0.000039
0.000029
0.000060
0.000155
0.000029
0.000104
0.000060
0.000050
0.000060
0.000031
0.000050
0.000105
0.000029
0.000029
0.000029
0.000039
0.000062
0.000238
0.000095
0.000018
0.000077
0.000109
0.000084
0.000060
0.000381
0.000039
0.000039
0.000029
0.000029
0.000113
0.000018
0.000041
0.000030
0.000030
0.000041
0.000209
0.000053
0.000057
0.000074
0.000149
0.000018
0.000029
0.000039
0.000039
0.000084
0.000071
0.000039
0.000060
0.000029
0.000050
0.000029
0.000051
0.000029
0.000036
0.000050
0.000033
0.000094
0.000039
0.000199
0.000051
0.000784
0.000703
0.000986
0.000911
0.000651
0.000788
0.000840
0.001057
0.000018
0.000072
0.000029
0.000081
0.000029
0.000050
0.000073
0.000063
0.000029
0.000029
0.000060
0.000029
0.000029
0.000039
0.000029
0.000120
0.000029
0.000039
0.000071
0.000065
0.000018
0.000052
0.000051
0.000061
0.000041
0.000084
0.000030
0.000074
0.000120
0.000030
0.000789
0.000201
0.000039
0.000092
0.000029
0.000092
0.000106
0.000039
0.000128
0.000072
0.000118
0.000083
0.000050
0.000072
0.000052
0.000060
0.000041
0.000060
0.000166
0.000051
0.000102
0.000018
0.000249
0.000188
0.000041
0.000156
0.000072
0.000030
0.000086
0.000030
0.000093
0.000018
0.000169
0.000050
0.000132
0.000051
0.000029
0.000072
0.000060
0.000056
0.000039
0.000250
0.000072
0.000039
0.000039
0.000060
0.000072
0.000029
0.000093
0.000060
0.000051
0.000039
0.000029
0.000039
0.000051
0.000071
0.000060
0.000071
0.000072
0.000039
0.000104
0.000051
0.000042
0.000060
0.000039
0.000177
0.000083
0.000149
0.000060
0.000098
0.000029
0.000060
0.000068
0.000039
0.000029
0.000029
0.000050
0.000029
0.000029
0.000051
0.000029
0.000041
0.000060
0.000155
0.000051
0.000029
0.000039
0.000039
0.000036
0.000088
0.000051
0.000065
0.000089
0.000197
0.000063
0.000073
0.000050
0.000092
0.000050
0.000050
0.000124
0.000039
0.000029
0.000093
0.000029
0.000081
0.000039
0.000106
0.000206
0.000029
0.000072
0.000029
0.000081
0.000029
0.000045
0.000018
0.000042
0.000041
0.000093
0.000094
0.000093
0.000041
0.000063
0.000069
0.000064
0.000018
0.000029
0.000029
0.000100
0.000050
0.000156
0.000041
0.000029
0.000062
0.000029
0.000123
0.000029
0.000062
0.000081
0.000029
0.000218
0.000203
0.000018
0.000951
0.000825
0.000723
0.000711
0.000846
0.000039
0.000039
0.000039
0.000060
0.000051
0.000073
0.000166
0.000151
0.000029
0.000095
0.000062
0.000053
0.000030
0.000030
0.000166
0.000076
0.000030
0.000018
0.000050
0.000103
0.000088
0.000207
0.000029
0.000039
0.000070
0.000041
0.000093
0.000060
0.000963
0.000511
0.000951
0.000018
0.000177
0.000050
0.000050
0.000109
0.000045
0.000158
0.000029
0.000039
0.000039
0.000051
0.000071
0.000134
0.000039
0.000134
0.000039
0.000065
0.000067
0.000126
0.000029
0.000029
0.000081
0.000052
0.000158
0.000060
0.000039
0.000030
0.000051
0.000030
0.000041
0.000030
0.000030
0.000041
0.000052
0.000029
0.000081
0.000193
0.000066
0.000029
0.000029
0.000165
0.000060
0.000029
0.000065
0.000140
0.000109
0.000029
0.000039
0.000064
0.000029
0.000071
0.000114
0.000221
0.000029
0.000084
0.000029
0.000071
0.000050
0.000029
0.000102
0.000134
0.000041
0.000094
0.000039
0.000073
0.000060
0.000114
0.000094
0.000018
0.000018
0.000373
0.000059
0.000215
0.000229
0.000176
0.000029
0.000103
0.000029
0.000050
0.000062
0.000092
0.000029
0.000055
0.000763
0.000039
0.000041
0.000039
0.000039
0.000081
0.000029
0.000081
0.000126
0.000050
0.000039
0.000029
0.000083
0.000073
0.000018
0.000039
0.000029
0.000029
0.000077
0.000076
0.000039
0.000053
0.000093
0.000093
0.000072
0.000030
0.000083
0.000100
0.000041
0.000041
0.000302
0.000029
0.000039
0.000081
0.000081
0.000071
0.000029
0.000039
0.000155
0.000093
0.000062
0.000029
0.000039
0.000083
0.000072
0.000094
0.000075
0.000066
0.000039
0.000071
0.000051
0.000145
0.000084
0.000071
0.000526
0.000505
0.000270
0.000841
0.000333
0.000473
0.000039
0.000029
0.000039
0.000084
0.000066
0.000081
0.000029
0.000060
0.000102
0.000050
0.000018
0.000119
0.000051
0.000063
0.000092
0.000039
0.000029
0.000097
0.000062
0.000064
0.000029
0.000029
0.000071
0.000029
0.000039
0.000029
0.000029
0.000039
0.000210
0.000018
0.000102
0.000029
0.000029
0.000029
0.000060
0.000060
0.000094
0.000219
0.000029
0.000029
0.000018
0.000542
0.000664
0.000850
0.000579
0.000187
0.000050
0.000034
0.000081
0.000051
0.000029
0.000050
0.000029
0.000070
0.000039
0.000120
0.000046
0.000083
0.000149
0.000093
0.000072
0.000062
0.000050
0.000029
0.000060
0.000136
0.000083
0.000062
0.000039
0.000029
0.000103
0.000060
0.000054
0.000060
0.000094
0.000050
0.000050
0.000144
0.000033
0.000029
0.000029
0.000238
0.000037
0.000049
0.000131
0.000058
0.000238
0.000153
0.000027
0.000089
0.000080
0.000037
0.000027
0.000027
0.000142
0.000039
0.000275
0.000018
0.000257
0.000063
0.000029
0.000293
0.000096
0.000041
0.000039
0.000029
0.000071
0.000165
0.000071
0.000072
0.000050
0.000081
0.000050
0.001082
0.000462
0.000752
0.001063
0.000500
0.000029
0.000029
0.000039
0.000050
0.000029
0.000093
0.000093
0.000075
0.000075
0.000826
0.000732
0.000063
0.000029
0.000114
0.000039
0.000106
0.000092
0.000094
0.000062
0.000060
0.000101
0.000029
0.000042
0.000148
0.000075
0.000032
0.000063
0.000042
0.000129
0.000179
0.000071
0.000094
0.000039
0.000039
0.000062
0.000039
0.000093
0.000029
0.000029
0.000081
0.000039
0.000051
0.000029
0.000134
0.000176
0.000029
0.000094
0.000018
0.000039
0.000029
0.000060
0.000029
0.000060
0.000083
0.000050
0.000072
0.000029
0.000050
0.000083
0.000060
0.000029
0.000188
0.000050
0.000064
0.000039
0.000089
0.000071
0.000062
0.000029
0.000060
0.000030
0.000096
0.000029
0.000039
0.000060
0.000029
0.000095
0.000029
0.000083
0.000039
0.000039
0.000126
0.000029
0.000092
0.000050
0.000062
0.000029
0.000029
0.000050
0.000147
0.000081
0.000093
0.000081
0.000071
0.000029
0.000039
0.000092
0.000018
0.000043
0.000030
0.000063
0.000030
0.000077
0.000167
0.000030
0.000041
0.000050
0.000029
0.000029
0.000051
0.000231
0.000051
0.000060
0.000050
0.000018
0.000072
0.000029
0.000102
0.000039
0.000029
0.000050
0.000050
0.000092
0.000062
0.000062
0.000116
0.000073
0.000072
0.000060
0.000029
0.000029
0.000065
0.000039
0.000029
0.000071
0.000104
0.000094
0.000083
0.000018
0.000041
0.000187
0.000084
0.000075
0.000073
0.000039
0.000071
0.000084
0.000029
0.000039
0.000073
0.000063
0.000030
0.000052
0.000030
0.000030
0.000030
0.000030
0.000030
0.000018
0.000029
0.000050
0.000071
0.000050
0.000181
0.000094
0.000051
0.000063
0.000103
0.000039
0.000093
0.000063
0.000072
0.000087
0.000155
0.000039
0.000039
0.000050
0.000084
0.000052
0.000030
0.000041
0.000030
0.000062
0.000039
0.000071
0.000098
0.000039
0.000062
0.000050
0.000111
0.000103
0.000072
0.000072
0.000039
0.000050
0.000039
0.000087
0.000029
0.000039
0.000030
0.000030
0.000030
0.000106
0.000105
0.000062
0.000052
0.000098
0.000018
0.000106
0.000128
0.000050
0.000039
0.000039
0.000029
0.000522
0.000826
0.000050
0.000087
0.000041
0.000103
0.000081
0.000071
0.000041
0.000039
0.000041
0.000018
0.000144
0.000072
0.000071
0.000050
0.000039
0.000107
0.000039
0.000039
0.000029
0.000051
0.000121
0.000027
0.000081
0.000038
0.000038
0.000048
0.000038
0.000048
0.000038
0.000029
0.000385
0.000952
0.000018
0.000029
0.000060
0.000039
0.000050
0.000042
0.000071
0.000029
0.000039
0.000029
0.000052
0.000060
0.000060
0.000052
0.000039
0.000050
0.000081
0.000039
0.000029
0.000071
0.000039
0.000029
0.000072
0.000050
0.000072
0.000029
0.000029
0.000060
0.000042
0.000029
0.000050
0.000073
0.000029
0.000029
0.000041
0.000029
0.000103
0.000077
0.000039
0.000050
0.000029
0.000114
0.000029
0.000259
0.000039
0.000073
0.000039
0.000043
0.000060
0.000029
0.000060
0.000871
0.000029
0.000029
0.000071
0.000039
0.000029
0.000060
0.000039
0.000051
0.000050
0.000041
0.000081
0.000111
0.000029
0.000050
0.000050
0.000050
0.000055
0.000092
0.000050
0.000293
0.000245
0.000179
0.000083
0.000062
0.000205
0.000081
0.000029
0.000041
0.000051
0.000062
0.000053
0.000075
0.000145
0.000041
0.000023
0.000036
0.000036
0.000088
0.000096
0.000046
0.000066
0.000050
0.000099
0.000103
0.000060
0.000039
0.000050
0.000155
0.000083
0.000050
0.000039
0.000123
0.000018
0.000155
0.000018
0.000039
0.000029
0.000029
0.000039
0.000062
0.000093
0.000092
0.000106
0.000029
0.000063
0.000029
0.000029
0.000029
0.000041
0.000081
0.000029
0.000097
0.000050
0.000029
0.000060
0.000029
0.000029
0.000084
0.000167
0.000081
0.000039
0.000029
0.000050
0.000039
0.000323
0.000039
0.000029
0.000085
0.000051
0.000083
0.000039
0.000093
0.000093
0.000166
0.000029
0.000039
0.000165
0.000062
0.000029
0.000155
0.000050
0.000039
0.000077
0.000032
0.000029
0.000039
0.000029
0.000050
0.000039
0.000050
0.000071
0.000039
0.000041
0.000051
0.000018
0.000029
0.000092
0.000050
0.000029
0.000042
0.000039
0.000029
0.000029
0.000041
0.000041
0.000095
0.000051
0.000091
0.000060
0.000060
0.000060
0.000041
0.000039
0.000092
0.000050
0.000063
0.000071
0.000029
0.000128
0.000050
0.000051
0.000039
0.000029
0.000029
0.000083
0.000029
0.000031
0.000106
0.000062
0.000062
0.000018
0.000060
0.000062
0.000039
0.000062
0.000039
0.000081
0.000078
0.000029
0.000029
0.000029
0.000207
0.000081
0.000060
0.000077
0.000039
0.000029
0.000029
0.000050
0.000029
0.000018
0.000062
0.000097
0.000056
0.000093
0.000071
0.000039
0.000029
0.000039
0.000029
0.000145
0.000092
0.000749
0.000018
0.000029
0.000060
0.000060
0.000080
0.000029
0.000041
0.000091
0.000081
0.000092
0.000029
0.000180
0.000145
0.000060
0.000018
0.000041
0.000052
0.000030
0.000041
0.000030
0.000094
0.000083
0.000027
0.000126
0.000081
0.000050
0.000039
0.000039
0.000039
0.000063
0.000029
0.000062
0.000162
0.000050
0.000123
0.000072
0.000141
0.000039
0.000029
0.000062
0.000041
0.000030
0.000041
0.000030
0.000056
0.000041
0.000093
0.000063
0.000087
0.000062
0.000115
0.000030
0.000030
0.000030
0.000073
0.000645
0.000077
0.000041
0.000029
0.000188
0.000044
0.000041
0.000053
0.000114
0.000071
0.000081
0.000060
0.000071
0.000084
0.000114
0.000092
0.000063
0.000103
0.000051
0.000043
0.000030
0.000062
0.000041
0.000030
0.000972
0.000018
0.000113
0.000140
0.000071
0.000030
0.000131
0.000043
0.000081
0.000030
0.000085
0.000089
0.000072
0.000041
0.000062
0.000041
0.000030
0.000029
0.000029
0.000029
0.000124
0.000029
0.000072
0.000018
0.000039
0.000029
0.000029
0.000081
0.000060
0.000092
0.000039
0.000059
0.000187
0.000051
0.000030
0.000177
0.000177
0.000041
0.000158
0.000018
0.000029
0.000071
0.000102
0.000039
0.000178
0.000081
0.000029
0.000135
0.000057
0.000187
0.000050
0.000060
0.000029
0.000060
0.000018
0.000081
0.000109
0.000065
0.000096
0.000066
0.000018
0.000155
0.000018
0.000062
0.000081
0.000081
0.000141
0.000084
0.000176
0.000116
0.000083
0.000079
0.000194
0.000039
0.000165
0.000093
0.000029
0.000079
0.000070
0.000029
0.000051
0.000029
0.000220
0.000134
0.000060
0.000062
0.000072
0.000039
0.000107
0.000039
0.000127
0.000093
0.000310
0.000029
0.000062
0.000093
0.000059
0.000048
0.000079
0.000096
0.000083
0.000084
0.000144
0.000018
0.000429
0.000110
0.000062
0.000029
0.000060
0.000051
0.000039
0.000050
0.000041
0.000084
0.000085
0.000141
0.000072
0.000072
0.000029
0.000060
0.000376
0.000062
0.000029
0.000039
0.000051
0.000029
0.000039
0.000105
0.000103
0.000029
0.000039
0.000236
0.000018
0.000145
0.000065
0.000134
0.000387
0.000063
0.000073
0.000050
0.000029
0.000029
0.000076
0.000059
0.000029
0.000077
0.000081
0.000018
0.000071
0.000039
0.000124
0.000029
0.000041
0.000029
0.000050
0.000097
0.000018
0.000029
0.000039
0.000041
0.000039
0.000029
0.000029
0.000029
0.000065
0.000052
0.000060
0.000123
0.000325
0.000639
0.000030
0.000156
0.000084
0.000103
0.000178
0.000124
0.000029
0.000093
0.000039
0.000086
0.000081
0.000127
0.000050
0.000050
0.000060
0.000068
0.000041
0.000072
0.000041
0.000094
0.000140
0.000051
0.000018
0.000029
0.000029
0.000039
0.000039
0.000241
0.000029
0.000039
0.000085
0.000081
0.000094
0.000064
0.000030
0.000063
0.000030
0.000043
0.000083
0.000093
0.000050
0.000166
0.000092
0.000060
0.000062
0.000102
0.000029
0.000070
0.000039
0.000050
0.000050
0.000062
0.000051
0.000096
0.000029
0.000029
0.000052
0.000060
0.000083
0.000051
0.000250
0.000018
0.000039
0.000039
0.000039
0.000039
0.000231
0.000051
0.000029
0.000051
0.000079
0.000029
0.000029
0.000039
0.000097
0.000060
0.000108
0.000066
0.000063
0.000071
0.000093
0.000097
0.000062
0.000094
0.000135
0.000029
0.000062
0.000109
0.000137
0.000029
0.000085
0.000029
0.000093
0.000050
0.000029
0.000071
0.000039
0.000314
0.000018
0.000029
0.000100
0.000092
0.000103
0.000018
0.000123
0.000052
0.000018
0.000051
0.000051
0.000051
0.000030
0.000030
0.000030
0.000062
0.000029
0.000072
0.000039
0.000072
0.000093
0.000075
0.000072
0.000039
0.000050
0.000029
0.000029
0.000039
0.000230
0.000074
0.000029
0.000060
0.000041
0.000081
0.000060
0.000039
0.000029
0.000039
0.000060
0.000043
0.000087
0.000029
0.000050
0.000029
0.000064
0.000165
0.000029
0.000099
0.000157
0.000029
0.000081
0.000134
0.000081
0.000201
0.000029
0.000085
0.000060
0.000081
0.000039
0.000134
0.000072
0.000081
0.000021
0.000207
0.000029
0.000052
0.000039
0.000270
0.000039
0.000039
0.000039
0.000060
0.000081
0.000052
0.000062
0.000039
0.000029
0.000060
0.000060
0.000039
0.000039
0.000050
0.000039
0.000039
0.000155
0.000117
0.000165
0.000039
0.000029
0.000029
0.000156
0.000050
0.000100
0.000060
0.000029
0.000092
0.000062
0.000039
0.000039
0.000018
0.000123
0.000018
0.000060
0.000050
0.000039
0.000106
0.000105
0.000050
0.000041
0.000029
0.000135
0.000029
0.000081
0.000201
0.000029
0.000041
0.000029
0.000081
0.000096
0.000060
0.000073
0.000078
0.000029
0.000187
0.000165
0.000020
0.000039
0.000050
0.000050
0.000029
0.000062
0.000029
0.000199
0.000073
0.000050
0.000039
0.000039
0.000065
0.000094
0.000029
0.000051
0.000018
0.000286
0.000042
0.000093
0.000029
0.000113
0.000029
0.000178
0.000049
0.000039
0.000060
0.000029
0.000029
0.000094
0.000018
0.000166
0.000018
0.000039
0.000029
0.000041
0.000051
0.000029
0.000029
0.000479
0.000039
0.000051
0.000060
0.000084
0.000018
0.000065
0.000062
0.000050
0.000083
0.000062
0.000039
0.000113
0.000029
0.000050
0.000085
0.000050
0.000134
0.000039
0.000259
0.000029
0.000064
0.000039
0.000145
0.000060
0.000029
0.000039
0.000039
0.000029
0.000056
0.000039
0.000050
0.000041
0.000029
0.000060
0.000050
0.000060
0.000071
0.000041
0.000041
0.000030
0.000145
0.000062
0.000030
0.000041
0.000063
0.000056
0.000051
0.000155
0.000018
0.000050
0.000029
0.000137
0.000039
0.000071
0.000041
0.000029
0.000083
0.000039
0.000092
0.000169
0.000029
0.000041
0.000072
0.000085
0.000066
0.000063
0.000117
0.000084
0.000106
0.000036
0.000042
0.000018
0.000054
0.000033
0.000077
0.000159
0.000182
0.000078
0.000018
0.000029
0.000093
0.000029
0.000029
0.000029
0.000039
0.000156
0.000029
0.000106
0.000039
0.000071
0.000029
0.000029
0.000050
0.000073
0.000062
0.000060
0.000039
0.000095
0.000072
0.000062
0.000018
0.000030
0.000041
0.000030
0.000030
0.000072
0.000030
0.000060
0.000039
0.000153
0.000081
0.000029
0.000029
0.000018
0.000060
0.000039
0.000050
0.000039
0.000029
0.000039
0.000051
0.000045
0.000051
0.000018
0.000039
0.000062
0.000050
0.000050
0.000050
0.000039
0.000231
0.000039
0.000064
0.000071
0.000050
0.000029
0.000094
0.000029
0.000039
0.000083
0.000075
0.000168
0.000072
0.000051
0.000041
0.000030
0.000030
0.000051
0.000039
0.000050
0.000114
0.000050
0.000039
0.000060
0.000102
0.000018
0.000039
0.000041
0.000041
0.000029
0.000018
0.000039
0.000039
0.000029
0.000144
0.000029
0.000029
0.000039
0.000018
0.000084
0.000041
0.000083
0.000030
0.000030
0.000018
0.000123
0.000030
0.000051
0.000134
0.000029
0.000072
0.000050
0.000052
0.000050
0.000110
0.000030
0.000092
0.000039
0.000051
0.000060
0.000029
0.000029
0.000070
0.000156
0.000039
0.000018
0.000039
0.000060
0.000029
0.000071
0.000029
0.000029
0.000051
0.000029
0.000050
0.000051
0.000029
0.000062
0.000039
0.000039
0.000057
0.000039
0.000114
0.000134
0.000084
0.000056
0.000217
0.000086
0.000029
0.000129
0.000039
0.000041
0.000039
0.000029
0.000051
0.000051
0.000039
0.000050
0.000150
0.000050
0.000062
0.000050
0.000089
0.000068
0.000060
0.000039
0.000039
0.000072
0.000039
0.000029
0.000052
0.000107
0.000041
0.000029
0.000068
0.000071
0.000029
0.000029
0.000029
0.000050
0.000176
0.000039
0.000041
0.000075
0.000062
0.000087
0.000062
0.000065
0.000094
0.000030
0.000030
0.000053
0.000233
0.000039
0.000050
0.000029
0.000029
0.000050
0.000072
0.000155
0.000029
0.000050
0.000088
0.000060
0.000083
0.000039
0.000050
0.000072
0.000054
0.000039
0.000041
0.000060
0.000050
0.000176
0.000029
0.000029
0.000039
0.000039
0.000029
0.000029
0.000060
0.000078
0.000029
0.000044
0.000050
0.000050
0.000060
0.000029
0.000029
0.000050
0.000071
0.000107
0.000103
0.000095
0.000030
0.000051
0.000074
0.000062
0.000053
0.000050
0.000062
0.000050
0.000051
0.000029
0.000073
0.000060
0.000188
0.000094
0.000148
0.000063
0.000057
0.000072
0.000284
0.000062
0.000029
0.000073
0.000091
0.000051
0.000068
0.000073
0.000030
0.000060
0.000084
0.000072
0.000060
0.000039
0.000062
0.000029
0.000039
0.000094
0.000093
0.000039
0.000051
0.000029
0.000039
0.000071
0.000094
0.000134
0.000156
0.000060
0.000071
0.000148
0.000029
0.000029
0.000039
0.000083
0.000018
0.000123
0.000039
0.000050
0.000050
0.000068
0.000198
0.000052
0.000030
0.000041
0.000030
0.000067
0.000112
0.000051
0.000039
0.000051
0.000029
0.000039
0.000039
0.000176
0.000076
0.000051
0.000045
0.000030
0.000289
0.000030
0.000029
0.000144
0.000041
0.000050
0.000029
0.000071
0.000029
0.000137
0.000050
0.000199
0.000064
0.000123
0.000081
0.000083
0.000092
0.000060
0.000320
0.000067
0.000078
0.000065
0.000050
0.000039
0.000039
0.000029
0.000107
0.000029
0.000029
0.000029
0.000029
0.000029
0.000051
0.000060
0.000039
0.000039
0.000039
0.000081
0.000039
0.000029
0.000201
0.000029
0.000029
0.000029
0.000029
0.000050
0.000071
0.000072
0.000039
0.000078
0.000087
0.000051
0.000071
0.000039
0.000058
0.000029
0.000029
0.000063
0.000088
0.000041
0.000029
0.000060
0.000084
0.000050
0.000050
0.000029
0.000114
0.000039
0.000045
0.000031
0.000050
0.000050
0.000060
0.000050
0.000039
0.000050
0.000123
0.000051
0.000050
0.000039
0.000062
0.000029
0.000060
0.000134
0.000077
0.000051
0.000062
0.000039
0.000084
0.000041
0.000029
0.000052
0.000101
0.000029
0.000197
0.000029
0.000149
0.000041
0.000119
0.000071
0.000093
0.000221
0.000054
0.000073
0.000029
0.000050
0.000137
0.000083
0.000065
0.000071
0.000050
0.000039
0.000039
0.000103
0.000029
0.000051
0.000029
0.000029
0.000060
0.000107
0.000144
0.000029
0.000060
0.000039
0.000041
0.000050
0.000083
0.000039
0.000127
0.000030
0.000351
0.000030
0.000070
0.000062
0.000101
0.000076
0.000078
0.000060
0.000060
0.000051
0.000093
0.000029
0.000103
0.000072
0.000029
0.000134
0.000029
0.000071
0.000039
0.000054
0.000094
0.000130
0.000105
0.000064
0.000053
0.000060
0.000071
0.000072
0.000086
0.000113
0.000060
0.000093
0.000029
0.000068
0.000188
0.000029
0.000039
0.000088
0.000060
0.000029
0.000039
0.000050
0.000085
0.000054
0.000145
0.000165
0.000039
0.000083
0.000029
0.000039
0.000081
0.000123
0.000114
0.000039
0.000041
0.000029
0.000092
0.000071
0.000051
0.000084
0.000063
0.000029
0.000039
0.000039
0.000054
0.000075
0.000050
0.000029
0.000039
0.000071
0.000085
0.000039
0.000039
0.000039
0.000050
0.000081
0.000081
0.000065
0.000075
0.000095
0.000190
0.000030
0.000062
0.000074
0.000063
0.000078
0.000041
0.000041
0.000069
0.000084
0.000029
0.000087
0.000039
0.000031
0.000029
0.000051
0.000115
0.000072
0.000099
0.000041
0.000041
0.000073
0.000060
0.000057
0.000039
0.000039
0.000060
0.000039
0.000060
0.000029
0.000083
0.000051
0.000050
0.000060
0.000029
0.000135
0.000093
0.000052
0.000071
0.000166
0.000072
0.000041
0.000041
0.000030
0.000030
0.000041
0.000049
0.000030
0.000100
0.000050
0.000060
0.000111
0.000051
0.000059
0.000051
0.000029
0.000081
0.000071
0.000181
0.000073
0.000081
0.000054
0.000062
0.000029
0.000051
0.000102
0.000050
0.000103
0.000030
0.000041
0.000072
0.000078
0.000029
0.000029
0.000029
0.000081
0.000039
0.000029
0.000138
0.000039
0.000029
0.000050
0.000157
0.000050
0.000111
0.000029
0.000034
0.000029
0.000071
0.000214
0.000029
0.000054
0.000127
0.000051
0.000073
0.000073
0.000062
0.000046
0.000042
0.000030
0.000051
0.000030
0.000063
0.000067
0.000029
0.000050
0.000050
0.000062
0.000051
0.000084
0.000071
0.000118
0.000134
0.000029
0.000050
0.000045
0.000093
0.000060
0.000039
0.000081
0.000136
0.000050
0.000042
0.000029
0.000098
0.000084
0.000032
0.000079
0.000063
0.000089
0.000029
0.000039
0.000068
0.000093
0.000029
0.000072
0.000078
0.000039
0.000029
0.000106
0.000060
0.000063
0.000029
0.000072
0.000050
0.000060
0.000029
0.000075
0.000051
0.000029
0.000050
0.000029
0.000039
0.000029
0.000039
0.000044
0.000029
0.000030
0.000041
0.000126
0.000055
0.000097
0.000144
0.000072
0.000199
0.000039
0.000074
0.000176
0.000041
0.000039
0.000072
0.000041
0.000029
0.000039
0.000029
0.000041
0.000053
0.000029
0.000050
0.000029
0.000156
0.000029
0.000060
0.000051
0.000075
0.000113
0.000029
0.000081
0.000060
0.000051
0.000062
0.000113
0.000111
0.000029
0.000029
0.000050
0.000039
0.000039
0.000045
0.000032
0.000196
0.000136
0.000075
0.000042
0.000094
0.000029
0.000039
0.000045
0.000029
0.000081
0.000041
0.000039
0.000039
0.000073
0.000062
0.000029
0.000029
0.000092
0.000157
0.000138
0.000029
0.000077
0.000051
0.000039
0.000093
0.000054
0.000030
0.000052
0.000062
0.000106
0.000063
0.000030
0.000178
0.000041
0.000041
0.000077
0.000084
0.000053
0.000115
0.000042
0.000063
0.000039
0.000212
0.000031
0.000029
0.000041
0.000029
0.000029
0.000081
0.000124
0.000051
0.000024
0.000045
0.000035
0.000037
0.000024
0.000035
0.000039
0.000044
0.000029
0.000050
0.000051
0.000156
0.000103
0.000052
0.000030
0.000080
0.000106
0.000054
0.000086
0.000039
0.000029
0.000088
0.000089
0.000050
0.000051
0.000088
0.000088
0.000048
0.000060
0.000032
0.000029
0.000029
0.000041
0.000029
0.000034
0.000083
0.000050
0.000072
0.000029
0.000029
0.000029
0.000050
0.000062
0.000029
0.000071
0.000029
0.000041
0.000076
0.000039
0.000029
0.000029
0.000029
0.000064
0.000029
0.000208
0.000062
0.000105
0.000062
0.000123
0.000029
0.000043
0.000050
0.000029
0.000053
0.000030
0.000120
0.000030
0.000030
0.000083
0.000050
0.000068
0.000073
0.000065
0.000068
0.000029
0.000063
0.000051
0.000050
0.000029
0.000029
0.000051
0.000029
0.000094
0.000060
0.000031
0.000255
0.000029
0.000071
0.000051
0.000039
0.000071
0.000074
0.000039
0.000369
0.000039
0.000155
0.000129
0.000094
0.000062
0.000088
0.000029
0.000072
0.000071
0.000039
0.000105
0.000060
0.000062
0.000029
0.000099
0.000051
0.000029
0.000093
0.000051
0.000034
0.000030
0.000128
0.000041
0.000073
0.000131
0.000029
0.000086
0.000050
0.000029
0.000062
0.000083
0.000041
0.000075
0.000050
0.000039
0.000039
0.000087
0.000124
0.000072
0.000072
0.000050
0.000029
0.000050
0.000132
0.000081
0.000165
0.000072
0.000029
0.000029
0.000039
0.000029
0.000029
0.000041
0.000030
0.000041
0.000052
0.000030
0.000062
0.000051
0.000051
0.000073
0.000033
0.000041
0.000275
0.000045
0.000062
0.000029
0.000060
0.000029
0.000051
0.000083
0.000029
0.000113
0.000081
0.000073
0.000029
0.000060
0.000039
0.000106
0.000060
0.000063
0.000029
0.000039
0.000039
0.000029
0.000029
0.000039
0.000029
0.000029
0.000039
0.000072
0.000029
0.000050
0.000050
0.000029
0.000081
0.000072
0.000039
0.000029
0.000092
0.000029
0.000029
0.000063
0.000050
0.000051
0.000029
0.000092
0.000146
0.000093
0.000100
0.000046
0.000091
0.000059
0.000026
0.000026
0.000060
0.000057
0.000063
0.000064
0.000021
0.000088
0.000021
0.000086
0.000053
0.000100
0.000031
0.000097
0.000042
0.000090
0.000031
0.000021
0.000042
0.000070
0.000031
0.000031
0.000031
0.000038
0.000051
0.000032
0.000052
0.000029
0.000046
0.000041
0.000145
0.000033
0.000107
0.000023
0.000052
0.000023
0.000023
0.000128
0.000055
0.000023
0.000023
0.000054
0.000149
0.000180
0.000029
0.000051
0.000041
0.000041
0.000029
0.000029
0.000062
0.000029
0.000039
0.000062
0.000041
0.000060
0.000072
0.000072
0.000056
0.000041
0.000039
0.000029
0.000029
0.000029
0.000029
0.000029
0.000029
0.000029
0.000081
0.000029
0.000050
0.000087
0.000029
0.000029
0.000050
0.000029
0.000050
0.000134
0.000258
0.000029
0.000039
0.000166
0.000081
0.000050
0.000062
0.000039
0.000029
0.000050
0.000060
0.000072
0.000041
0.000029
0.000162
0.000025
0.000049
0.000048
0.000059
0.000057
0.000144
0.000067
0.000061
0.000045
0.000029
0.000062
0.000135
0.000067
0.000030
0.000065
0.000156
0.000029
0.000067
0.000046
0.000059
0.000067
0.000025
0.000079
0.000029
0.000051
0.000039
0.000029
0.000029
0.000054
0.000039
0.000071
0.000071
0.000029
0.000060
0.000063
0.000062
0.000058
0.000086
0.000050
0.000029
0.000060
0.000060
0.000039
0.000044
0.000039
0.000094
0.000029
0.000041
0.000050
0.000072
0.000050
0.000081
0.000029
0.000050
0.000039
0.000070
0.000051
0.000060
0.000079
0.000039
0.000029
0.000144
0.000029
0.000062
0.000041
0.000072
0.000083
0.000050
0.000109
0.000050
0.000071
0.000062
0.000029
0.000029
0.000039
0.000060
0.000050
0.000072
0.000056
0.000029
0.000042
0.000155
0.000041
0.000077
0.000051
0.000039
0.000029
0.000060
0.000041
0.000051
0.000166
0.000083
0.000039
0.000081
0.000029
0.000029
0.000060
0.000072
0.000124
0.000041
0.000029
0.000160
0.000029
0.000092
0.000029
0.000029
0.000029
0.000050
0.000039
0.000053
0.000083
0.000039
0.000094
0.000029
0.000050
0.000041
0.000083
0.000076
0.000094
0.000050
0.000029
0.000050
0.000072
0.000051
0.000039
0.000128
0.000039
0.000029
0.000050
0.000029
0.000030
0.000030
0.000084
0.000030
0.000030
0.000030
0.000051
0.000030
0.000030
0.000044
0.000062
0.000073
0.000094
0.000041
0.000043
0.000050
0.000066
0.000072
0.000050
0.000041
0.000039
0.000039
0.000063
0.000030
0.000030
0.000030
0.000030
0.000030
0.000030
0.000041
0.000030
0.000161
0.000063
0.000051
0.000029
0.000039
0.000060
0.000029
0.000081
0.000115
0.000123
0.000029
0.000039
0.000054
0.000060
0.000039
0.000033
0.000127
0.000050
0.000039
0.000029
0.000057
0.000059
0.000029
0.000029
0.000029
0.000081
0.000050
0.000385
0.000054
0.000041
0.000029
0.000029
0.000071
0.000029
0.000134
0.000078
0.000050
0.000030
0.000030
0.000107
0.000030
0.000029
0.000095
0.000029
0.000039
0.000154
0.000198
0.000032
0.000029
0.000060
0.000244
0.000050
0.000045
0.000134
0.000039
0.000071
0.000071
0.000060
0.000050
0.000029
0.000041
0.000050
0.000026
0.000121
0.000026
0.000026
0.000047
0.000026
0.000187
0.000036
0.000063
0.000029
0.000081
0.000137
0.000144
0.000029
0.000041
0.000084
0.000062
0.000093
0.000063
0.000071
0.000050
0.000071
0.000050
0.000039
0.000062
0.000050
0.000039
0.000060
0.000072
0.000029
0.000050
0.000049
0.000093
0.000029
0.000039
0.000155
0.000029
0.000029
0.000030
0.000041
0.000030
0.000030
0.000052
0.000041
0.000041
0.000033
0.000029
0.000050
0.000060
0.000145
0.000029
0.000039
0.000062
0.000039
0.000045
0.000102
0.000039
0.000029
0.000029
0.000039
0.000029
0.000029
0.000029
0.000029
0.000039
0.000050
0.000283
0.000029
0.000259
0.000029
0.000029
0.000029
0.000029
0.000050
0.000073
0.000039
0.000060
0.000060
0.000029
0.000029
0.000212
0.000054
0.000029
0.000039
0.000029
0.000062
0.000090
0.000029
0.000090
0.000060
0.000029
0.000079
0.000071
0.000316
0.000030
0.000074
0.000063
0.000077
0.000071
0.000039
0.000041
0.000060
0.000060
0.000029
0.000064
0.000176
0.000029
0.000029
0.000050
0.000060
0.000042
0.000029
0.000029
0.000029
0.000029
0.000029
0.000132
0.000039
0.000039
0.000039
0.000029
0.000029
0.000039
0.000050
0.000062
0.000072
0.000050
0.000103
0.000029
0.000073
0.000050
0.000029
0.000039
0.000050
0.000066
0.000064
0.000055
0.000042
0.000060
0.000029
0.000050
0.000039
0.000050
0.000029
0.000029
0.000029
0.000096
0.000039
0.000039
0.000030
0.000041
0.000093
0.000051
0.000052
0.000029
0.000029
0.000062
0.000177
0.000042
0.000064
0.000030
0.000051
0.000030
0.000364
0.000080
0.000050
0.000071
0.000051
0.000050
0.000148
0.000041
0.000030
0.000060
0.000051
0.000072
0.000060
0.000039
0.000029
0.000102
0.000029
0.000071
0.000029
0.000073
0.000039
0.000029
0.000039
0.000062
0.000029
0.000092
0.000092
0.000060
0.000039
0.000050
0.000050
0.000039
0.000085
0.000039
0.000029
0.000050
0.000039
0.000029
0.000050
0.000039
0.000029
0.000029
0.000060
0.000052
0.000050
0.000050
0.000044
0.000029
0.000060
0.000103
0.000071
0.000156
0.000060
0.000060
0.000029
0.000029
0.000073
0.000127
0.000065
0.000046
0.000076
0.000029
0.000029
0.000029
0.000103
0.000029
0.000126
0.000029
0.000062
0.000029
0.000029
0.000042
0.000084
0.000050
0.000029
0.000062
0.000072
0.000039
0.000050
0.000072
0.000029
0.000029
0.000045
0.000060
0.000062
0.000039
0.000039
0.000029
0.000050
0.000039
0.000029
0.000029
0.000197
0.000034
0.000041
0.000039
0.000041
0.000039
0.000133
0.000144
0.000060
0.000041
0.000050
0.000063
0.000029
0.000039
0.000060
0.000092
0.000062
0.000029
0.000145
0.000029
0.000039
0.000039
0.000029
0.000057
0.000029
0.000050
0.000029
0.000039
0.000051
0.000057
0.000036
0.000059
0.000076
0.000052
0.000116
0.000029
0.000029
0.000071
0.000060
0.000050
0.000051
0.000075
0.000057
0.000062
0.000041
0.000050
0.000062
0.000039
0.000050
0.000060
0.000039
0.000050
0.000029
0.000029
0.000050
0.000053
0.000094
0.000060
0.000052
0.000041
0.000030
0.000156
0.000030
0.000036
0.000051
0.000029
0.000029
0.000029
0.000039
0.000029
0.000092
0.000144
0.000051
0.000030
0.000098
0.000071
0.000075
0.000039
0.000041
0.000042
0.000039
0.000039
0.000073
0.000029
0.000050
0.000029
0.000060
0.000050
0.000029
0.000039
0.000071
0.000041
0.000029
0.000190
0.000062
0.000039
0.000050
0.000051
0.000144
0.000188
0.000050
0.000029
0.000029
0.000029
0.000041
0.000071
0.000066
0.000029
0.000041
0.000039
0.000039
0.000165
0.000060
0.000124
0.000029
0.000029
0.000071
0.000088
0.000029
0.000033
0.000029
0.000039
0.000050
0.000123
0.000039
0.000050
0.000219
0.000029
0.000029
0.000029
0.000050
0.000050
0.000039
0.000050
0.000060
0.000029
0.000041
0.000029
0.000109
0.000029
0.000071
0.000060
0.000083
0.000060
0.000039
0.000127
0.000071
0.000039
0.000050
0.000062
0.000092
0.000071
0.000062
0.000071
0.000029
0.000029
0.000126
0.000045
0.000045
0.000039
0.000029
0.000052
0.000060
0.000041
0.000039
0.000071
0.000029
0.000050
0.000044
0.000029
0.000123
0.000029
0.000029
0.000060
0.000060
0.000039
0.000051
0.000084
0.000060
0.000060
0.000050
0.000054
0.000064
0.000073
0.000029
0.000053
0.000188
0.000029
0.000050
0.000029
0.000029
0.000051
0.000134
0.000186
0.000029
0.000144
0.000060
0.000083
0.000041
0.000030
0.000062
0.000030
0.000041
0.000053
0.000058
0.000029
0.000029
0.000029
0.000029
0.000039
0.000039
0.000053
0.000022
0.000044
0.000033
0.000033
0.000022
0.000057
0.000067
0.000022
0.000022
0.000171
0.000064
0.000073
0.000054
0.000096
0.000073
0.000054
0.000039
0.000029
0.000105
0.000094
0.000060
0.000029
0.000029
0.000093
0.000083
0.000039
0.000084
0.000041
0.000134
0.000044
0.000039
0.000039
0.000050
0.000072
0.000039
0.000072
0.000050
0.000029
0.000039
0.000041
0.000051
0.000050
0.000050
0.000039
0.000071
0.000071
0.000071
0.000039
0.000050
0.000029
0.000039
0.000050
0.000071
0.000051
0.000029
0.000060
0.000094
0.000054
0.000060
0.000123
0.000123
0.000050
0.000050
0.000050
0.000062
0.000029
0.000029
0.000070
0.000084
0.000029
0.000050
0.000095
0.000072
0.000029
0.000039
0.000029
0.000081
0.000029
0.000039
0.000078
0.000029
0.000030
0.000030
0.000042
0.000029
0.000039
0.000051
0.000039
0.000291
0.000029
0.000081
0.000029
0.000093
0.000054
0.000029
0.000050
0.000029
0.000030
0.000030
0.000043
0.000030
0.000029
0.000029
0.000029
0.000071
0.000051
0.000029
0.000029
0.000062
0.000050
0.000054
0.000044
0.000083
0.000050
0.000041
0.000041
0.000042
0.000039
0.000031
0.000051
0.000030
0.000051
0.000041
0.000041
0.000021
0.000042
0.000168
0.000043
0.000043
0.000127
0.000062
0.000021
0.000042
0.000084
0.000021
0.000021
0.000021
0.000054
0.000055
0.000021
0.000031
0.000021
0.000021
0.000063
0.000031
0.000033
0.000042
0.000050
0.000060
0.000039
0.000060
0.000050
0.000029
0.000029
0.000029
0.000050
0.000039
0.000050
0.000042
0.000050
0.000039
0.000039
0.000051
0.000060
0.000041
0.000039
0.000050
0.000029
0.000050
0.000060
0.000157
0.000043
0.000072
0.000030
0.000052
0.000041
0.000039
0.000029
0.000144
0.000144
0.000029
0.000029
0.000094
0.000029
0.000071
0.000039
0.000150
0.000062
0.000072
0.000029
0.000029
0.000029
0.000029
0.000029
0.000029
0.000029
0.000029
0.000029
0.000029
0.000060
0.000039
0.000039
0.000039
0.000050
0.000041
0.000029
0.000071
0.000123
0.000029
0.000029
0.000050
0.000186
0.000029
0.000029
0.000029
0.000029
0.000050
0.000039
0.000029
0.000071
0.000054
0.000029
0.000029
0.000123
0.000134
0.000123
0.000039
0.000063
0.000029
0.000050
0.000060
0.000029
0.000176
0.000029
0.000029
0.000029
0.000039
0.000039
0.000044
0.000054
0.000123
0.000033
0.000054
0.000156
0.000138
0.000029
0.000062
0.000144
0.000029
0.000060
0.000039
0.000051
0.000072
0.000051
0.000050
0.000084
0.000086
0.000041
0.000123
0.000051
0.000030
0.000042
0.000030
0.000051
0.000042
0.000030
0.000030
0.000041
0.000041
0.000066
0.000062
0.000044
0.000053
0.000032
0.000123
0.000029
0.000062
0.000029
0.000029
0.000029
0.000029
0.000029
0.000039
0.000081
0.000029
0.000029
0.000029
0.000041
0.000075
0.000052
0.000062
0.000029
0.000084
0.000039
0.000029
0.000029
0.000063
0.000092
0.000029
0.000039
0.000039
0.000050
0.000029
0.000029
0.000081
0.000029
0.000060
0.000050
0.000029
0.000029
0.000029
0.000039
0.000063
0.000094
0.000029
0.000155
0.000078
0.000071
0.000081
0.000039
0.000051
0.000039
0.000050
0.000155
0.000050
0.000156
0.000039
0.000029
0.000029
0.000075
0.000060
0.000029
0.000030
0.000051
0.000030
0.000030
0.000041
0.000063
0.000060
0.000060
0.000051
0.000050
0.000050
0.000039
0.000029
0.000029
0.000050
0.000060
0.000029
0.000071
0.000029
0.000051
0.000039
0.000029
0.000029
0.000060
0.000050
0.000032
0.000062
0.000030
0.000039
0.000050
0.000041
0.000029
0.000041
0.000075
0.000039
0.000029
0.000050
0.000144
0.000029
0.000029
0.000034
0.000039
0.000084
0.000029
0.000042
0.000062
0.000050
0.000050
0.000076
0.000029
0.000054
0.000029
0.000060
0.000029
0.000050
0.000039
0.000059
0.000218
0.000039
0.000029
0.000096
0.000061
0.000039
0.000050
0.000050
0.000029
0.000029
0.000081
0.000060
0.000081
0.000071
0.000050
0.000051
0.000047
0.000032
0.000030
0.000102
0.000181
0.000029
0.000060
0.000060
0.000029
0.000029
0.000029
0.000029
0.000051
0.000067
0.000029
0.000039
0.000134
0.000071
0.000065
0.000051
0.000029
0.000052
0.000050
0.000041
0.000050
0.000041
0.000041
0.000030
0.000029
0.000029
0.000039
0.000029
0.000050
0.000071
0.000039
0.000077
0.000056
0.000039
0.000050
0.000029
0.000072
0.000042
0.000029
0.000063
0.000064
0.000030
0.000030
0.000184
0.000030
0.000042
0.000046
0.000041
0.000029
0.000029
0.000086
0.000041
0.000084
0.000020
0.000020
0.000054
0.000020
0.000020
0.000020
0.000020
0.000056
0.000020
0.000041
0.000073
0.000031
0.000052
0.000020
0.000081
0.000045
0.000138
0.000076
0.000039
0.000039
0.000050
0.000071
0.000050
0.000063
0.000041
0.000030
0.000042
0.000029
0.000029
0.000029
0.000072
0.000045
0.000029
0.000094
0.000029
0.000029
0.000039
0.000039
0.000029
0.000115
0.000134
0.000050
0.000060
0.000072
0.000029
0.000029
0.000039
0.000029
0.000039
0.000134
0.000097
0.000030
0.000030
0.000064
0.000030
0.000051
0.000050
0.000144
0.000029
0.000062
0.000029
0.000032
0.000060
0.000029
0.000039
0.000029
0.000029
0.000118
0.000029
0.000029
0.000030
0.000072
0.000030
0.000094
0.000051
0.000039
0.000052
0.000029
0.000105
0.000105
0.000029
0.000029
0.000029
0.000063
0.000030
0.000042
0.000030
0.000055
0.000029
0.000029
0.000033
0.000050
0.000029
0.000029
0.000062
0.000050
0.000057
0.000062
0.000029
0.000031
0.000029
0.000029
0.000029
0.000041
0.000039
0.000081
0.000176
0.000156
0.000060
0.000039
0.000029
0.000039
0.000029
0.000041
0.000097
0.000039
0.000029
0.000090
0.000072
0.000029
0.000222
0.000039
0.000029
0.000029
0.000155
0.000039
0.000095
0.000034
0.000134
0.000159
0.000039
0.000029
0.000029
0.000084
0.000060
0.000029
0.000029
0.000039
0.000039
0.000072
0.000041
0.000029
0.000064
0.000051
0.000062
0.000041
0.000062
0.000050
0.000039
0.000081
0.000029
0.000039
0.000062
0.000041
0.000050
0.000041
0.000029
0.000029
0.000071
0.000029
0.000029
0.000071
0.000060
0.000050
0.000029
0.000050
0.000029
0.000050
0.000085
0.000029
0.000039
0.000062
0.000029
0.000039
0.000029
0.000029
0.000080
0.000029
0.000029
0.000075
0.000050
0.000060
0.000029
0.000042
0.000053
0.000039
0.000050
0.000029
0.000052
0.000029
0.000030
0.000062
0.000041
0.000051
0.000077
0.000030
0.000030
0.000030
0.000059
0.000105
0.000039
0.000062
0.000046
0.000050
0.000039
0.000051
0.000039
0.000029
0.000029
0.000029
0.000114
0.000030
0.000041
0.000030
0.000030
0.000074
0.000051
0.000062
0.000050
0.000029
0.000050
0.000029
0.000029
0.000039
0.000083
0.000041
0.000030
0.000051
0.000041
0.000074
0.000029
0.000034
0.000029
0.000170
0.000039
0.000029
0.000029
0.000134
0.000077
0.000041
0.000050
0.000123
0.000039
0.000073
0.000039
0.000029
0.000050
0.000039
0.000123
0.000034
0.000047
0.000024
0.000046
0.000035
0.000023
0.000023
0.000023
0.000023
0.000054
0.000023
0.000023
0.000023
0.000023
0.000023
0.000041
0.000041
0.000030
0.000041
0.000029
0.000063
0.000029
0.000029
0.000155
0.000155
0.000062
0.000039
0.000029
0.000071
0.000029
0.000039
0.000029
0.000041
0.000039
0.000039
0.000039
0.000165
0.000063
0.000029
0.000039
0.000076
0.000062
0.000029
0.000102
0.000041
0.000072
0.000039
0.000090
0.000029
0.000029
0.000027
0.000038
0.000029
0.000083
0.000039
0.000029
0.000029
0.000062
0.000050
0.000039
0.000029
0.000029
0.000039
0.000032
0.000053
0.000041
0.000029
0.000029
0.000060
0.000029
0.000060
0.000039
0.000051
0.000071
0.000049
0.000029
0.000042
0.000067
0.000032
0.000134
0.000041
0.000063
0.000050
0.000029
0.000029
0.000060
0.000060
0.000134
0.000077
0.000029
0.000029
0.000029
0.000060
0.000029
0.000039
0.000029
0.000029
0.000121
0.000029
0.000081
0.000060
0.000038
0.000039
0.000029
0.000029
0.000039
0.000029
0.000039
0.000039
0.000029
0.000029
0.000041
0.000029
0.000039
0.000029
0.000039
0.000029
0.000050
0.000039
0.000102
0.000050
0.000051
0.000039
0.000041
0.000029
0.000029
0.000063
0.000039
0.000102
0.000041
0.000029
0.000032
0.000032
0.000039
0.000060
0.000051
0.000051
0.000045
0.000063
0.000039
0.000029
0.000039
0.000039
0.000029
0.000071
0.000071
0.000029
0.000063
0.000060
0.000155
0.000063
0.000039
0.000074
0.000039
0.000059
0.000060
0.000029
0.000039
0.000067
0.000055
0.000029
0.000029
0.000029
0.000029
0.000051
0.000083
0.000060
0.000030
0.000030
0.000029
0.000039
0.000136
0.000039
0.000029
0.000062
0.000039
0.000029
0.000029
0.000029
0.000029
0.000051
0.000039
0.000029
0.000029
0.000039
0.000073
0.000051
0.000062
0.000029
0.000072
0.000029
0.000039
0.000063
0.000039
0.000071
0.000156
0.000029
0.000029
0.000029
0.000029
0.000029
0.000065
0.000060
0.000050
0.000039
0.000051
0.000029
0.000071
0.000039
0.000060
0.000029
0.000029
0.000072
0.000029
0.000072
0.000039
0.000029
0.000029
0.000029
0.000050
0.000050
0.000029
0.000105
0.000050
0.000039
0.000050
0.000062
0.000029
0.000083
0.000050
0.000039
0.000029
0.000029
0.000062
0.000050
0.000039
0.000029
0.000029
0.000050
0.000039
0.000029
0.000039
0.000060
0.000050
0.000029
0.000029
0.000029
0.000071
0.000039
0.000029
0.000123
0.000051
0.000050
0.000029
0.000050
0.000062
0.000039
0.000196
0.000029
0.000029
0.000083
0.000051
0.000041
0.000113
0.000029
0.000029
0.000029
0.000051
0.000029
0.000039
0.000030
0.000051
0.000051
0.000029
0.000052
0.000042
0.000029
0.000041
0.000062
0.000071
0.000062
0.000029
0.000039
0.000051
0.000134
0.000029
0.000115
0.000029
0.000039
0.000144
0.000060
0.000039
0.000029
0.000029
0.000062
0.000029
0.000039
0.000062
0.000039
0.000060
0.000135
0.000052
0.000045
0.000052
0.000030
0.000041
0.000029
0.000046
0.000029
0.000108
0.000050
0.000029
0.000029
0.000029
0.000029
0.000039
0.000060
0.000039
0.000029
0.000134
0.000165
0.000034
0.000029
0.000029
0.000050
0.000039
0.000029
0.000051
0.000041
0.000030
0.000123
0.000081
0.000029
0.000039
0.000039
0.000041
0.000030
0.000041
0.000099
0.000030
0.000029
0.000029
0.000029
0.000041
0.000051
0.000030
0.000030
0.000084
0.000102
0.000034
0.000039
0.000062
0.000039
0.000029
0.000039
0.000065
0.000062
0.000062
0.000041
0.000030
0.000060
0.000029
0.000050
0.000051
0.000050
0.000093
0.000081
0.000047
0.000074
0.000065
0.000030
0.000051
0.000041
0.000152
0.000050
0.000050
0.000050
0.000029
0.000039
0.000050
0.000055
0.000149
0.000045
0.000060
0.000029
0.000039
0.000029
0.000062
0.000039
0.000118
0.000030
0.000063
0.000122
0.000052
0.000029
0.000062
0.000147
0.000050
0.000050
0.000029
0.000042
0.000030
0.000051
0.000041
0.000062
0.000039
0.000029
0.000060
0.000039
0.000029
0.000030
0.000030
0.000041
0.000041
0.000073
0.000029
0.000029
0.000029
0.000029
0.000086
0.000051
0.000029
0.000060
0.000039
0.000029
0.000079
0.000036
0.000029
0.000092
0.000039
0.000029
0.000039
0.000050
0.000029
0.000039
0.000028
0.000028
0.000094
0.000041
0.000029
0.000156
0.000051
0.000050
0.000029
0.000039
0.000030
0.000030
0.000042
0.000030
0.000073
0.000034
0.000050
0.000029
0.000071
0.000029
0.000029
0.000060
0.000041
0.000039
0.000134
0.000029
0.000039
0.000030
0.000078
0.000050
0.000060
0.000051
0.000030
0.000074
0.000073
0.000029
0.000072
0.000050
0.000029
0.000128
0.000029
0.000029
0.000039
0.000029
0.000029
0.000039
0.000029
0.000039
0.000039
0.000029
0.000053
0.000029
0.000144
0.000084
0.000050
0.000029
0.000029
0.000062
0.000039
0.000029
0.000029
0.000241
0.000081
0.000029
0.000052
0.000039
0.000031
0.000029
0.000042
0.000029
0.000029
0.000029
0.000060
0.000039
0.000029
0.000029
0.000029
0.000041
0.000063
0.000051
0.000029
0.000029
0.000134
0.000029
0.000029
0.000029
0.000029
0.000051
0.000060
0.000039
0.000040
0.000091
0.000054
0.000023
0.000023
0.000034
0.000023
0.000023
0.000023
0.000054
0.000056
0.000029
0.000029
0.000039
0.000029
0.000029
0.000050
0.000029
0.000029
0.000029
0.000039
0.000084
0.000029
0.000029
0.000039
0.000029
0.000062
0.000051
0.000029
0.000029
0.000071
0.000029
0.000029
0.000050
0.000039
0.000039
0.000134
0.000029
0.000051
0.000029
0.000060
0.000029
0.000029
0.000029
0.000029
0.000062
0.000071
0.000029
0.000050
0.000039
0.000060
0.000029
0.000067
0.000039
0.000029
0.000029
0.000039
0.000060
0.000084
0.000029
0.000039
0.000075
0.000041
0.000073
0.000030
0.000041
0.000051
0.000039
0.000029
0.000029
0.000029
0.000029
0.000051
0.000134
0.000029
0.000050
0.000029
0.000052
0.000029
0.000029
0.000090
0.000051
0.000029
0.000041
0.000029
0.000071
0.000029
0.000039
0.000029
0.000039
0.000029
0.000030
0.000041
0.000030
0.000030
0.000029
0.000060
0.000050
0.000039
0.000029
0.000029
0.000062
0.000089
0.000041
0.000041
0.000051
0.000050
0.000029
0.000029
0.000042
0.000029
0.000050
0.000029
0.000103
0.000155
0.000085
0.000029
0.000039
0.000029
0.000054
0.000079
0.000039
0.000041
0.000029
0.000029
0.000039
0.000039
0.000029
0.000029
0.000031
0.000039
0.000029
0.000155
0.000047
0.000039
0.000050
0.000039
0.000039
0.000029
0.000039
0.000039
0.000029
0.000029
0.000029
0.000029
0.000029
0.000072
0.000144
0.000144
0.000029
0.000050
0.000039
0.000134
0.000055
0.000039
0.000029
0.000050
0.000039
0.000029
0.000060
0.000050
0.000039
0.000029
0.000060
0.000029
0.000029
0.000029
0.000029
0.000029
0.000134
0.000029
0.000029
0.000029
0.000029
0.000029
0.000039
0.000029
0.000084
0.000135
0.000051
0.000050
0.000029
0.000039
0.000039
0.000050
0.000144
0.000029
0.000050
0.000029
0.000029
0.000213
0.000029
0.000029
0.000051
0.000030
0.000062
0.000051
0.000030
0.000030
0.000030
0.000144
0.000081
0.000029
0.000029
0.000050
0.000029
0.000029
0.000029
0.000039
0.000040
0.000055
0.000039
0.000039
0.000029
0.000039
0.000029
0.000029
0.000029
0.000029
0.000065
0.000156
0.000029
0.000155
0.000029
0.000060
0.000051
0.000062
0.000041
0.000039
0.000062
0.000029
0.000039
0.000071
0.000071
0.000041
0.000029
0.000039
0.000051
0.000039
0.000029
0.000039
0.000039
0.000051
0.000039
0.000039
0.000050
0.000134
0.000050
0.000029
0.000029
0.000050
0.000050
0.000029
0.000029
0.000029
0.000060
0.000029
0.000029
0.000029
0.000029
0.000029
0.000077
0.000029
0.000029
0.000029
0.000039
0.000083
0.000039
0.000093
0.000029
0.000041
0.000051
0.000029
0.000039
0.000029
0.000029
0.000085
0.000029
0.000029
0.000051
0.000030
0.000030
0.000072
0.000029
0.000029
0.000029
0.000029
0.000029
0.000036
0.000064
0.000029
0.000039
0.000044
0.000039
0.000039
0.000134
0.000050
0.000030
0.000030
0.000029
0.000042
0.000050
0.000051
0.000030
0.000050
0.000042
0.000060
0.000050
0.000039
0.000036
0.000029
0.000039
0.000039
0.000029
0.000029
0.000050
0.000029
0.000029
0.000029
0.000029
0.000039
0.000039
0.000029
0.000077
0.000083
0.000029
0.000071
0.000039
0.000039
0.000039
0.000026
0.000048
0.000026
0.000038
0.000026
0.000083
0.000039
0.000039
0.000039
0.000041
0.000029
0.000068
0.000039
0.000029
0.000029
0.000123
0.000033
0.000033
0.000042
0.000030
0.000043
0.000051
0.000041
0.000042
0.000050
0.000029
0.000029
0.000029
0.000050
0.000029
0.000039
0.000029
0.000039
0.000061
0.000060
0.000029
0.000029
0.000029
0.000043
0.000052
0.000030
0.000030
0.000030
0.000041
0.000029
0.000029
0.000102
0.000029
0.000029
0.000029
0.000039
0.000029
0.000052
0.000029
0.000029
0.000029
0.000060
0.000030
0.000030
0.000030
0.000030
0.000043
0.000041
0.000039
0.000066
0.000067
0.000029
0.000039
0.000050
0.000039
0.000029
0.000029
0.000094
0.000029
0.000052
0.000029
0.000050
0.000030
0.000051
0.000029
0.000029
0.000029
0.000029
0.000038
0.000030
0.000030
0.000030
0.000030
0.000041
0.000029
0.000041
0.000029
0.000029
0.000123
0.000051
0.000051
0.000039
0.000072
0.000030
0.000030
0.000030
0.000029
0.000029
0.000029
0.000029
0.000029
0.000039
0.000039
0.000060
0.000039
0.000039
0.000062
0.000029
0.000039
0.000060
0.000134
0.000029
0.000029
0.000155
0.000064
0.000050
0.000062
0.000144
0.000029
0.000029
0.000165
0.000029
0.000039
0.000029
0.000062
0.000039
0.000029
0.000072
0.000029
0.000032
0.000076
0.000039
0.000029
0.000029
0.000029
0.000029
0.000051
0.000029
0.000029
0.000029
0.000029
0.000030
0.000041
0.000041
0.000029
0.000029
0.000039
0.000029
0.000029
0.000029
0.000051
0.000029
0.000041
0.000029
0.000039
0.000039
0.000050
0.000029
0.000029
0.000029
0.000029
0.000029
0.000029
0.000029
0.000029
0.000029
0.000029
0.000050
0.000029
0.000039
0.000029
0.000072
0.000053
0.000039
0.000304
0.000039
0.000029
0.000029
0.000029
0.000029
0.000029
0.000029
0.000029
0.000029
0.000050
0.000134
0.000029
0.000029
0.000029
0.000029
0.000029
0.000051
0.000039
0.000029
0.000060
0.000029
0.000029
0.000029
0.000034
0.000029
0.000029
0.000029
0.000039
0.000029
0.000060
0.000044
0.000050
0.000020
0.000020
0.000053
0.000031
0.000020
0.000023
0.000031
0.000031
0.000020
0.000041
0.000041
0.000029
0.000039
0.000029
0.000051
0.000029
0.000039
0.000039
0.000039
0.000039
0.000039
0.000053
0.000074
0.000064
0.000144
0.000165
0.000029
0.000029
0.000029
0.000033
0.000029
0.000050
0.000039
0.000111
0.000039
0.000039
0.000054
0.000073
0.000029
0.000047
0.000051
0.000029
0.000029
0.000039
0.000050
0.000074
0.000039
0.000039
0.000029
0.000029
0.000039
0.000029
0.000029
0.000029
0.000029
0.000050
0.000029
0.000029
0.000041
0.000029
0.000029
0.000029
0.000029
0.000029
0.000039
0.000029
0.000039
0.000029
0.000039
0.000029
0.000029
0.000029
0.000029
0.000176
0.000039
0.000039
0.000333
0.000039
0.000050
0.000029
0.000029
0.000029
0.000053
0.000042
0.000032
0.000063
0.000030
0.000052
0.000029
0.000062
0.000039
0.000155
0.000063
0.000092
0.000039
0.000144
0.000144
0.000029
0.000029
0.000029
0.000029
0.000155
0.000029
0.000030
0.000030
0.000072
0.000029
0.000039
0.000063
0.000135
0.000041
0.000030
0.000161
0.000029
0.000029
0.000029
0.000029
0.000029
0.000039
0.000023
0.000087
0.000033
0.000023
0.000023
0.000023
0.000029
0.000029
0.000029
0.000050
0.000029
0.000060
0.000050
0.000044
0.000029
0.000039
0.000113
0.000029
0.000041
0.000030
0.000043
0.000039
0.000029
0.000029
0.000039
0.000050
0.000060
0.000062
0.000081
0.000041
0.000039
0.000041
0.000029
0.000050
0.000062
0.000029
0.000039
0.000029
0.000062
0.000029
0.000029
0.000029
0.000039
0.000039
0.000062
0.000030
0.000030
0.000029
0.000029
0.000029
0.000029
0.000029
0.000050
0.000084
0.000039
0.000039
0.000029
0.000029
0.000063
0.000030
0.000041
0.000030
0.000063
0.000087
0.000029
0.000023
0.000034
0.000034
0.000128
0.000044
0.000023
0.000034
0.000039
0.000041
0.000029
0.000058
0.000044
0.000072
0.000073
0.000030
0.000030
0.000039
0.000039
0.000029
0.000039
0.000029
0.000029
0.000029
0.000029
0.000029
0.000034
0.000123
0.000029
0.000029
0.000039
0.000053
0.000029
0.000062
0.000051
0.000030
0.000072
0.000030
0.000060
0.000124
0.000060
0.000062
0.000062
0.000029
0.000030
0.000041
0.000041
0.000036
0.000050
0.000039
0.000029
0.000029
0.000029
0.000029
0.000029
0.000041
0.000039
0.000039
0.000039
0.000039
0.000030
0.000030
0.000062
0.000039
0.000029
0.000060
0.000029
0.000050
0.000039
0.000201
0.000071
0.000039
0.000072
0.000029
0.000073
0.000030
0.000030
0.000039
0.000123
0.000029
0.000062
0.000029
0.000041
0.000039
0.000029
0.000059
0.000039
0.000029
0.000029
0.000060
0.000039
0.000051
0.000030
0.000041
0.000033
0.000039
0.000029
0.000039
0.000029
0.000039
0.000083
0.000041
0.000102
0.000062
0.000029
0.000029
0.000029
0.000029
0.000029
0.000042
0.000032
0.000029
0.000029
0.000029
0.000029
0.000123
0.000029
0.000039
0.000194
0.000029
0.000063
0.000042
0.000029
0.000029
0.000029
0.000039
0.000039
0.000029
0.000029
0.000029
0.000029
0.000186
0.000030
0.000030
0.000030
0.000041
0.000029
0.000029
0.000060
0.000060
0.000029
0.000050
0.000123
0.000039
0.000029
0.000029
0.000039
0.000029
0.000029
0.000051
0.000029
0.000029
0.000060
0.000023
0.000034
0.000023
0.000045
0.000041
0.000051
0.000145
0.000083
0.000043
0.000039
0.000046
0.000029
0.000123
0.000083
0.000134
0.000029
0.000029
0.000029
0.000039
0.000050
0.000029
0.000029
0.000050
0.000041
0.000029
0.000029
0.000029
0.000029
0.000029
0.000029
0.000029
0.000029
0.000029
0.000029
0.000039
0.000060
0.000039
0.000050
0.000041
0.000030
0.000030
0.000041
0.000029
0.000029
0.000050
0.000050
0.000029
0.000029
0.000030
0.000029
0.000060
0.000039
0.000039
0.000039
0.000029
0.000041
0.000031
0.000020
0.000020
0.000031
0.000041
0.000020
0.000031
0.000031
0.000020
0.000020
0.000031
0.000020
0.000020
0.000029
0.000029
0.000029
0.000039
0.000029
0.000092
0.000029
0.000039
0.000053
0.000050
0.000029
0.000029
0.000043
0.000030
0.000050
0.000029
0.000029
0.000029
0.000043
0.000029
0.000134
0.000030
0.000029
0.000029
0.000029
0.000029
0.000029
0.000039
0.000029
0.000029
0.000029
0.000039
0.000029
0.000029
0.000073
0.000030
0.000030
0.000077
0.000025
0.000030
0.000030
0.000041
0.000030
0.000135
0.000029
0.000039
0.000039
0.000029
0.000029
0.000039
0.000029
0.000029
0.000050
0.000029
0.000071
0.000103
0.000029
0.000145
0.000039
0.000081
0.000060
0.000050
0.000029
0.000029
0.000029
0.000039
0.000064
0.000053
0.000045
0.000077
0.000029
0.000029
0.000051
0.000029
0.000051
0.000039
0.000050
0.000029
0.000029
0.000029
0.000029
0.000029
0.000039
0.000029
0.000063
0.000029
0.000029
0.000051
0.000029
0.000186
0.000050
0.000029
0.000081
0.000039
0.000029
0.000029
0.000029
0.000039
0.000060
0.000029
0.000050
0.000144
0.000052
0.000029
0.000039
0.000039
0.000029
0.000063
0.000029
0.000029
0.000029
0.000029
0.000029
0.000050
0.000029
0.000039
0.000063
0.000063
0.000029
0.000050
0.000029
0.000041
0.000039
0.000051
0.000039
0.000051
0.000029
0.000085
0.000029
0.000039
0.000076
0.000053
0.000039
0.000029
0.000039
0.000029
0.000029
0.000039
0.000039
0.000029
0.000039
0.000167
0.000029
0.000039
0.000051
0.000060
0.000050
0.000039
0.000060
0.000029
0.000029
0.000029
0.000081
0.000039
0.000041
0.000039
0.000029
0.000051
0.000055
0.000029
0.000029
0.000029
0.000043
0.000039
0.000029
0.000029
0.000029
0.000039
0.000029
0.000092
0.000039
0.000029
0.000029
0.000029
0.000029
0.000029
0.000063
0.000041
0.000039
0.000134
0.000036
0.000044
0.000298
0.000039
0.000039
0.000050
0.000051
0.000030
0.000145
0.000030
0.000051
0.000030
0.000032
0.000064
0.000134
0.000123
0.000060
0.000032
0.000071
0.000029
0.000039
0.000029
0.000039
0.000032
0.000053
0.000039
0.000029
0.000051
0.000029
0.000029
0.000039
0.000084
0.000029
0.000029
0.000033
0.000051
0.000029
0.000029
0.000144
0.000123
0.000029
0.000029
0.000029
0.000029
0.000029
0.000029
0.000071
0.000039
0.000029
0.000062
0.000051
0.000050
0.000029
0.000029
0.000029
0.000029
0.000050
0.000029
0.000029
0.000029
0.000039
0.000084
0.000071
0.000029
0.000029
0.000029
0.000050
0.000029
0.000029
0.000029
0.000029
0.000029
0.000029
0.000053
0.000039
0.000029
0.000029
0.000039
0.000029
0.000134
0.000050
0.000029
0.000029
0.000039
0.000029
0.000039
0.000050
0.000060
0.000071
0.000045
0.000058
0.000030
0.000103
0.000029
0.000029
0.000029
0.000050
0.000134
0.000029
0.000029
0.000039
0.000043
0.000030
0.000030
0.000041
0.000041
0.000030
0.000030
0.000024
0.000055
0.000030
0.000030
0.000051
0.000081
0.000029
0.000039
0.000050
0.000029
0.000033
0.000039
0.000029
0.000039
0.000123
0.000050
0.000052
0.000029
0.000029
0.000092
0.000039
0.000029
0.000071
0.000071
0.000041
0.000039
0.000029
0.000039
0.000041
0.000029
0.000039
0.000041
0.000261
0.000062
0.000029
0.000144
0.000051
0.000039
0.000029
0.000029
0.000029
0.000029
0.000029
0.000029
0.000029
0.000060
0.000134
0.000072
0.000030
0.000029
0.000041
0.000029
0.000029
0.000029
0.000029
0.000039
0.000029
0.000029
0.000029
0.000029
0.000029
0.000071
0.000071
0.000041
0.000030
0.000029
0.000134
0.000029
0.000102
0.000081
0.000029
0.000039
0.000039
0.000029
0.000092
0.000029
0.000029
0.000039
0.000029
0.000029
0.000051
0.000039
0.000029
0.000029
0.000029
0.000056
0.000029
0.000029
0.000029
0.000029
0.000039
0.000029
0.000071
0.000029
0.000029
0.000029
0.000029
0.000083
0.000062
0.000039
0.000029
0.000029
0.000029
0.000050
0.000050
0.000029
0.000030
0.000030
0.000041
0.000018
0.000030
0.000030
0.000029
0.000029
0.000063
0.000041
0.000093
0.000029
0.000029
0.000029
0.000039
0.000029
0.000060
0.000029
0.000029
0.000041
0.000029
0.000029
0.000029
0.000029
0.000039
0.000039
0.000039
0.000039
0.000029
0.000029
0.000041
0.000030
0.000062
0.000064
0.000041
0.000051
0.000322
0.000060
0.000029
0.000029
0.000029
0.000039
0.000029
0.000029
0.000029
0.000050
0.000041
0.000029
0.000050
0.000029
0.000039
0.000029
0.000029
0.000029
0.000029
0.000134
0.000042
0.000030
0.000042
0.000123
0.000029
0.000029
0.000050
0.000029
0.000029
0.000030
0.000030
0.000053
0.000053
0.000029
0.000029
0.000029
0.000029
0.000039
0.000039
0.000063
0.000050
0.000039
0.000039
0.000050
0.000039
0.000052
0.000039
0.000039
0.000029
0.000039
0.000029
0.000029
0.000029
0.000060
0.000029
0.000039
0.000029
0.000029
0.000029
0.000029
0.000029
0.000030
0.000063
0.000030
0.000030
0.000029
0.000029
0.000060
0.000029
0.000029
0.000042
0.000064
0.000052
0.000072
0.000030
0.000041
0.000029
0.000041
0.000029
0.000029
0.000029
0.000029
0.000051
0.000030
0.000073
0.000030
0.000123
0.000039
0.000055
0.000039
0.000024
0.000024
0.000053
0.000053
0.000032
0.000063
0.000030
0.000062
0.000030
0.000041
0.000041
0.000030
0.000030
0.000051
0.000029
0.000029
0.000039
0.000039
0.000050
0.000029
0.000039
0.000050
0.000029
0.000029
0.000029
0.000029
0.000029
0.000050
0.000029
0.000041
0.000030
0.000030
0.000029
0.000029
0.000051
0.000050
0.000039
0.000030
0.000030
0.000029
0.000067
0.000039
0.000029
0.000041
0.000030
0.000051
0.000071
0.000039
0.000029
0.000029
0.000060
0.000039
0.000029
0.000029
0.000029
0.000029
0.000068
0.000144
0.000029
0.000039
0.000039
0.000039
0.000071
0.000029
0.000029
0.000029
0.000029
0.000029
0.000029
0.000029
0.000039
0.000072
0.000039
0.000050
0.000029
0.000029
0.000029
0.000050
0.000029
0.000029
0.000039
0.000041
0.000039
0.000030
0.000123
0.000039
0.000039
0.000039
0.000155
0.000029
0.000029
0.000029
0.000029
0.000029
0.000123
0.000030
0.000090
0.000064
0.000030
0.000030
0.000030
0.000042
0.000030
0.000030
0.000123
0.000039
0.000029
0.000029
0.000029
0.000042
0.000029
0.000029
0.000029
0.000029
0.000029
0.000029
0.000050
0.000029
0.000029
0.000029
0.000039
0.000029
0.000084
0.000060
0.000039
0.000029
0.000029
0.000029
0.000039
0.000029
0.000029
0.000039
0.000071
0.000039
0.000029
0.000029
0.000039
0.000029
0.000042
0.000029
0.000041
0.000039
0.000029
0.000029
0.000029
0.000029
0.000097
0.000029
0.000039
0.000029
0.000039
0.000029
0.000067
0.000029
0.000029
0.000029
0.000042
0.000042
0.000032
0.000032
0.000039
0.000029
0.000039
0.000029
0.000039
0.000029
0.000147
0.000030
0.000030
0.000052
0.000029
0.000029
0.000029
0.000050
0.000029
0.000058
0.000062
0.000029
0.000060
0.000029
0.000029
0.000039
0.000029
0.000050
0.000029
0.000029
0.000030
0.000030
0.000030
0.000029
0.000041
0.000029
0.000029
0.000039
0.000029
0.000039
0.000039
0.000029
0.000029
0.000029
0.000039
0.000030
0.000030
0.000039
0.000039
0.000029
0.000039
0.000029
0.000029
0.000029
0.000029
0.000050
0.000029
0.000029
0.000029
0.000029
0.000029
0.000029
0.000051
0.000029
0.000030
0.000029
0.000029
0.000021
0.000021
0.000021
0.000021
0.000021
0.000021
0.000021
0.000021
0.000021
0.000021
0.000021
0.000021
0.000021
0.000021
0.000031
0.000021
0.000021
0.000021
0.000021
0.000021
0.000021
0.000021
0.000021
0.000021
0.000021
0.000021
0.000021
0.000021
0.000021
0.000021
0.000021
0.000021
0.000021
0.000021
0.000021
0.000021
0.000021
0.000021
0.000021
0.000030
0.000030
0.000041
0.000039
0.000046
0.000071
0.000134
0.000123
0.000039
0.000155
0.000134
0.000041
0.000145
0.000052
0.000029
0.000050
0.000051
0.000051
0.000029
0.000029
0.000029
0.000029
0.000029
0.000060
0.000029
0.000029
0.000029
0.000081
0.000029
0.000029
0.000029
0.000039
0.000029
0.000039
0.000039
0.000029
0.000036
0.000029
0.000072
0.000050
0.000029
0.000029
0.000134
0.000029
0.000029
0.000050
0.000050
0.000029
0.000030
0.000046
0.000029
0.000029
0.000029
0.000039
0.000029
0.000039
0.000029
0.000025
0.000025
0.000025
0.000025
0.000029
0.000029
0.000039
0.000029
0.000039
0.000029
0.000029
0.000029
0.000066
0.000087
0.000060
0.000029
0.000066
0.000029
0.000029
0.000039
0.000029
0.000029
0.000060
0.000029
0.000039
0.000029
0.000029
0.000029
0.000029
0.000060
0.000029
0.000039
0.000029
0.000029
0.000039
0.000062
0.000029
0.000067
0.000041
0.000039
0.000029
0.000029
0.000029
0.000029
0.000029
0.000029
0.000029
0.000055
0.000054
0.000029
0.000029
0.000029
0.000039
0.000039
0.000029
0.000029
0.000029
0.000039
0.000029
0.000029
0.000074
0.000053
0.000050
0.000029
0.000029
0.000039
0.000029
0.000029
0.000039
0.000041
0.000039
0.000041
0.000032
0.000029
0.000029
0.000050
0.000032
0.000050
0.000041
0.000039
0.000050
0.000039
0.000029
0.000029
0.000029
0.000041
0.000050
0.000039
0.000029
0.000039
0.000029
0.000046
0.000029
0.000029
0.000081
0.000029
0.000050
0.000029
0.000029
0.000039
0.000029
0.000029
0.000029
0.000074
0.000060
0.000029
0.000029
0.000029
0.000039
0.000029
0.000123
0.000029
0.000075
0.000039
0.000039
0.000039
0.000018
0.000039
0.000029
0.000046
0.000029
0.000039
0.000030
0.000030
0.000029
0.000029
0.000029
0.000039
0.000029
0.000051
0.000029
0.000029
0.000029
0.000029
0.000029
0.000029
0.000029
0.000029
0.000029
0.000029
0.000032
0.000029
0.000039
0.000071
0.000071
0.000053
0.000029
0.000029
0.000029
0.000029
0.000029
0.000050
0.000050
0.000029
0.000077
0.000039
0.000039
0.000029
0.000029
0.000029
0.000039
0.000029
0.000039
0.000060
0.000029
0.000029
0.000029
0.000029
0.000060
0.000131
0.000039
0.000029
0.000029
0.000029
0.000029
0.000029
0.000029
0.000051
0.000041
0.000134
0.000032
0.000021
0.000032
0.000021
0.000053
0.000030
0.000029
0.000039
0.000029
0.000029
0.000029
0.000039
0.000029
0.000029
0.000123
0.000123
0.000039
0.000029
0.000029
0.000039
0.000029
0.000029
0.000029
0.000029
0.000029
0.000029
0.000029
0.000029
0.000029
0.000029
0.000029
0.000029
0.000029
0.000029
0.000029
0.000039
0.000029
0.000039
0.000029
0.000029
0.000050
0.000029
0.000029
0.000039
0.000029
0.000128
0.000041
0.000062
0.000029
0.000029
0.000051
0.000029
0.000045
0.000051
0.000029
0.000029
0.000039
0.000055
0.000045
0.000041
0.000029
0.000029
0.000050
0.000029
0.000063
0.000029
0.000044
0.000051
0.000039
0.000029
0.000051
0.000042
0.000029
0.000029
0.000029
0.000018
0.000029
0.000029
0.000039
0.000039
0.000071
0.000029
0.000029
0.000029
0.000029
0.000041
0.000030
0.000052
0.000050
0.000039
0.000029
0.000039
0.000029
0.000029
0.000029
0.000029
0.000029
0.000029
0.000050
0.000032
0.000029
0.000029
0.000029
0.000029
0.000029
0.000029
0.000029
0.000029
0.000039
0.000029
0.000029
0.000039
0.000029
0.000050
0.000029
0.000039
0.000039
0.000039
0.000029
0.000029
0.000029
0.000029
0.000029
0.000029
0.000029
0.000071
0.000029
0.000039
0.000029
0.000029
0.000041
0.000029
0.000029
0.000041
0.000039
0.000053
0.000030
0.000029
0.000029
0.000029
0.000030
0.000029
0.000039
0.000029
0.000029
0.000029
0.000050
0.000039
0.000029
0.000039
0.000041
0.000102
0.000029
0.000029
0.000029
0.000029
0.000029
0.000029
0.000051
0.000063
0.000039
0.000029
0.000029
0.000039
0.000029
0.000039
0.000030
0.000030
0.000030
0.000030
0.000038
0.000028
0.000050
0.000029
0.000123
0.000029
0.000029
0.000029
0.000029
0.000029
0.000039
0.000123
0.000043
0.000030
0.000030
0.000030
0.000029
0.000071
0.000044
0.000063
0.000029
0.000039
0.000029
0.000029
0.000029
0.000039
0.000029
0.000039
0.000029
0.000050
0.000029
0.000039
0.000029
0.000029
0.000039
0.000039
0.000060
0.000039
0.000039
0.000039
0.000029
0.000029
0.000029
0.000123
0.000033
0.000044
0.000029
0.000029
0.000029
0.000029
0.000041
0.000052
0.000030
0.000029
0.000029
0.000029
0.000029
0.000029
0.000029
0.000029
0.000050
0.000029
0.000029
0.000039
0.000029
0.000029
0.000042
0.000029
0.000029
0.000029
0.000029
0.000029
0.000039
0.000050
0.000029
0.000029
0.000050
0.000058
0.000029
0.000029
0.000029
0.000029
0.000123
0.000029
0.000065
0.000029
0.000029
0.000081
0.000145
0.000029
0.000029
0.000033
0.000033
0.000044
0.000045
0.000029
0.000029
0.000030
0.000051
0.000063
0.000042
0.000023
0.000023
0.000023
0.000023
0.000033
0.000023
0.000023
0.000023
0.000023
0.000033
0.000023
0.000023
0.000029
0.000060
0.000029
0.000029
0.000029
0.000081
0.000029
0.000050
0.000050
0.000039
0.000029
0.000029
0.000029
0.000029
0.000032
0.000032
0.000032
0.000029
0.000029
0.000029
0.000029
0.000029
0.000062
0.000029
0.000029
0.000060
0.000030
0.000030
0.000030
0.000030
0.000030
0.000030
0.000029
0.000039
0.000029
0.000029
0.000029
0.000029
0.000029
0.000050
0.000134
0.000029
0.000076
0.000064
0.000029
0.000039
0.000029
0.000029
0.000029
0.000029
0.000029
0.000029
0.000029
0.000029
0.000029
0.000029
0.000033
0.000041
0.000029
0.000039
0.000029
0.000029
0.000030
0.000030
0.000050
0.000029
0.000039
0.000029
0.000029
0.000029
0.000039
0.000050
0.000051
0.000030
0.000030
0.000030
0.000030
0.000051
0.000029
0.000039
0.000029
0.000029
0.000029
0.000029
0.000029
0.000030
0.000041
0.000123
0.000029
0.000029
0.000039
0.000030
0.000030
0.000041
0.000039
0.000039
0.000039
0.000029
0.000029
0.000134
0.000039
0.000029
0.000029
0.000029
0.000029
0.000038
0.000029
0.000029
0.000030
0.000030
0.000030
0.000052
0.000030
0.000029
0.000029
0.000029
0.000029
0.000029
0.000029
0.000039
0.000039
0.000093
0.000030
0.000062
0.000030
0.000029
0.000029
0.000029
0.000039
0.000037
0.000041
0.000029
0.000029
0.000042
0.000039
0.000029
0.000029
0.000076
0.000145
0.000029
0.000029
0.000041
0.000029
0.000055
0.000050
0.000029
0.000029
0.000029
0.000029
0.000032
0.000058
0.000029
0.000029
0.000039
0.000029
0.000093
0.000029
0.000029
0.000029
0.000029
0.000029
0.000029
0.000029
0.000050
0.000029
0.000029
0.000041
0.000039
0.000029
0.000039
0.000039
0.000039
0.000039
0.000042
0.000060
0.000041
0.000045
0.000074
0.000029
0.000029
0.000029
0.000039
0.000029
0.000041
0.000029
0.000029
0.000060
0.000050
0.000039
0.000050
0.000030
0.000030
0.000041
0.000051
0.000029
0.000030
0.000029
0.000029
0.000029
0.000029
0.000029
0.000029
0.000029
0.000029
0.000029
0.000053
0.000051
0.000029
0.000039
0.000029
0.000029
0.000051
0.000029
0.000029
0.000029
0.000029
0.000029
0.000029
0.000050
0.000029
0.000029
0.000029
0.000050
0.000050
0.000029
0.000029
0.000029
0.000029
0.000029
0.000029
0.000029
0.000029
0.000066
0.000034
0.000029
0.000029
0.000071
0.000039
0.000030
0.000042
0.000041
0.000029
0.000029
0.000029
0.000029
0.000029
0.000039
0.000029
0.000029
0.000029
0.000039
0.000039
0.000123
0.000038
0.000027
0.000027
0.000041
0.000029
0.000063
0.000029
0.000029
0.000029
0.000029
0.000029
0.000042
0.000029
0.000029
0.000123
0.000050
0.000029
0.000029
0.000029
0.000036
0.000029
0.000029
0.000029
0.000029
0.000029
0.000032
0.000032
0.000050
0.000050
0.000039
0.000041
0.000029
0.000029
0.000106
0.000032
0.000029
0.000029
0.000092
0.000029
0.000029
0.000029
0.000039
0.000029
0.000071
0.000039
0.000029
0.000029
0.000029
0.000039
0.000050
0.000029
0.000029
0.000022
0.000054
0.000022
0.000033
0.000029
0.000029
0.000038
0.000029
0.000029
0.000039
0.000027
0.000027
0.000029
0.000039
0.000029
0.000029
0.000029
0.000029
0.000029
0.000029
0.000029
0.000027
0.000027
0.000038
0.000029
0.000029
0.000029
0.000029
0.000029
0.000029
0.000029
0.000039
0.000135
0.000038
0.000029
0.000029
0.000039
0.000029
0.000029
0.000039
0.000029
0.000029
0.000039
0.000029
0.000029
0.000039
0.000029
0.000029
0.000029
0.000029
0.000029
0.000039
0.000123
0.000029
0.000029
0.000030
0.000030
0.000041
0.000029
0.000029
0.000029
0.000029
0.000039
0.000029
0.000029
0.000029
0.000029
0.000029
0.000025
0.000025
0.000025
0.000029
0.000029
0.000029
0.000123
0.000021
0.000021
0.000021
0.000021
0.000021
0.000021
0.000021
0.000021
0.000021
0.000021
0.000021
0.000021
0.000021
0.000021
0.000021
0.000021
0.000021
0.000021
0.000021
0.000021
0.000021
0.000021
0.000021
0.000021
0.000021
0.000021
0.000021
0.000021
0.000021
0.000021
0.000021
0.000021
0.000021
0.000021
0.000021
0.000041
0.000029
0.000029
0.000029
0.000029
0.000030
0.000030
0.000029
0.000029
0.000029
0.000029
0.000037
0.000039
0.000029
0.000029
0.000029
0.000029
0.000029
0.000029
0.000123
0.000039
0.000029
0.000039
0.000039
0.000029
0.000029
0.000029
0.000029
0.000064
0.000053
0.000036
0.000024
0.000037
0.000024
0.000024
0.000029
0.000029
0.000029
0.000039
0.000029
0.000062
0.000029
0.000029
0.000029
0.000029
0.000029
0.000029
0.000029
0.000039
0.000050
0.000029
0.000029
0.000029
0.000030
0.000053
0.000053
0.000030
0.000030
0.000030
0.000041
0.000030
0.000029
0.000050
0.000029
0.000029
0.000029
0.000029
0.000050
0.000029
0.000029
0.000029
0.000029
0.000039
0.000029
0.000029
0.000029
0.000050
0.000123
0.000029
0.000029
0.000039
0.000029
0.000029
0.000029
0.000029
0.000029
0.000029
0.000034
0.000029
0.000029
0.000050
0.000029
0.000029
0.000029
0.000134
0.000039
0.000029
0.000039
0.000029
0.000029
0.000039
0.000041
0.000051
0.000041
0.000029
0.000029
0.000029
0.000050
0.000029
0.000051
0.000049
0.000029
0.000029
0.000029
0.000039
0.000051
0.000062
0.000029
0.000039
0.000029
0.000029
0.000041
0.000029
0.000029
0.000029
0.000039
0.000051
0.000039
0.000134
0.000039
0.000029
0.000029
0.000123
0.000032
0.000032
0.000036
0.000032
0.000032
0.000042
0.000029
0.000029
0.000029
0.000029
0.000051
0.000029
0.000029
0.000039
0.000029
0.000029
0.000029
0.000029
0.000029
0.000029
0.000039
0.000029
0.000029
0.000029
0.000029
0.000029
0.000029
0.000029
0.000029
0.000030
0.000030
0.000030
0.000041
0.000030
0.000039
0.000039
0.000123
0.000029
0.000029
0.000030
0.000039
0.000050
0.000123
0.000123
0.000030
0.000030
0.000043
0.000030
0.000123
0.000029
0.000029
0.000029
0.000029
0.000034
0.000029
0.000039
0.000039
0.000029
0.000029
0.000029
0.000029
0.000030
0.000041
0.000029
0.000023
0.000023
0.000023
0.000023
0.000035
0.000035
0.000044
0.000041
0.000029
0.000029
0.000030
0.000030
0.000041
0.000030
0.000029
0.000029
0.000029
0.000029
0.000029
0.000029
0.000039
0.000029
0.000029
0.000029
0.000042
0.000039
0.000039
0.000029
0.000123
0.000029
0.000029
0.000059
0.000029
0.000029
0.000123
0.000029
0.000030
0.000029
0.000029
0.000041
0.000029
0.000030
0.000030
0.000030
0.000039
0.000050
0.000029
0.000029
0.000029
0.000029
0.000029
0.000029
0.000029
0.000039
0.000032
0.000032
0.000032
0.000041
0.000029
0.000029
0.000029
0.000029
0.000029
0.000029
0.000029
0.000029
0.000029
0.000029
0.000029
0.000029
0.000039
0.000029
0.000029
0.000029
0.000029
0.000029
0.000029
0.000030
0.000030
0.000030
0.000030
0.000030
0.000045
0.000045
0.000057
0.000028
0.000048
0.000036
0.000036
0.000029
0.000039
0.000029
0.000032
0.000032
0.000040
0.000032
0.000032
0.000029
0.000029
0.000030
0.000030
0.000030
0.000030
0.000030
0.000030
0.000123
0.000029
0.000029
0.000029
0.000029
0.000029
0.000039
0.000039
0.000029
0.000029
0.000029
0.000029
0.000029
0.000029
0.000123
0.000029
0.000029
0.000029
0.000029
0.000029
0.000029
0.000029
0.000029
0.000123
0.000029
0.000039
0.000029
0.000029
0.000029
0.000029
0.000039
0.000030
0.000030
0.000041
0.000039
0.000029
0.000050
0.000029
0.000029
0.000029
0.000029
0.000039
0.000123
0.000039
0.000029
0.000029
0.000029
0.000029
0.000029
0.000029
0.000029
0.000029
0.000039
0.000042
0.000029
0.000029
0.000029
0.000029
0.000029
0.000029
0.000029
0.000029
0.000029
0.000039
0.000041
0.000029
0.000029
0.000029
0.000047
0.000029
0.000029
0.000029
0.000029
0.000134
0.000135
0.000123
0.000029
0.000029
0.000029
0.000029
0.000029
0.000029
0.000029
0.000029
0.000029
0.000029
0.000029
0.000029
0.000029
0.000029
0.000029
0.000030
0.000030
0.000029
0.000029
0.000029
0.000029
0.000030
0.000039
0.000029
0.000030
0.000041
0.000041
0.000030
0.000030
0.000029
0.000027
0.000027
0.000037
0.000027
0.000027
0.000029
0.000041
0.000029
0.000029
0.000037
0.000029
0.000029
0.000029
0.000029
0.000029
0.000029
0.000029
0.000029
0.000029
0.000029
0.000029
0.000029
0.000029
0.000029
0.000029
0.000030
0.000030
0.000030
0.000029
0.000029
0.000029
0.000029
0.000029
0.000029
0.000030
0.000029
0.000123
0.000029
0.000029
0.000030
0.000030
0.000030
0.000029
0.000029
0.000029
0.000123
0.000030
0.000042
0.000029
0.000029
0.000029
0.000039
0.000053
0.000029
0.000029
0.000029
0.000029
0.000071
0.000032
0.000032
0.000029
0.000030
0.000030
0.000029
0.000030
0.000030
0.000030
0.000030
0.000030
0.000030
0.000029
0.000029
0.000041
0.000029
0.000029
0.000030
0.000030
0.000030
0.000029
0.000029
0.000029
0.000029
0.000029
0.000029
0.000029
0.000039
0.000039
0.000123
0.000029
0.000029
0.000029
0.000041
0.000029
0.000030
0.000029
0.000030
0.000030
0.000029
0.000032
0.000029
0.000029
0.000029
0.000029
0.000029
0.000029
0.000029
0.000039
0.000039
0.000029
0.000030
0.000029
0.000029
0.000029
0.000029
0.000029
0.000030
0.000030
0.000039
0.000029
0.000029
0.000029
0.000029
0.000030
0.000029
0.000029
0.000029
0.000029
0.000029
0.000029
0.000029
0.000030
0.000030
0.000030
0.000030
0.000030
0.000039
0.000039
0.000029
0.000029
0.000029
0.000029
0.000029
0.000029
0.000029
0.000029
0.000029
0.000029
0.000029
0.000029
0.000029
0.000029
0.000029
0.000039
