1803
4148
1560
2635
63
1999
1543
2912
8663
440
3338
960
6466
992
4434
3883
1508
2947
991
3812
2676
8664
2636
3774
8667
1705
1749
3253
8666
5442
178
902
8665
192
2349
1211
3633
4010
3632
2293
3237
3240
3710
8670
407
2122
1473
6593
1419
8668
874
4363
1055
2572
2027
3606
8674
1982
495
7142
8672
3121
8673
5277
8675
1483
802
698
7125
406
5253
436
4757
2763
1434
1053
2967
877
5280
330
4092
2118
8669
779
4091
1942
1941
370
5278
1159
513
1795
392
651
617
6134
8676
2634
1474
25
3663
2691
89
3269
8677
2738
376
1477
3679
3656
608
7486
5844
5472
279
2308
7487
1307
149
8680
790
199
4497
5196
1283
253
6135
9
278
126
214
48
174
143
687
8681
2531
625
2425
5450
284
1900
4111
3306
8671
3229
57
30
317
81
2353
1049
3711
8682
5164
439
8678
2437
7112
1517
5021
188
1814
8679
2006
11
5850
85
112
2700
369
10
3236
5256
393
1030
1114
455
815
7488
1167
5843
1108
1899
873
62
520
941
8692
1548
383
3959
899
3239
5102
3016
5279
7164
2953
1208
96
5001
478
3232
1903
49
2108
8690
3343
2555
8689
3640
8688
1727
4824
5848
2658
334
8687
5274
42
1845
1960
546
1931
1806
3138
5727
3452
2760
2127
8695
719
1925
1648
5756
2864
581
1602
830
1822
387
5586
1482
1145
1185
2961
3427
2855
1895
175
5264
999
8702
2850
8700
2435
3210
3161
8698
60
4
1316
12
3233
341
463
272
4056
7099
465
8699
3230
2597
4859
655
3209
2000
7163
5230
3667
4029
889
8701
4551
4383
3645
4589
273
3683
321
3342
2625
1621
7168
5262
124
8697
4057
5052
6967
1458
2439
3259
4088
5271
5234
2619
1200
886
2793
677
8691
2751
395
972
2757
2764
5447
432
2332
5404
2149
205
5312
1118
177
1936
1112
27
232
10748
1800
2861
7122
415
8703
4171
4661
3875
265
8704
951
200
68
13
191
209
45
4300
398
4087
7103
7002
571
4599
1268
8710
6323
4089
2194
4183
5474
5473
3627
2433
7491
1599
8712
3673
5847
2607
3339
3217
575
1452
3450
7166
77
984
5209
244
375
4194
4009
1701
4597
7316
1023
3395
606
3443
1620
491
2490
2431
559
136
8711
832
3372
3204
1196
2641
6139
100
8713
3
23
2426
5
472
39
3235
8716
5276
2326
7167
5275
7160
4119
3238
1997
3712
1175
8715
3296
7000
3791
1171
511
1696
2250
1368
8719
5215
1193
194
4073
3168
1012
8714
3311
170
1670
4662
8718
1417
6925
7171
3893
2654
8717
8
616
1729
337
6988
7145
296
5748
4225
8721
2107
7115
8720
514
1750
2784
1432
351
8725
8724
4090
5259
4084
3765
2930
1582
2500
3996
61
3499
3678
7158
5157
1968
1064
2552
7020
4219
977
3362
2609
1787
47
8728
798
2593
2061
365
4980
2164
1939
3631
233
3894
5541
3974
7119
3363
4463
313
5188
8732
668
2296
1391
3396
8731
122
401
6142
4832
7069
8730
4062
3300
6581
8729
7144
7131
3923
4080
574
5382
8735
1676
240
3670
1589
8734
701
7165
1615
1019
1529
1665
1325
5833
2360
1393
5834
7146
2950
8733
4753
8739
2204
5794
227
684
151
8737
518
69
46
208
58
981
1164
5412
1577
7141
2025
8740
1333
1440
2508
7161
2499
1765
1286
1188
6972
1719
8736
3219
2927
3722
2125
3227
487
702
3179
2629
1400
4562
371
8742
1170
4591
1514
4067
3661
2051
1228
8741
1681
6553
1110
4253
5265
1518
445
805
1935
2964
3285
4596
736
953
4045
1428
97
2943
1502
2632
37
5043
157
1404
7774
580
2434
2968
1261
856
181
2633
377
1772
599
550
301
8747
509
1747
153
720
1515
8748
2076
2126
710
8751
8749
2957
2170
2430
1663
528
8750
1584
82
1754
3400
5444
7151
115
2561
6856
1144
4666
1459
484
4664
340
5269
1456
1438
5828
8754
3972
4305
2222
1197
245
3630
4206
5590
3681
1859
172
326
51
80
238
165
28
488
1204
1958
1397
8755
2336
6146
6919
8759
1784
1225
2207
4667
4670
338
8746
8745
2628
2535
2428
373
2151
2029
3639
1955
5098
1408
1698
8757
8758
607
1846
2583
2885
420
193
1146
8762
2305
4079
6995
2934
146
605
4517
5086
2251
8761
8763
4108
1680
8760
980
806
1230
4892
519
451
4314
855
2265
59
570
16
2630
78
361
8764
3682
7492
7493
4582
372
5849
2324
6147
8767
2870
8766
5217
8765
246
2966
7162
565
4196
154
2202
1641
1653
2243
2673
5593
1791
71
636
380
1455
5740
5594
4309
973
5414
1636
391
8769
7159
5169
4524
2969
3251
5246
22
8770
3994
292
8771
8772
8773
117
5272
4672
5741
637
323
4138
1802
3389
4511
4069
3677
8774
1751
669
327
1484
5273
2631
1369
3648
647
2657
4063
5316
5449
7285
1590
3340
4260
3674
963
1084
1634
2918
1512
900
1469
6850
8778
3680
147
4598
5481
1547
2436
742
4086
41
8780
3090
350
2647
5309
7214
593
2642
5310
7202
4150
4149
1553
10767
7215
1823
5311
1930
2798
2138
3411
76
3643
3484
2707
288
3185
561
7155
2313
5250
5559
827
857
5178
470
1673
2747
8779
2318
618
3868
557
1677
2558
1980
4590
8768
7006
4673
8781
2488
1179
1365
4077
604
6415
1916
2875
4068
1878
2616
5089
1444
1745
1487
152
1402
8782
306
3184
1605
2940
3672
917
2246
8783
72
1497
1201
2339
567
5747
5822
1707
3148
8784
3434
5248
2241
239
8786
2610
237
8788
3444
2417
1360
829
4096
7494
3445
108
4168
4554
957
5743
823
433
1733
585
4215
4302
2321
14
1423
131
435
256
15
32
19
5177
7262
1491
156
6444
8794
858
7091
2365
8791
7031
2062
8789
695
2131
592
408
7075
1946
638
6645
730
4085
5114
536
543
1387
7128
4026
5029
339
223
1833
8777
1453
1607
419
2744
8787
5198
5251
453
7008
7110
5172
8792
2306
308
8790
522
6150
1501
598
8793
7152
1381
5173
2432
7123
952
107
8785
3837
757
0
24
1
553
132
6930
1425
3129
515
3993
8798
5009
7496
2424
7497
1595
3486
7495
1192
1628
2678
1424
8799
1463
260
849
4083
8800
4075
4082
2965
4071
2576
2176
569
1527
1004
91
7286
328
7499
4595
7498
5595
7500
843
3487
1893
745
576
5819
1509
4519
1639
1868
709
3555
2682
2695
7053
397
2551
66
875
1234
5385
10780
4191
7241
4189
10782
3301
4166
7222
5384
7221
2698
10781
5356
7242
2219
4190
3327
1801
5383
10783
4018
213
2637
134
2422
1922
2032
8806
4011
8807
3649
160
2007
4161
5219
286
644
2315
2008
3665
1568
8802
8808
8803
33
355
2113
2941
1766
1611
8804
2312
1457
8805
5846
795
135
3961
2922
2286
6830
8809
2618
2280
5195
299
79
7147
1044
8811
1743
2879
4310
8812
1199
8810
396
3675
6
2414
8813
4674
1725
1173
4072
711
7502
785
7501
5841
1687
1126
4676
6958
6811
7157
1804
187
1957
3666
8815
4076
3228
1510
4398
3120
2627
3658
2887
526
1168
1606
1367
1604
3449
2717
4558
8816
5143
2542
796
6762
3854
2580
767
8817
7087
1890
86
2611
7057
3371
1563
8819
2236
127
8818
3159
422
786
7107
563
3053
6974
3165
4776
3162
2735
2205
4147
7236
7234
1532
7235
3281
2668
4199
7200
532
1523
1363
1975
31
3651
7503
7505
4298
7504
2034
8820
6153
4675
8821
6617
721
1601
3936
5191
8825
452
4508
8823
7086
4055
1486
3971
1209
5240
1843
2054
1235
3231
5270
3676
2810
672
2734
1966
2958
4038
354
3164
386
93
364
1150
6993
427
2156
8828
787
8827
4198
4315
1953
7111
1763
5226
1588
5485
454
1520
1555
8826
2711
974
8829
705
5806
5842
5731
5597
3641
1194
2689
7508
158
5214
8834
1622
8832
6154
2311
7509
5378
270
5799
1777
1956
2314
8836
8831
3472
2599
5815
2939
4095
2868
5829
7174
7510
8841
610
8843
3473
839
2272
8840
5213
7080
8842
1528
8838
3662
8839
1119
4594
4593
113
2956
1401
1919
5832
4572
4133
2584
2026
4164
283
1183
3341
490
1157
8844
2701
4197
535
1475
4061
2612
8845
1383
6922
2679
1667
3882
2621
4303
1944
1643
1896
7511
1871
2403
7515
1921
7512
7513
7514
2804
446
1613
5197
5257
5180
5836
6211
7046
5210
2620
3131
667
3869
8846
5266
1554
54
6155
3223
527
5294
2801
4001
5542
6981
8848
7127
2023
2933
1186
3163
1499
937
3100
1728
1570
3940
3183
8850
8849
315
3995
8851
549
7150
4051
3107
385
8856
3254
8858
356
4498
5131
7064
7066
3609
7140
8854
4412
3125
195
171
109
548
8857
114
8859
5199
2408
8860
8861
1048
4316
3150
3128
3192
8862
4678
8863
2886
3586
4560
6755
8864
3216
1031
99
218
111
336
5814
691
236
52
65
2
38
1009
8867
8868
3966
8870
7096
5162
3686
4580
833
1629
2397
394
36
359
166
7088
2028
4365
7015
2946
8866
3123
4602
725
4579
5260
4331
5095
8869
633
6157
748
429
6895
8874
390
1252
8875
8871
3752
231
1623
3660
2603
1437
2832
4885
2800
8872
3225
2624
3754
8873
2110
1317
8877
631
5415
4058
50
3900
1536
5223
7135
1742
2797
712
1227
1756
5261
3093
3871
1981
3211
859
329
8878
230
8879
8880
4795
4512
6963
5179
2923
8876
1441
1668
3226
3671
3140
848
4128
434
950
1373
8881
1556
5117
2560
1640
8882
4575
8883
3213
4592
8888
3777
955
568
8887
8886
8885
402
8884
1834
2187
2331
94
2615
448
3144
5598
5797
1154
1141
1731
367
666
7042
1940
342
8889
6173
1753
8892
4059
2200
4863
2606
8893
3115
3758
3543
6701
8894
3169
7058
1332
6158
2963
4047
4482
2115
8891
4078
8890
7250
506
2882
210
486
1465
8898
7076
3181
3394
4002
8899
456
3298
2660
206
3299
2384
673
6159
1210
431
1752
2273
7073
2570
1116
2920
1538
613
7517
5845
2155
1161
1740
1396
3201
881
8895
8896
8897
7068
2987
2429
1924
303
4996
697
1865
5111
2602
853
5216
8903
2304
314
2846
8900
7079
1014
8901
3924
3208
1952
2162
7154
5263
2379
690
552
2154
4366
8904
267
1136
1124
2722
850
1631
6552
3193
304
405
7153
2626
5268
4081
5267
7156
1403
3687
1876
2002
464
2383
4583
7518
4390
2789
577
4269
975
774
4060
2513
4604
1461
8906
5839
1932
1174
1965
5252
1507
8908
4408
7063
2245
1379
5115
1811
743
489
5244
2874
5783
5258
8905
573
4681
2088
3642
5405
8902
2134
4126
1857
3664
7519
118
1430
5599
3490
2858
5069
1947
2242
5142
8910
1998
2208
2913
5239
5154
2055
674
2608
3309
5835
73
2897
3566
683
5600
1065
4015
2643
142
6391
8918
4125
1231
225
8919
3171
2320
763
8917
8913
8912
8916
8915
8914
2327
8911
6160
8909
597
686
7521
1153
7520
4908
8923
788
4033
2443
2163
7129
6509
3751
3618
3969
1963
324
8920
2518
1938
255
298
8924
1449
8925
3720
670
1889
3892
8926
3077
1808
4304
4296
215
825
8927
813
21
1442
2454
1037
8928
1361
6880
1671
2342
5255
282
2086
130
2376
289
6572
3098
6892
1350
2352
8933
67
7017
8938
1489
4042
8932
793
7106
8939
8936
1006
4004
3197
8940
8935
1218
20
379
4118
145
70
1129
6996
5097
5479
190
449
1236
29
5779
1646
564
2267
3797
7019
8943
7139
5838
2381
3218
2022
3180
634
4218
2708
1737
7028
8941
8942
5778
5068
4255
837
1829
3242
2415
5801
7522
7524
1427
7523
5391
3619
525
412
7148
4588
305
1142
7149
876
1032
5254
5107
2073
95
8948
6481
4682
2322
8951
5851
8949
2788
8950
909
2393
6808
688
8958
5087
1468
8955
8953
1117
8956
5200
6976
8952
4025
5232
3205
878
8954
8957
2048
5831
3668
4169
5231
1132
7143
7043
7084
4564
493
7098
2423
5772
1781
8961
1447
6165
3130
2960
1708
2948
3653
5249
4584
6929
344
817
2697
8959
2712
4994
8960
6294
4683
5556
8962
5010
1592
1162
228
1390
1389
417
3401
7048
3222
8963
64
3177
3448
7528
5811
7525
2936
7527
7526
7529
8966
2178
3475
7134
8967
4684
1480
521
8965
2444
2046
3669
8964
2395
8968
2623
7133
1904
3638
3055
8972
1203
2541
7530
5753
2278
2418
2796
7532
5664
7531
2795
867
7533
1372
2346
2774
2014
1130
986
2988
7010
8974
8973
7045
1216
257
2284
968
4999
3215
1111
8976
3864
3435
7118
3830
6567
8977
2213
1460
6168
5241
229
4094
8975
8978
3727
5306
3909
2247
75
3983
43
6169
807
2098
8979
5545
7534
794
7535
584
8980
467
2574
838
2586
4685
92
106
137
1470
8981
6171
5166
3935
3359
988
6968
8982
3221
3220
6172
8983
990
263
1969
5840
119
4557
1635
7537
7536
3436
987
5761
345
1033
8986
1057
4074
8985
7130
325
1710
1926
4686
2905
5236
1850
3224
2962
2688
2035
1886
836
8987
2043
222
6651
6950
2959
5446
2071
1761
6575
8988
3628
6916
5242
3206
653
1597
1704
6872
2929
5745
5787
18
8993
3866
530
6722
3717
5427
676
5359
2137
2174
8990
8989
4520
624
5039
5247
6561
219
8994
295
8991
7538
1706
3446
247
5632
3657
5601
7138
7137
7136
2193
3199
4054
1660
349
9004
8996
4258
9000
6177
5113
5398
2622
985
2914
5465
9003
6837
2743
2358
1774
2696
2404
198
9001
9002
1892
4368
8999
5478
6178
6907
8998
8997
792
2605
3659
9009
9008
5192
3803
2413
4049
2970
1217
3042
1669
3194
3453
1564
753
4251
964
2050
746
9013
5016
2687
5206
4065
3272
9014
2119
9015
5109
2427
4040
87
378
7114
2024
9020
9019
5548
4518
5238
9018
4985
4586
4563
7539
2010
285
1392
4066
9017
1633
1970
7541
3530
1029
1884
602
5440
2762
5448
3393
2221
1187
169
9026
1546
6367
2756
9023
4566
1511
1991
9022
7317
9021
5245
1624
4039
4550
956
4070
4935
1121
4987
5550
9027
3455
2323
2790
5813
6997
5558
2021
7108
4570
5099
4285
4239
1224
3684
309
6179
1054
9028
3719
4573
2083
562
7101
5837
4690
704
7050
7077
468
3186
5235
5184
2598
5228
1431
2617
2656
1788
1797
2013
9029
6756
6986
2592
5007
9031
9032
678
2319
2737
216
5825
1885
872
4101
4606
3689
5282
9030
558
4691
7121
6942
6375
2081
88
35
2120
4578
9033
4944
7179
1854
3212
2639
4979
1421
4476
2218
4259
2196
7289
7288
1879
7287
524
182
5225
5852
4308
1008
3326
2645
2883
1416
2275
4585
2949
460
2614
9034
650
3027
3624
9037
9038
5108
9039
2111
2077
9040
5552
2786
1723
1263
9041
4041
9036
4053
9035
3279
6677
2917
5202
847
7132
3968
2325
4513
6498
9043
3970
6992
1384
925
2581
3926
1612
5022
9042
5764
1494
2033
9045
7109
461
501
5144
3652
1776
1732
500
3195
5749
5035
4064
9046
9044
6191
4170
3173
582
4693
1237
7113
1478
2926
5403
4799
3119
2589
4032
6181
2307
9048
2865
2954
9051
409
9052
1481
2999
4923
189
2843
9053
657
5243
804
1852
7544
7543
7547
5830
7546
7081
9055
9056
1642
2181
1887
302
3264
9049
3859
1830
1544
3644
5221
948
3608
7545
5798
1950
3547
961
1849
503
880
7117
2548
1028
6933
6901
6182
2563
9060
262
1905
9058
4995
7034
2405
9059
5165
7180
9057
3598
9062
498
5204
1571
249
1962
1122
7318
1961
4559
4525
5758
7120
728
6961
1504
7094
744
4008
9063
1238
5824
4307
2942
5602
5603
1976
505
7001
3865
7548
9065
5112
6183
3321
3088
851
2407
1377
5004
9064
5237
2377
7213
1125
9068
9070
333
1479
9069
6812
9071
2399
442
6728
6730
5124
447
7004
4536
6849
2112
1239
2853
3366
2554
9074
9077
3190
4369
3958
3610
3941
320
9082
2340
9079
1683
9081
6944
9080
970
7092
1040
9084
9085
4098
2416
363
9086
1414
7060
9083
3308
3172
3305
541
7550
3493
4534
7549
9091
9088
6775
7089
7124
1115
2595
1410
9092
2590
9089
2588
619
3984
3944
4048
6904
1618
438
3978
1632
4581
9087
3625
2128
7072
7181
724
4576
269
7551
2335
1985
6953
7126
5229
3391
5555
2186
3932
2945
217
9096
6185
6749
2309
9099
2079
2892
510
4052
4894
998
1446
1450
235
9095
6186
9097
9098
5810
1180
1711
5812
5224
3903
458
5489
760
9100
2667
6188
2438
5186
1649
7557
7555
5468
98
220
5782
7556
1151
3297
4395
5762
627
3103
9102
9101
2591
3990
1066
3786
5093
358
353
4028
3874
2944
4228
5220
4694
5233
1720
809
102
2699
125
318
7558
1918
4036
6149
5817
168
4568
814
5153
3654
203
9103
7100
2585
1002
3262
5354
590
1035
3214
307
3605
3200
7104
2185
3884
9111
632
1273
3975
1598
4023
3137
2952
5125
2971
183
5424
4020
2109
9110
2932
9116
6799
1851
9115
494
291
9112
4503
9114
5827
5818
1036
2596
4698
4035
3252
2248
53
2684
7291
7290
971
4532
5393
1109
7554
1741
1818
3062
5151
5190
3574
7026
5482
2791
1880
1881
5607
5608
4397
2316
7559
347
5110
3202
1909
4699
2587
1767
1949
9123
1744
1948
723
290
9122
9121
430
1748
3999
1195
9117
9118
3655
9119
40
1281
4050
3191
6786
6887
2234
6465
3433
2165
9128
5127
9127
9126
250
596
1138
1232
1158
5773
2613
1426
1140
2951
7116
3647
2361
9124
5441
400
2214
2653
2909
9134
4244
2041
9130
3620
9136
1042
9138
3203
9135
1988
2821
3108
6852
5073
7105
2674
9140
9141
4043
3376
1959
9137
9139
1545
3439
9125
6782
5012
3127
418
9120
5690
5129
9145
9144
6853
2877
2900
1552
5735
7560
6546
7090
2604
9142
4547
1853
996
5406
3447
4577
74
3887
2392
2354
6194
504
1718
2601
2197
266
2471
3111
2675
4017
4574
311
44
5222
2419
6908
7561
7562
1898
268
1891
3361
4312
4701
2937
7016
5056
700
2206
727
241
1448
3985
5396
6900
4044
2049
693
5218
3410
9149
9150
3621
9151
7563
3525
1550
5160
5074
2092
2553
1045
3650
2819
2372
1366
3094
9152
4989
869
7564
3622
2252
1690
123
7007
3157
737
938
3317
1973
2409
5823
9155
9156
772
9154
1897
5795
5826
4031
2681
4704
5709
3646
5394
7565
2921
9153
3960
3155
7102
2402
2573
906
9162
5185
9161
4703
7248
2420
3388
1163
1191
5140
2396
5045
5174
9160
2600
3133
3477
5736
7062
3151
9166
5159
144
5557
1219
531
3170
7085
1454
9163
6456
9164
4277
9165
3860
6949
7183
1758
5742
9167
1914
7566
5821
7567
5816
6847
9169
2330
3189
3820
5700
1652
6199
1271
2460
9168
7056
459
7095
2564
7083
3800
3557
1525
1901
4046
3685
3198
7093
9170
5203
4852
7059
6917
6765
9173
6401
2935
545
9175
3059
7097
9174
6563
6204
9179
2389
3263
1345
4991
2975
5283
6206
5006
179
979
1535
5126
4976
3116
9181
5227
4875
7024
1274
1616
7067
7775
9180
1513
1041
3187
9176
4571
9183
2067
1364
2421
1120
5175
9182
1467
2818
4037
9186
5205
6639
9185
1923
7035
6932
2538
5809
2177
4709
2175
4136
5361
671
2303
1863
2150
9184
9188
6989
2569
1198
4313
1429
3840
8723
7061
1712
8722
2669
5147
4492
4221
5803
3167
9192
2231
7055
103
1816
457
1011
1005
2160
824
4710
635
9195
9196
9193
9194
1778
3255
4543
4034
1927
5167
762
6209
471
399
3207
7569
5614
2768
871
4306
2406
6612
1877
1974
1160
5770
4182
9198
4888
6842
1783
5562
9199
722
7570
319
7571
4445
609
6977
5034
4567
2124
1662
4320
414
1413
2794
4712
1083
1855
2378
7572
276
828
3431
4495
1024
3521
3442
4748
9202
9203
3856
9201
2567
7573
293
331
2455
9205
6212
9200
4246
4711
5563
2770
159
7203
7575
4297
2401
2264
4931
4713
9207
9208
1738
2534
4014
3124
9209
2114
6441
5163
2924
3488
312
2792
7078
9210
9212
9213
9206
5211
9204
2646
959
294
3593
4514
5379
717
7574
9214
1202
9215
9216
6927
5208
1422
9218
1915
1608
5564
1559
9219
729
4013
7292
1937
1406
9217
6214
6215
6689
5820
1656
1412
4401
5454
5808
840
2761
9211
6213
5136
2566
4389
9220
4027
2594
629
207
3911
441
6217
6242
6973
835
9228
718
9223
1212
6769
1288
9226
1785
1137
6218
9225
2121
7036
3920
9224
9227
2562
7033
9229
1123
5786
6947
5802
1993
1395
5804
4544
5360
7224
1143
10778
4116
10777
4217
797
4216
747
7070
2514
534
2357
9231
9230
3196
9233
6876
3495
7576
1181
2394
5388
4403
9232
3895
5104
1817
2145
254
3934
4542
5013
4569
9234
4327
5207
428
5201
7074
6403
865
1418
5193
9236
9237
675
9238
9235
572
9239
4787
2869
2159
4715
1689
6219
7577
5477
248
5616
2976
2938
5789
1016
547
444
5617
1038
502
1394
966
10736
1575
5293
7182
2161
9240
6905
2347
6840
9241
2302
6221
5088
4716
6913
5119
3947
6220
4247
3291
4252
7293
2739
280
3992
3982
5194
4301
3392
9245
9246
6983
4766
1990
9247
1907
1888
4283
2233
2915
4254
9248
6951
9243
768
9242
5123
958
335
3582
7051
9244
1007
9249
3600
7030
4792
1786
2741
3270
2412
523
7580
2089
4993
9251
9250
3089
818
4113
6363
1534
1721
714
2577
9255
9254
1799
2692
1492
9256
2140
1644
1650
5807
2373
5620
2066
2880
1411
1378
3156
3946
348
2888
4587
3430
6222
5646
3188
9259
5084
9262
9260
9261
4030
2328
492
3612
7581
5301
7582
6227
6754
1874
2012
4024
6228
9272
4718
1471
9270
9269
2992
3908
1715
9267
6982
5170
9264
9263
1637
2132
6948
5352
5353
1610
9273
3739
9275
5134
4719
6999
2931
2803
5443
2649
2854
3918
9285
5141
3862
475
5066
1951
4942
9280
4021
9287
6694
9281
2729
620
2664
2899
4272
4404
3889
6229
4529
1928
9276
352
2928
1207
9282
104
9283
770
5135
9284
1026
9286
3096
7584
3316
7587
7585
5791
1213
7583
1376
4523
7586
4565
4541
388
9290
4257
2171
2190
4163
176
1979
2116
9292
2466
1056
5625
5624
7588
56
3955
4874
5152
9295
6231
3175
2031
4022
994
2410
4720
7039
2559
9301
9300
9298
6232
9297
2549
6233
9299
6417
7038
2582
2065
4553
2142
7049
2030
6659
9302
9303
1713
7776
2578
4224
3898
7032
4549
3848
4005
1074
3998
9306
4019
4807
6234
4556
965
6759
6878
7082
5445
1371
5182
1107
2136
9307
761
2301
9309
863
4141
9311
3031
9310
1039
6792
9312
9313
7011
6807
3451
469
918
6235
7258
4721
34
9308
6931
6861
139
9318
566
4370
2255
1022
9319
9316
4006
4722
6558
9317
3976
2123
4124
5785
1894
6423
496
3592
1405
4971
1724
1682
3901
4016
2226
2097
3404
2758
6943
2891
3636
9321
4526
9320
3723
6237
1861
3724
1780
3332
4531
749
9322
9325
404
2493
4012
2894
9323
3613
9324
6239
1241
2095
211
3629
5171
895
2993
1841
6240
6238
1771
3440
5793
9326
5005
3796
3725
9327
6241
1206
2064
1242
2540
6965
5100
9329
1490
476
7047
3997
1476
2152
3726
4504
9331
9334
4506
9335
9336
485
9333
5122
9332
1775
2229
2925
2908
7023
2565
9337
3478
5187
1156
3834
7294
4256
3381
5392
2713
775
1695
6244
9342
2232
360
9339
1619
2703
5705
3928
9346
6351
9344
6646
5137
6885
3583
3021
816
9349
7065
2994
9353
6247
9347
2904
9348
9350
7071
1703
9354
2575
4603
2527
3749
3626
1177
2736
995
3601
1488
936
5800
3256
9360
4555
2183
1001
2742
1101
2239
9361
4726
1578
2906
7
3623
3288
1189
800
2997
6250
706
4220
7596
5630
945
4406
5629
7595
9364
9367
9366
9369
9362
9363
9365
9368
726
1658
9370
6251
6941
6978
5183
201
2536
2009
2262
2568
2227
4727
7021
5796
7597
155
3178
3112
2249
2017
3039
4491
3176
5189
5103
1746
3951
9372
5075
5471
5176
6987
2866
5077
2571
9373
2652
778
3637
9375
7249
2344
2998
3146
4729
9377
2179
6254
1722
1661
3617
9374
1594
9378
5792
5351
3295
5350
6984
3570
413
3573
1415
224
128
4160
4877
9379
3134
4816
5703
6819
1672
5168
9380
4561
3965
9383
9381
4318
101
173
4730
3910
2091
9388
5765
821
9389
9387
1233
9391
2910
6378
1984
3729
4159
5046
9392
9390
5161
2759
2364
5041
2890
3905
1152
3857
1654
3987
5149
2677
512
3915
1579
4293
234
9393
7054
2579
346
9394
2441
1172
1739
3986
5573
1386
5349
1812
3005
9396
9397
2398
6258
9398
1282
5048
1819
2217
2809
1272
9395
9399
3149
2005
1837
242
4319
7052
8726
2896
6882
6140
5146
9400
5050
9401
9402
425
3378
3688
4099
5296
5790
2730
2400
3441
1178
699
1913
4409
826
7598
9404
3731
3158
2300
2386
5719
5128
5051
622
3595
5181
2270
9407
9406
9405
3634
1013
5150
3257
5397
9408
2180
7253
2459
3950
9410
3962
4749
2263
274
6952
1243
2045
3076
7022
6696
1769
6259
9409
4271
1420
3635
1498
6260
4738
7003
1496
6809
6262
5307
2556
4007
3072
5288
4137
4769
3479
2019
4758
4732
3166
9411
424
9413
5575
3977
6980
5439
3757
2919
7044
4394
6261
4901
640
4538
4516
4853
5155
9414
4100
2059
2390
316
5042
7506
7507
2878
7013
2387
3799
4391
5480
7025
6665
6886
603
4975
1244
812
626
3896
2011
3454
4000
1759
3160
7040
4123
2901
9415
3963
5037
589
9417
1537
846
3615
5132
9416
9419
138
9422
5053
4552
3818
1933
1131
9424
4862
1626
4819
9423
2295
7041
4214
1409
5158
120
6736
9425
3068
3732
4425
4155
5070
9428
9429
9430
6266
297
3989
4788
9427
281
9431
2916
6813
2782
5739
6777
5373
6800
3135
2903
3611
3925
3390
9433
6499
6484
9432
3927
9434
3980
6477
3438
5638
7296
2721
5784
732
5133
6582
1399
6788
9445
7298
1815
7297
9447
9446
6271
9444
7027
6270
9436
9435
4906
9454
9452
9453
9458
9449
9459
9456
5036
6975
3855
2543
9448
9462
993
1245
898
2198
1176
7012
6834
9460
9463
9461
6990
9464
2117
322
6413
983
4235
6835
4294
7601
7600
1106
9465
2787
7599
1246
1600
3809
6275
3437
3873
2544
3565
914
665
4213
3358
2733
9475
1839
1793
7037
716
9476
5090
5777
3748
6281
2680
9477
5308
6280
7602
5766
4545
6562
9479
3294
6283
2740
1566
2856
6282
9480
3456
2039
6486
6966
9482
5116
9481
2101
3147
6418
4212
9484
9486
5156
9485
5407
9488
1807
9487
2706
2731
2732
883
1462
5079
9489
1220
1609
4211
1248
1247
2297
7611
4299
7612
2036
9494
2672
9493
3063
6868
6287
3735
2902
6828
2172
2501
9495
3833
9496
2104
3599
9497
7005
2907
2020
1034
5854
4932
6985
6855
2299
3899
3979
3246
10735
2830
1285
9499
9498
6832
7029
3421
2911
5072
7613
3991
2240
6524
4887
197
1902
1551
939
529
9505
6780
6737
1433
6787
6823
6923
2261
9510
1603
1655
9509
9508
1249
2497
3310
2258
2298
5774
7614
2277
5348
6291
4266
9512
6431
9511
2374
6971
537
9513
6290
5788
7610
4433
1451
5476
8922
2517
8921
164
685
5769
6937
5067
1678
3154
9515
5105
7618
26
2550
6596
9516
9519
9520
9521
9517
3870
90
2955
2356
9518
3988
4533
6487
648
2533
83
3402
7018
1169
6962
1691
2867
6293
810
3505
739
4273
443
5027
1585
6580
2044
1500
6935
6708
7014
1870
6416
3145
2510
9524
5058
3260
5752
2215
5662
5763
5065
1716
9525
2799
3890
735
6815
6903
6295
9526
6296
7254
9528
2755
3001
1591
9533
3931
4233
5768
9532
942
3078
750
1251
9527
9531
9530
9529
3616
4413
834
7623
5639
7622
4509
2350
4274
4535
2388
1025
410
9541
3387
652
2244
4378
3736
9538
1726
2144
212
9539
5148
9536
1311
7624
5660
2053
9542
6870
2266
6969
4548
6298
3085
884
9552
831
6672
9543
9544
9545
3737
4132
4162
186
9551
3143
4928
708
9547
9549
9550
105
9553
3553
10837
3277
4317
508
10834
1844
820
10835
10836
1250
4479
5775
3973
4528
6924
3503
5579
3614
1917
9554
2785
4501
841
3795
2479
882
9557
9558
3967
261
5145
4234
7009
7628
5457
7252
5044
5094
1516
8847
7629
7631
1679
3517
5377
1593
9562
6300
6700
9564
3152
9565
4107
3324
4540
6779
6301
4742
9566
9567
1779
2523
2370
1967
7630
3942
4379
3607
5101
116
6960
6959
7244
3897
2529
9581
9582
9584
9580
9583
9587
9586
9585
9579
9575
5291
9576
1043
9592
9590
9589
9591
9588
9596
9597
9595
9594
9598
9593
5130
9601
9599
3579
9603
4950
9602
3139
9600
6461
6302
9577
5120
5780
9604
9605
2482
5106
2461
842
6845
6998
7199
9606
9608
9607
5138
5139
6991
466
6305
5580
4510
7632
7634
7633
2881
1647
9609
6899
6956
9613
9611
6816
6369
9612
7635
989
4477
6803
3564
896
3852
1872
1685
2211
6338
343
2546
2844
3337
7636
5771
7637
5781
3275
9616
3142
9617
6308
1531
5081
3981
1934
6994
1709
1436
3334
9618
5581
1866
4186
5061
5416
6970
1821
4546
1139
6705
3793
2537
7638
4417
2310
5733
7639
110
2157
1063
2898
1443
1630
3956
9623
9622
9621
5049
6745
784
4226
1576
5645
7640
5644
7641
2391
2195
450
3080
3542
2292
1782
9630
6979
9625
4167
162
9629
2260
5121
4521
3933
3916
1910
9628
9627
3596
9626
885
9632
2547
6939
9631
3035
4380
6945
3274
1831
3507
7644
4747
3948
4539
9633
6871
5750
7643
7642
9634
9635
437
9637
6891
9636
251
2895
3266
3603
4295
5746
887
4537
9642
2375
6810
2173
9644
9646
9645
3949
8907
2271
1081
3804
4751
9643
3370
9647
3867
6313
5648
2671
7648
5776
7646
4522
1155
7647
7304
7306
7300
7301
7299
7302
7303
7305
9649
6314
9648
4381
5085
6955
9650
4280
6796
6316
3136
9651
2539
5606
6805
696
9656
3048
6894
4195
5470
7649
2143
1824
2651
3369
3122
7542
5091
3020
479
621
9661
1964
4796
7650
5317
2294
5458
888
3429
4600
9657
910
6889
6874
1700
6592
1435
9666
2385
4382
6964
9665
766
6321
9663
9662
799
1862
934
9673
9669
551
9674
9660
2893
3585
9659
9658
9672
9671
9670
751
6326
3930
6324
9677
2520
3943
6926
9676
9675
4978
6339
4756
1675
5587
5038
2783
6766
5426
1149
2545
4601
2532
9680
5855
9681
3811
474
5118
9682
2767
9683
6328
4278
4876
2716
2274
1105
2521
3921
9690
9687
6332
9688
2512
2779
2815
1254
5589
3954
3939
9693
2480
3101
3075
4958
9694
6957
682
3841
9697
6888
6334
5760
7651
7652
9701
9702
6335
384
7653
7654
7655
3740
9704
4475
5751
6898
4422
639
3407
2411
3523
2082
9705
3741
9706
4484
2475
9708
6866
3126
2857
6341
6934
1370
6585
4762
6342
9709
3584
7657
7656
2831
2769
1388
3964
1860
5610
2557
2889
7255
9710
4777
9715
9717
3743
5767
1978
4423
7658
6954
1229
2355
1995
7659
5459
4530
3604
6510
3047
3280
9718
7660
7661
9719
17
6928
6344
5653
2363
6345
904
426
6906
9720
2753
6915
2085
7237
1205
2129
680
7662
4527
6678
6914
3591
3589
1770
845
3132
2462
3744
2808
6746
4974
1127
1869
9721
3597
583
5047
6785
252
3509
4507
7663
4449
1214
9724
1858
6348
3113
3500
9725
4131
1464
3568
6946
2519
9734
5410
615
9733
9728
6897
3459
6789
6862
6350
2254
7665
9736
6747
4223
1521
3276
366
819
1638
1836
1875
5692
7668
7667
7666
2235
844
3853
6936
9739
4232
5757
221
9740
707
866
482
642
7245
9742
6940
3879
6356
9746
4770
3118
6691
9743
9744
6793
9901
9899
9903
3110
5096
6910
2481
9747
7777
7780
7778
2440
5381
5856
7779
10853
10855
10851
4311
5475
5853
2442
940
10854
7176
10852
3258
9748
9749
3602
6938
921
1828
9750
6920
3588
9751
4772
9752
6791
4919
9753
9758
9755
7185
4774
6360
4185
6359
6450
9761
5433
5434
5722
9767
3580
3594
3095
3952
4775
9763
9764
6877
9769
3419
7672
1838
1664
9770
9771
3489
9772
9765
9766
8797
8795
9776
1827
2871
692
7217
6361
1856
3083
630
5028
9780
9779
4428
3561
3513
9777
9778
6579
6362
6750
5411
3953
9781
2754
556
6912
4778
3365
9791
5083
9794
362
3858
3577
6366
6798
3907
4793
9796
5092
6667
9798
403
6660
9800
3074
2464
9799
1255
4229
3886
1699
9803
1539
9806
9805
3773
9804
9807
6368
3912
6573
9809
3750
3070
4488
6570
1374
5362
1645
9816
4780
3764
1996
6373
2291
9820
3957
3587
5469
3352
9821
4869
1792
6374
9822
1086
2848
5438
10869
5695
1073
264
2343
4494
3006
9825
3097
6824
9830
9829
4893
9828
2644
6515
9827
9826
4981
9823
3851
3428
2003
2257
5026
10741
2288
9835
646
2189
4003
3335
7676
3355
3922
416
5080
9841
9845
9844
1182
6738
6380
9843
2835
1882
9848
6921
9847
3945
4469
4120
9851
9852
3913
9850
2828
2884
6488
3345
9856
9855
6826
300
6902
1659
9854
9853
9858
9859
9860
4487
1794
2290
5024
6381
2845
2237
4105
10738
10737
6436
9075
9076
5738
9868
1493
55
913
2530
7680
7679
1558
9869
1257
1920
912
9870
6804
6918
1688
2382
7678
7677
3416
5658
3516
2718
1972
7681
3248
9871
6442
2526
9877
1258
5730
2135
7682
5460
5682
3086
6911
4789
2470
196
5704
9885
4790
5054
10784
5358
2723
1567
10785
4135
7243
9879
4140
741
6814
5661
84
6392
9886
9887
6909
2047
9888
517
6395
9891
9894
5059
759
7686
1945
890
4745
1375
4924
3099
7687
7688
7689
5663
9896
9897
4797
3109
9898
3849
6398
1883
1259
9906
9907
6399
7690
1128
3569
9908
1221
3245
2369
3753
3380
5759
5302
9909
9911
6771
9910
3114
7259
5071
9912
9913
891
5665
9921
2498
9917
3571
6742
2528
6831
1000
1102
1240
6879
2468
765
1524
3815
7692
5667
5292
9930
9965
2238
4114
4286
3250
7694
2862
9935
7256
10793
7206
10794
5402
3014
4400
3432
1625
6478
9936
3788
5755
1046
9942
9943
9941
662
6406
852
5347
9945
6821
5000
2516
5076
4846
1651
2876
6556
9950
1992
7698
7697
7696
6896
892
756
9956
5078
9954
3044
9955
9957
2686
9958
9959
1223
1021
9960
879
9961
9963
9964
3914
9962
1003
7699
3106
4801
1989
4800
9970
5055
4880
3760
9971
1842
978
6846
4284
167
4227
3043
9973
4802
9974
931
5461
9975
4803
2839
9976
9977
3937
3938
7170
9171
6315
6735
287
2269
6867
9979
4502
658
5003
9983
5017
9982
2638
9980
4805
1147
6598
4806
9981
1773
6412
3536
9988
1051
1222
4883
9987
2842
9989
9990
6414
3762
5726
9991
3567
4808
9995
9992
9994
3763
1495
6890
10001
7328
2872
3929
3036
10002
1684
4332
5289
10739
5290
10003
10004
5627
10005
3038
10006
3010
2371
6419
6838
3331
10007
381
1826
542
8694
6138
8696
10009
1466
10014
10010
1735
10011
10015
1734
10016
10017
6848
9090
10789
4172
10787
10788
10790
10021
10022
10019
10025
10020
10023
3562
4813
2133
7704
601
4812
6424
4291
10027
10026
5346
389
1994
258
10029
1050
2772
10030
10028
4292
3412
752
3057
3384
4848
10033
6893
3290
10036
374
6430
3766
10037
10038
2167
6863
3241
3497
6768
3590
10039
2148
10042
2491
10043
6433
1840
5023
2380
10044
6432
10041
1148
4112
911
3906
6860
4817
4121
10045
6434
10049
6435
6883
10050
10051
3065
5633
7705
5681
5284
3526
10048
10047
10046
6438
1069
6437
6571
10053
6440
6752
2289
5062
5063
5064
3919
10054
3084
4410
6881
6439
2283
2158
1343
3512
6884
7706
2780
10057
2506
2337
180
2709
10058
2822
3888
789
10059
664
2525
5011
1562
944
10061
10060
1047
2225
10062
5040
6740
5484
4988
1506
6817
3502
3770
3415
7708
10070
3414
3771
3572
6447
5033
10071
10067
10068
10069
7260
6448
10072
2058
5380
10073
1848
10074
5659
6753
10066
6446
9257
5566
3780
3850
2256
10077
10076
10078
2074
10084
10082
10079
10081
10083
3261
2230
3527
2362
7709
2505
7710
703
3249
2285
5754
2823
4823
6857
5732
2824
6836
7711
3537
1010
3878
1076
10086
10087
2282
6858
3847
10088
6454
6801
1627
5676
7540
4393
6455
10091
3861
1362
10089
2018
5728
3092
3880
3013
2367
6500
4977
3772
3344
5031
4489
10098
4321
6873
3058
1790
7712
1864
4499
5686
4515
2522
1260
3558
6875
4844
5670
10107
10105
10108
2860
5637
10113
10112
6485
368
10114
10111
2228
4915
976
10109
1912
2253
2851
2348
7714
5734
1717
5729
133
10116
10115
3522
3405
2287
4982
4827
6865
4828
3104
2507
10121
3775
6827
3417
10125
6467
10122
4983
10123
5060
10130
10126
10119
516
10140
6470
6469
10133
10141
4949
10139
4829
1617
3374
10804
10143
10144
10145
6869
10146
3554
2781
1569
10136
5640
10137
10138
3576
3524
6471
3458
3917
5015
4830
5057
10142
769
5314
2509
1113
6851
1071
922
3885
473
10103
7186
7223
10150
7716
4103
148
1215
5688
2773
641
4461
5737
4460
5716
7717
10154
3506
6474
4424
8693
3244
3026
5805
10157
10155
10156
6475
10159
6854
10160
2666
7198
5395
10786
1519
1832
7718
140
2704
6476
2847
10163
10162
10161
1052
5642
2829
10166
10168
2216
5429
7295
2223
2720
10170
10169
4465
4466
7719
7722
7721
7720
2504
6864
3322
1262
4838
893
3578
6489
2515
10173
3368
3581
4843
894
5647
3904
10174
10175
4841
6839
10176
1657
612
4222
6859
1820
10177
2093
3529
2447
10178
5643
694
6482
10179
5702
2038
2483
10181
6490
3046
6642
6781
3538
7726
5304
3375
10185
1755
6825
3843
3779
6833
6492
3015
6732
10188
10189
10187
497
2655
4864
10192
10191
4421
10193
10194
6545
4845
3356
3041
2503
3385
1522
10200
4945
4939
6495
2477
6680
10201
3073
2212
10205
4139
3357
3781
10206
2662
2366
2710
6507
2141
6802
4937
10208
10209
3071
10207
808
5018
10212
6760
10211
6497
10210
10214
2146
5744
10213
10221
3782
10222
2873
10223
10224
4440
10225
10226
10227
2106
10228
10229
10230
3785
10233
10236
10240
2094
6505
4946
4437
6557
10241
4997
10239
10238
6504
10237
1385
10235
6503
10234
6506
4889
2341
10245
10242
6770
10231
10232
3028
4505
4850
10244
10243
4851
4210
6739
10246
10247
6597
10248
4290
3539
6508
10249
10250
10251
4436
7728
5698
7727
10252
10253
4909
3787
3336
6829
10254
3540
10255
926
6511
6841
2489
6818
2004
10256
3067
6657
10260
5030
3087
10262
10263
4855
2268
10261
2665
2203
10264
10265
3510
3790
10266
3902
5025
10276
7329
10275
6663
10274
10273
10272
10277
10268
10270
10269
10271
2130
10795
10796
7257
10799
10800
10801
3367
10802
5408
10803
10798
10797
782
4323
4236
10279
10280
4856
10267
202
10284
6539
6719
10287
4427
10286
2863
6521
6522
10288
10282
6519
10281
6514
10289
3278
6844
1809
5712
6523
10293
10292
2042
10291
10290
1987
2837
10295
10294
4858
7311
7320
10296
4860
10297
2199
6525
10300
10301
10302
6527
5032
6526
6530
6721
3794
10307
10306
754
643
3514
10308
6820
6584
4886
3535
6532
4451
1572
10309
4865
5014
2511
10315
10314
10312
3426
3422
3354
10317
3022
10318
10319
6535
10320
3268
10311
10310
8756
4998
1264
5437
2719
10324
659
10325
4955
6790
10326
6538
2037
6541
10328
10327
332
4897
6763
6276
4375
1692
9472
1908
6277
5547
2078
3556
3408
6543
5436
10331
6806
10332
10333
4868
539
4831
10335
10334
10339
10338
10336
10758
10757
7187
10340
2496
3563
5491
3891
10341
10342
10345
897
10346
783
9305
10347
462
6664
10350
10351
6548
10352
10354
10355
6549
10356
10357
163
5655
3802
10359
3560
5656
6550
10363
10362
7172
1796
3247
2694
10365
10364
3831
5657
645
2090
10361
3386
3798
2478
6761
3846
3844
10366
10367
10368
6551
6783
10371
10370
3559
3877
499
6555
1058
6464
3025
10374
6279
6278
10373
271
4435
656
10375
10376
6695
10377
6559
4905
1296
7175
7173
755
6822
10378
3234
10384
5713
7746
10385
2648
6564
10386
10387
5714
7748
4485
6565
1798
3023
3420
7314
10392
10389
3079
4438
423
10391
1540
7751
3552
10393
10394
10395
4984
10396
4910
6566
6591
6638
10397
3066
6568
4122
946
6569
10402
7197
10401
10400
483
4486
7753
1015
7755
2852
10412
2778
3037
554
3379
5666
7201
758
1439
10418
6758
2476
3807
5718
7759
7761
7760
5724
4490
10421
3520
4881
6583
10423
10422
3769
6586
10427
6748
10426
10425
5720
6587
6588
10432
10433
10431
3081
4444
1911
10442
4250
1265
10444
10450
4177
6773
5020
3303
6661
1757
10451
4992
2685
1557
10452
1503
10453
1986
10454
3082
6795
5019
4500
1266
5008
533
4245
6794
10456
7764
3575
5615
7765
4448
10459
10460
10461
6599
5466
7766
5343
5725
7767
6797
7309
7308
9559
9560
901
1736
4450
6601
10468
6772
3029
10470
7768
7769
905
4470
5701
6784
10480
10476
10477
1674
3881
5677
6613
10486
10487
4968
649
10488
2502
6611
6609
6608
6610
10485
6614
10489
1407
3876
4493
4990
10490
3838
121
6615
3872
2345
2859
10491
7321
2147
2840
5678
10493
3863
5679
5002
6320
2102
4941
10645
10498
6618
10499
4322
4453
4454
1977
4178
3061
10523
3034
4106
2849
10500
6327
600
6625
6774
1253
1269
10504
10503
10502
8944
8946
8945
6163
6162
10506
5483
6627
10510
2368
10509
907
4896
6628
10511
10512
6776
6764
3816
10514
6707
6629
2749
4904
10517
10519
6631
5680
10518
5287
1166
10525
6767
10526
10527
10528
6634
3033
10524
10522
10521
6633
10520
6632
10529
10530
4902
2445
7594
2771
7593
7592
4903
6637
6636
10532
7773
4288
1943
4496
10535
7772
7771
2485
6778
10540
10537
6644
6641
663
5467
10543
5390
1574
10544
10545
5721
4890
4907
3821
4157
3064
3832
6647
586
4209
4804
2826
10549
3823
10550
10547
6648
10546
10548
6751
10551
2841
10553
10554
10558
10556
6650
4986
10557
4289
7770
1398
2487
10559
4605
3314
10561
10563
10565
7247
7763
6658
1954
4914
4456
3534
1059
10572
4912
3051
10571
10576
4458
4457
9471
9470
9469
7762
5723
1020
1867
310
10578
480
9330
6243
10580
4158
4917
3045
4936
7307
1165
3069
803
6669
481
6670
10584
5687
1270
3009
10588
10589
6673
6757
7758
10594
6674
10595
6427
5374
1533
10600
2806
10603
3828
6676
4810
6675
3827
10604
7757
10608
10606
4462
10605
2776
6682
7752
5715
4922
10614
357
3153
5212
6216
7756
7754
5717
2705
10621
10620
10619
4972
1873
6684
10622
7749
7750
2777
3267
2492
6686
10626
10627
10630
4926
10629
10628
1060
7747
2166
10633
5464
3835
10636
6692
6693
10635
3836
1275
3424
4483
7745
5315
10638
4930
2188
9500
7177
7178
3425
10805
10812
10813
10806
10807
10808
10810
10814
10811
10809
10815
10828
10829
10827
10825
10824
10823
10822
10821
10820
10819
7261
10818
10830
10826
10817
10816
2807
10760
10759
614
1061
6325
7744
10639
7743
7741
7742
2817
713
4324
4933
4468
2001
10641
2494
4934
764
7740
10642
1505
5694
3302
6388
10643
2329
5342
2191
6376
1542
9832
2495
6697
6698
10644
4938
10646
4940
6249
5569
9358
2661
4943
3548
10838
7319
10841
10840
2802
10839
10745
3550
3049
10657
5710
3549
4481
5711
773
10649
10650
4947
10740
1530
10658
10861
3271
5340
3287
4480
10858
5591
9713
10659
6715
10660
1062
10663
10662
2752
2473
3423
1184
10666
6706
6741
1276
3293
10669
10670
10671
10673
10672
10674
226
10678
7739
10679
5696
1277
10680
1847
4142
4899
2351
150
7737
10687
3541
10689
6711
4956
6710
1017
1581
4473
4188
4960
6190
6192
3845
2096
5706
7736
4962
10694
2103
3060
3544
10698
10697
6717
10696
4287
10702
1760
10707
10708
6733
10712
10713
10715
10714
2040
4973
1472
4970
1072
10730
7734
4478
7735
5320
10727
4969
10725
10728
3017
3030
10729
1278
6729
6731
10726
5389
595
5432
3307
3330
3383
947
10732
3403
1279
9689
6331
9691
6329
4392
1280
10720
10719
10718
10717
10721
6727
5303
10716
6724
4388
9696
4248
4740
4967
10706
6720
4964
10705
7315
4965
10704
10703
854
1835
4165
7729
903
9421
2973
7195
6716
2069
2990
10695
5431
5430
6714
4961
3056
10693
5699
10692
10691
4474
4959
2663
6713
3842
10688
4180
1256
4957
6709
275
5286
10686
3054
5697
10685
10684
10683
7204
4471
10681
10682
4953
4954
4951
10676
733
10677
4952
3050
3360
7220
10675
10668
10667
7219
10665
10664
3052
10661
679
10656
10655
5341
10654
10653
6703
10652
10651
6702
1666
997
10647
10648
4110
6699
587
7723
7724
7725
3182
5693
10640
1541
4335
2210
811
3382
4929
10637
4750
1805
6688
10833
5462
10832
10831
7246
7313
7312
6687
10632
10631
4464
2775
5691
4208
6685
2105
10625
4925
10623
10624
10618
2683
10616
10615
10617
4785
1067
6683
6681
4093
5689
10611
6679
3533
4326
10607
507
1825
10602
10601
7715
5463
10599
10592
10593
9914
9915
4920
3531
10590
10591
10585
10583
10582
10587
4918
10586
3826
10581
1018
4916
10579
6668
3040
7713
4459
10577
6666
4913
10575
10574
6662
10573
3825
10564
6654
6653
10566
3282
411
10570
6655
10562
3824
10567
6656
10569
6652
10560
4179
10555
3822
6649
5685
611
4455
731
10552
5684
7707
5683
10764
7216
7211
1133
3819
10541
10542
10536
10538
277
6643
10539
6640
3813
10534
10533
1583
10531
6635
4900
5613
4452
4898
6630
10516
10515
10513
4279
2100
10507
5401
10508
6626
3817
10501
10505
4895
3032
6621
10495
10494
10496
10492
9789
9788
9787
9786
9785
9784
9783
9782
9790
6616
10497
10484
1068
10483
10482
10481
10479
10478
5675
10475
1075
2276
10474
10473
7702
560
6603
7703
10469
10467
734
10466
10464
10463
10465
6602
1287
10458
740
10455
1103
10457
5300
2640
6595
6594
594
4446
2750
4884
4281
10449
10448
6590
10447
10445
544
7218
10441
10440
10436
10434
6589
2484
2838
4447
10429
10428
3289
10424
5669
10430
4442
10420
3808
864
7695
3351
3519
6574
10417
10416
3805
10415
4879
3806
7693
5668
1070
4878
10414
1702
10413
908
7691
10404
3518
10403
10399
10398
129
4439
3024
10390
10388
1359
10381
10383
10380
10382
7685
7684
7683
10379
3801
6560
4249
822
3829
10372
6554
3409
4432
10369
2836
1526
2702
7675
10353
1445
6547
3019
10349
10348
4871
1289
2099
10343
10344
5654
6544
10337
4870
1290
6542
10329
10330
4429
10323
10322
6533
10313
3018
10316
10304
6531
10305
6528
6529
4746
10303
10299
10298
4861
10283
10285
4857
6520
9359
7670
5651
3406
7671
10258
2834
10259
4426
7669
3413
10257
6513
3789
185
6512
2833
1697
10104
6460
10106
4966
4156
6537
6536
4276
7664
6502
3784
3783
10219
4849
10218
919
3508
5650
10217
1714
6501
4847
924
10202
10203
10204
259
623
3320
6494
10199
10198
10197
10196
10195
4207
4420
5649
10186
3778
6493
10190
10180
6491
10182
10184
10183
6372
6330
9692
3515
10090
9016
4842
4840
1971
4839
4419
7645
10172
10171
4418
6483
4837
6479
4833
4836
4835
4834
6480
10167
2524
10165
10164
1573
540
10158
1291
9795
9797
10149
10148
10151
3776
10153
10152
10147
6473
6472
4415
7625
2746
7626
860
4416
5641
2715
10135
4414
4911
10134
10131
10132
3457
10127
10129
10128
6468
10120
2827
7620
4472
7621
10124
10117
4826
6462
10118
10110
781
7617
7619
7615
7616
1730
10101
4825
10100
10099
10102
1092
10220
2745
6458
10095
10096
10094
10093
10092
10097
6457
7608
2825
5560
7604
7607
7603
7605
2338
7606
6451
10085
6453
2474
916
6452
4411
10080
7568
5612
3691
5634
6443
3768
5455
967
3315
7238
10405
10406
10410
10407
10408
10409
10411
10055
1686
10056
4243
10052
3498
7407
2472
5399
9483
10040
10035
6428
10034
5631
10031
2805
10032
4407
6429
10419
4815
6426
4814
6425
3011
5281
10024
10008
2016
10013
10012
6422
5671
7700
5672
5673
7701
4811
6421
6420
3532
4184
1565
7591
9997
9998
9999
9996
9993
579
4405
5626
6411
9984
9986
9985
7251
5622
5623
7169
5621
9978
9972
3761
4854
1693
9966
9967
9969
9968
5619
6410
7579
7578
5618
578
4193
9951
6408
9952
9949
9948
2469
4402
6407
9946
9947
3747
9940
9944
5313
9939
9937
9938
421
1983
6404
3756
6405
9478
9933
9931
3551
9934
9932
3755
9928
4798
3102
9929
9927
5611
1100
9926
6402
1292
9925
9924
6400
9922
9923
5453
9916
9920
9919
9918
5082
3117
6397
9895
4794
6396
9900
6141
9902
9355
9890
9893
9892
6393
9889
5609
6394
3313
9884
4791
9883
923
9876
9880
9881
9878
9875
9874
9873
6390
9882
2068
3494
5605
4786
6384
4330
9862
9864
9863
9866
6383
9865
6382
9861
4783
9857
776
9842
9846
6379
9840
9839
9836
9837
2816
9834
6377
3007
9838
9831
870
9695
3141
161
9818
9819
2359
3492
9817
9815
9814
3004
6371
1293
9813
9812
9808
9811
3491
6370
9810
9801
9802
1294
1561
6364
4102
2184
9773
9775
9774
4146
6358
4773
9762
141
6354
10443
5428
7516
1295
2463
9745
2467
4771
9741
6355
4882
9737
9735
4768
6352
5400
5323
2075
9727
9730
6349
4765
3002
7609
5635
9726
9723
9722
1099
6346
6347
3485
5592
9716
9714
6343
9711
4763
9712
681
9707
6340
4761
933
9703
9700
4760
9698
9699
6333
5588
9686
9685
4387
9679
9678
10770
3286
10768
10772
10769
1382
4467
7489
5585
3482
6318
6317
9655
6312
4267
4268
6311
2052
9638
9639
915
9640
9641
4752
1079
3528
6712
2728
6309
5582
9619
9620
9615
9614
935
4754
9610
3738
6304
6690
9578
6303
6306
6307
4744
9573
9568
9569
9574
9572
9570
9571
9563
9561
4741
9556
9555
4743
1226
4821
9546
4739
9535
9537
9540
9534
6297
4377
9523
9522
2972
6292
6289
9506
9507
9514
5578
9503
9504
9501
6288
9502
3000
9492
3480
9491
9490
6286
4376
2169
3481
3734
6284
6285
9473
3733
9474
9468
9466
6274
9467
7485
9450
6273
9451
9457
6269
6268
9440
9443
9437
4737
9439
6267
9438
9441
4736
9442
5576
862
4175
4735
4205
1299
6265
4734
1694
6264
4733
9418
9420
1085
6263
9412
5574
7484
4822
962
10700
10701
6718
10744
10742
7184
10743
2334
868
6256
9384
6257
9382
4374
6255
2813
9376
5570
7483
2727
5571
2063
8557
7482
4725
2996
2446
9357
9351
9356
2995
3728
6248
4809
9341
6245
9338
9340
3348
943
9352
4724
6246
771
9328
5568
7481
3546
4372
4371
2458
6236
861
1077
9304
9294
4708
9293
2991
9296
6459
5636
6843
6230
9291
2457
9289
2812
5567
9288
9278
9279
9274
9268
4385
9271
9277
6224
6223
9266
9258
927
9252
9253
1300
2279
4714
1485
9221
9222
5565
1078
5339
4723
6386
3323
6210
9197
2456
9073
9189
9187
6208
932
4707
9178
9177
6205
9172
6203
6200
6201
4706
6202
9159
9158
9157
3292
6198
9146
9148
6195
4431
9143
2080
4700
6193
9113
4705
9107
9109
9106
4695
9105
2820
4764
9104
3319
6187
5554
7480
2139
5371
5319
9093
9094
3742
2748
10634
4927
7479
7478
6184
9078
4240
9072
5423
1301
9066
9067
5370
4399
4265
10610
10609
4921
7212
10612
10613
5553
9061
9050
3377
9054
9047
538
4692
4192
6180
3350
9024
9025
555
5551
7477
7476
5549
588
2989
9012
3718
9010
9011
9007
9005
9006
8995
4367
8992
6175
3476
4689
6176
5546
7475
2317
3730
4688
6174
8984
4687
6310
6207
5488
8969
6170
8970
8971
6166
6167
3716
5544
6164
6161
8947
3474
3814
4154
689
8934
8937
8929
8930
8931
7474
1380
7473
4680
2057
5543
1080
4702
8569
4665
6037
8496
5539
8865
3349
4264
7472
6540
4867
3715
8853
4677
6156
8855
8852
2153
6734
10731
8837
8833
8835
8830
1587
3690
4679
4364
8822
8824
3714
8814
3713
382
6152
6604
2986
8801
6151
3471
9343
9345
8796
1267
8775
8776
6148
4671
661
8752
6145
1302
4696
6144
5285
6143
8743
8744
8753
4669
8727
8738
4386
4231
7490
3483
6353
8708
8707
8706
8705
8709
8683
8684
3470
8686
8685
5409
1303
6136
5372
6137
4820
8662
8661
8660
8659
10771
2015
5335
5338
7282
7283
4362
8658
3759
2168
5572
8653
8655
8652
6133
8654
5336
5337
8651
8657
8656
4660
8650
4176
8647
5490
8648
6132
5369
8649
2811
1304
8646
8645
6131
8644
10874
5368
8643
8642
3709
2220
6130
6129
6128
8638
8637
1549
8641
8640
8639
8636
8635
6723
6578
4104
8634
6127
7471
6126
8630
8631
8632
7470
7469
8633
1305
2984
8629
1082
9426
6496
4329
1306
8624
2201
6123
8625
7232
8623
6122
6121
8628
6125
6124
8627
8626
4359
8619
8621
6120
4663
8620
7674
7673
4282
6119
8617
8618
3839
8616
3707
8614
8612
8613
2452
8615
3399
1813
5540
3469
3501
10792
3364
1614
10791
920
1768
6118
8611
8610
4659
4658
8607
8609
2974
8608
8606
4657
7468
1308
3504
8605
4174
8622
2453
3708
6117
8604
2084
5367
8603
8602
4238
6116
8601
8600
6196
4656
9190
5561
4328
9191
5538
3328
7467
7466
3706
8599
8598
8595
8596
8597
6115
1309
6114
1310
4655
6534
8593
6112
8594
6113
4654
7462
5537
8592
8590
6110
6111
8591
8589
6109
7464
7465
7463
8588
6108
6107
4358
8586
8587
6600
5295
10462
8581
6105
8580
8579
8578
4784
3008
8577
8576
8575
8570
8571
8572
9867
6387
6385
8573
4653
8574
8568
8567
4652
10750
10749
4134
3273
7205
4361
6104
4396
5413
3496
3468
1586
6103
8566
8565
8564
6102
8563
8562
8560
8561
8559
4145
5366
5365
2333
477
10690
3398
3792
6101
4650
4649
4651
6100
8558
6099
8556
8555
8554
6098
8553
10018
8552
2281
8551
6097
4866
6744
6743
1298
6096
3705
6095
204
1312
8550
8549
6092
7310
1596
5435
3333
1789
5535
7460
5536
5534
1762
1764
954
6088
6089
8548
7189
5533
6087
6090
6091
8547
9872
6389
2465
8546
4187
6084
6086
3704
8542
8541
8540
6083
4948
5425
9403
7731
7732
7733
8539
8538
8537
8536
8543
6082
5532
1906
8535
7458
7459
6079
6080
6081
8534
1313
3703
8533
6078
8532
8530
8531
8528
8529
6336
6077
1284
8526
4355
2983
10866
8386
3745
8525
3304
4275
5577
7456
7457
4648
8524
4354
7326
5531
4647
6076
8522
4353
6074
8523
8521
6075
8520
5530
8519
4352
9738
8513
8516
8515
8514
8512
8511
8517
8518
2259
9133
9131
9129
9132
660
9760
9759
9754
9757
9756
6357
8510
8507
8508
8509
4646
8506
3397
6072
6073
5345
5529
8504
4779
8505
4668
8502
6071
2714
5387
8503
5604
6070
4645
2060
7453
7454
1315
1314
8501
6189
7455
5528
6069
6067
6068
6066
8497
4430
4109
6063
9793
3003
3329
3702
4644
6062
1297
5526
4130
7452
4350
7451
7449
7450
6060
6061
8495
6059
8494
6058
2690
8493
4643
2659
6057
801
7446
4351
5451
7447
7448
6056
6055
6065
6064
6054
8492
8491
8489
8488
6053
8490
8487
8486
4263
7445
5525
2766
8485
243
8484
10871
6000
10868
4270
7420
5517
6017
2985
3701
8426
6027
8427
6022
6030
10859
5999
8352
10857
3700
5998
2982
8348
8483
8482
3318
1318
5674
3418
3467
8481
8480
4349
8477
6052
5524
8478
8479
6051
8475
8476
6050
929
8473
8472
8474
591
6048
6049
6047
8471
7208
3466
7444
3373
6046
6045
6043
8470
6704
6042
3810
6044
5364
8469
1319
7969
8336
10321
7280
7279
7281
4242
7443
7442
6041
8467
8465
8468
8466
6039
8464
7327
6040
4153
8460
8461
8462
8463
5334
982
8456
8458
8457
8459
7278
6038
8455
1320
5523
7441
4144
8454
8453
4642
2056
6036
6035
8451
8452
5522
4356
9548
6272
8450
4641
8449
10875
1321
8448
5521
6034
8447
4640
8446
6449
8445
5520
9953
6409
4767
4891
6033
5487
7438
7439
7437
7440
5422
5421
4204
2726
9792
6365
7435
7436
4262
6032
8443
8442
4348
8441
4347
8439
4237
6031
3284
8437
8438
4346
8440
6029
8435
2724
8436
6028
8434
6516
6517
10278
6518
8432
6026
8433
5486
6337
4759
8429
8431
8430
7627
5456
7188
8428
6024
6023
8425
3325
8424
8423
4873
8422
8421
8420
5519
8419
6021
6020
1810
10000
9455
10446
8418
7277
8416
1323
6025
2486
5333
5332
1322
8414
1091
8412
8413
8415
7589
7590
8411
7276
4117
4325
8405
8406
2451
8410
8409
8408
10847
10846
10849
10848
10850
6015
8404
6016
8403
8402
4638
7434
8400
8399
8401
6014
8396
6013
8397
8398
8394
8395
8393
5376
3347
8391
8392
9824
8389
8390
6012
8387
6011
8388
8385
6010
8384
3699
2070
8382
8383
7433
7431
7432
1324
8381
8380
8379
8378
8377
6009
4637
5355
7429
7430
7428
3312
4345
2209
3698
6008
8376
5322
6319
6007
6006
8373
8374
8375
1326
8372
9624
5652
6004
8371
8370
6005
8367
8369
8368
8366
4782
8361
8362
8363
7427
7426
7425
4097
6003
9849
6002
4384
5518
738
7424
2693
8360
3545
7730
8359
6253
6001
8358
7423
7422
7421
8356
8357
4344
654
8353
8354
8355
8349
5516
8350
8351
7419
1929
5515
7416
7418
7417
5997
2192
8346
4636
4635
8344
2981
8345
8347
7196
5305
5514
5386
4634
8343
1087
3464
5996
5995
3463
7413
3465
1088
8342
8341
8340
5993
5994
8338
8339
5513
4632
8335
8334
7412
7411
8332
3462
8333
3265
8330
8331
4631
3511
4443
4343
5992
8329
5991
2072
8328
1090
5990
8327
4629
5988
4630
5989
6093
6094
5986
5987
8326
8324
8325
5985
5984
10845
10844
1190
7325
10843
7322
4230
10842
7323
7324
8323
7410
184
3697
8322
8321
5321
8320
3461
5983
8319
8318
4202
8315
1089
5981
5982
8316
8317
8314
8313
5512
8312
5420
7275
2450
8310
8311
1327
949
791
7194
5980
8309
8308
6252
8307
8306
8302
8303
8305
5979
8304
4628
7409
5511
5978
1328
3721
8301
10075
8300
8299
5977
3346
1329
8298
6299
4181
8296
5976
5419
8297
8295
7408
5510
3353
10870
5947
8222
5975
4627
8294
5974
5973
8407
10876
5972
10867
5945
7193
4373
4728
9371
5596
9732
9731
9729
8293
780
5971
5969
8292
5970
9904
9905
4626
6445
10064
10063
10065
8290
5968
8291
4872
8289
2182
8287
4173
8288
10873
10358
10360
8286
5967
8285
777
8282
8281
8280
8279
8278
5966
8284
8283
8276
8277
7406
5965
4342
4625
8275
8270
5964
8271
8273
8274
8272
3696
8269
1330
8268
8267
8266
8265
3695
5418
7273
7274
1331
8260
8261
8262
8263
8253
8254
8256
5962
8259
8258
8257
6322
7405
9664
5584
9668
9667
8251
6623
5961
8252
5363
7231
5960
8249
3694
4127
7404
5958
5959
8248
8250
2670
8245
8247
8246
5509
4623
8244
5957
5956
8243
3460
5955
4201
1334
715
5954
8242
8241
8240
10765
10766
1135
7210
5953
8239
5952
5357
5951
8238
10747
5492
10746
6577
6576
4441
7403
7402
1335
8237
4341
8233
8234
8235
8236
5950
10865
5931
10872
8146
8147
7401
7399
7400
1097
6671
8230
8231
8232
6019
5949
1095
8229
2814
5948
8227
8228
8225
8226
8223
8224
10568
10435
10437
10438
10439
8218
8221
8219
8220
5946
5375
928
8216
8217
8214
4717
8211
5942
8210
8209
5943
4340
5944
8208
3767
8207
8206
4639
8205
8213
8215
8212
8203
1094
8200
8201
6605
8199
8202
8204
1336
7398
5939
5940
8194
8195
8198
8197
8196
1093
4241
2725
5938
7397
5508
7396
8193
8191
8190
8192
3693
8188
8186
8187
8185
8189
1337
8183
8181
8182
8184
8178
8180
8179
6624
4622
5941
8177
8176
8175
8174
2087
8173
8172
8171
8170
8169
8168
5937
8167
3243
5331
3283
8166
5936
8165
4620
8164
7284
8163
4621
5935
5507
5934
8162
8161
8158
8159
8160
4115
8155
5506
8154
3692
8153
1339
1027
5932
4339
4697
8150
8151
8152
9654
9653
9652
5628
8148
8149
2224
7395
7394
7393
6607
1340
8144
8145
8143
1341
8140
5505
8141
2650
7207
8142
8139
8138
4357
8136
4619
8137
8135
7392
2765
7240
969
10779
7239
5930
8132
8133
8134
1134
4338
4781
5330
4129
8131
8130
8129
8124
8123
4755
5928
8128
8127
8122
6463
8125
8126
8113
8117
8116
8115
8114
8119
8118
8112
8121
8120
8417
6018
8264
1342
8111
8110
5927
8109
8108
7192
5297
5926
8107
5925
5924
8105
8106
8104
8103
8102
5923
8101
10699
4963
6622
6619
6620
8100
7391
4261
5504
5503
7389
7390
8099
8098
5922
4337
8097
8096
7230
7229
5318
4336
8444
5921
8091
8095
8092
8093
8094
5920
4624
6085
8544
8545
8090
8088
8089
8087
5919
5329
1338
8085
8086
2449
5918
8084
3012
4818
4143
5502
8083
4617
5917
8527
7387
8080
8081
8082
5501
8078
8079
8077
5916
1096
8075
8076
5915
8074
8073
7384
7383
7382
7381
4616
8070
8069
8071
8072
1344
7386
7385
7414
7415
4633
8068
7209
5299
5298
10774
10773
10775
10776
8066
8067
8065
5914
5913
10753
10752
10751
10756
10755
10754
9314
9315
8064
5929
4618
3105
7380
5912
1346
1098
8063
5911
7271
7272
8062
5910
8060
8061
5909
7379
7378
7377
8059
8058
8057
8056
4615
8055
5908
8337
7191
7270
5417
930
5907
5906
8255
5963
4152
8054
8053
1347
8052
8051
8050
9108
7233
8049
8048
6197
9147
8047
8046
4334
1348
8045
8044
1349
8043
8042
5328
4151
5327
10215
10216
7983
8010
8009
5905
7461
8039
5904
8040
5903
8038
7268
7269
5902
8582
8583
6106
8584
8585
10711
10710
10709
7376
7267
8037
9768
3746
9385
9386
4731
1104
1580
5901
8035
8036
8033
8032
5900
8030
7738
5707
5708
8034
10864
10862
7996
7995
6226
6225
9265
8031
10860
7990
7991
7992
7989
7373
7374
7375
8025
8028
8026
8027
8029
8022
8023
8024
8021
4613
5899
2448
8020
8019
8016
8017
8018
8015
8014
1351
3091
8013
8011
8012
5898
10877
5897
8007
8008
5896
8004
8005
8006
5452
7371
7370
7372
1352
8003
5894
8001
8002
10598
10597
10596
10734
10733
7999
8000
7998
9833
628
5890
5892
4360
5891
5893
5895
4612
4611
7997
7368
7369
2980
7994
7993
5889
5887
7986
7988
7984
7982
7980
7979
7978
7977
7981
4200
7976
7987
5888
7985
7971
5886
7972
7973
7974
7975
7367
7970
7963
7964
7965
5885
7966
7967
7968
7962
5884
5883
7961
7960
7958
7955
7957
7956
7959
7950
7952
7953
5882
7954
7951
7949
7948
5881
1353
7947
7946
7945
5880
7943
5879
7944
5500
7366
7941
7942
7940
7365
7939
5878
7363
4333
7364
2979
7938
7937
10878
7914
7913
8364
8365
7936
5877
6726
7933
7934
7935
5876
7227
7228
7931
7932
7266
7930
5875
7929
4614
7928
7927
5874
7924
7925
7926
6725
7922
7921
5873
7923
1354
7388
7362
5499
5871
7920
5872
7919
7918
10863
7917
5870
5869
7915
7916
7912
10724
10723
10722
7911
7360
5497
5498
7909
7910
8499
8500
8498
5527
7359
7358
7357
5868
4610
7908
7907
4609
7906
7905
7904
7903
7902
7356
7900
7901
7361
7898
7899
7896
7897
7893
7894
7895
7892
7890
7891
7889
5496
7888
7886
7887
5867
7885
7882
7883
7884
8156
8157
5933
1355
6606
10472
10471
7881
7880
9684
7879
7878
7877
7875
7870
4608
7872
7873
7876
7869
7868
7867
5495
5865
5866
7871
7874
7355
7862
7866
7865
5864
7864
7863
5326
5325
5324
7861
7860
7353
7352
7354
7859
7858
7852
7853
7854
7857
7855
7856
5494
7851
7850
8041
7847
7845
7846
7849
7848
7553
7552
7844
7843
7842
7351
7347
5583
7348
7349
7350
7841
5493
7346
7840
7839
7226
7225
5863
7838
7837
7836
7835
7834
7833
7832
7830
5862
7831
7827
7825
7823
7829
7824
7826
7828
1356
7344
7345
7822
5861
3174
10763
10761
10762
5860
4607
1357
7821
7343
7341
7342
7340
7265
7264
7263
7817
7818
7339
7337
7336
7338
7812
7813
7814
7816
7815
7809
7808
7811
7810
5344
7807
7806
7805
7334
7333
7335
2978
7804
7803
7796
7797
7798
7799
7802
7801
7800
7190
7331
7332
7330
7820
7819
5858
5859
7795
7793
7794
7792
7791
7790
2977
7788
7789
7787
7786
7785
7784
7783
5857
10856
7781
7782
1358
4203
