3124
5941
8315
8161
6223
7934
8015
8330
7286
3057
7308
6041
6536
8690
1227
4617
3014
7466
6278
7907
8511
8492
7117
6810
5275
6026
8132
8449
4259
2687
6128
8710
7440
1208
8531
8662
3668
5601
6730
7683
8548
1213
8314
3186
7473
4761
1202
3595
8651
1207
1203
4671
1204
1205
6248
1200
1198
6571
8575
8368
5594
1199
3663
8588
23
8380
22
8713
8610
3552
3194
7572
5578
5186
4787
5337
8614
3662
8151
8479
8563
6731
2685
6150
4263
7890
8594
7005
8555
6052
5592
3658
6589
1192
1191
4296
4614
1190
1189
8698
5314
8457
6305
5008
4937
7356
4724
6313
7691
6812
3127
5194
7478
1175
1179
5846
6644
1176
7514
7769
8013
1174
666
4706
6303
5198
5668
7462
6279
8123
7896
8350
1169
4454
8488
5446
8258
8545
6698
4654
4580
8187
8299
4631
4288
3175
7457
3000
6745
7788
4329
7519
6999
6561
7571
35
8023
7720
7414
4890
5445
6990
1160
8609
5923
6541
7782
5574
3416
8664
8699
8673
8691
8704
8703
8677
8712
6466
6686
1155
1153
6780
6393
5700
7234
8212
8473
6021
8154
5580
7961
7827
4673
8649
7954
6854
6543
1144
5334
5529
4681
7002
5481
6758
7510
5246
6550
8259
6382
7236
4220
4704
6317
7958
5333
5615
6321
6165
4472
6937
8066
26
2673
6534
2670
7467
2671
2674
4162
8354
2672
1090
5204
5956
6129
5975
7132
5217
7937
4253
5490
5793
3029
6843
6028
4630
8696
7531
6267
4649
4677
7984
8143
1133
1129
7891
1126
1125
3634
6811
7576
7487
60
8328
6765
3003
8184
7738
5915
6304
5961
6369
7430
3632
6258
1119
3108
7715
1120
8621
7947
162
8385
6884
4565
1115
7615
8357
4160
8317
4168
8701
8678
8706
8697
8586
8684
8705
8681
8708
8709
5826
6525
6309
3209
1109
8185
6196
7899
7189
3624
43
4607
5931
8500
6164
7887
4744
7616
3200
8576
8447
7064
8540
5429
8602
2661
8055
2662
4171
7191
4572
6846
6968
7955
8566
7795
7219
8243
6671
5932
4730
6746
7661
1091
7227
3133
3136
3233
4718
8686
8676
8654
8702
8682
8687
8714
8665
7077
3027
6339
6747
6910
6971
8035
4599
3222
7080
6222
6710
6967
4320
7889
6978
6991
4989
1086
3059
5834
8276
4988
8241
1084
7547
8579
8038
8443
4656
7808
8068
4790
4986
3010
4719
6312
1082
5833
8645
6847
8390
7280
4961
6121
8469
8396
7208
5225
1077
4982
6480
1080
7156
6782
8188
3089
3090
1066
8363
8632
8322
18
6985
8027
1065
1063
6882
7210
3051
3128
1062
1113
7649
6897
1058
6757
7160
1061
8607
1060
8414
4595
6358
7602
6344
7816
1056
8497
8530
7751
4980
6545
738
8671
6479
8115
6943
7605
6559
7662
7663
4914
8700
72
8126
7389
6526
5184
7692
6347
3604
5830
4246
3166
7461
1051
8221
1048
6984
6171
4977
6376
868
8179
7144
2898
8031
4483
8537
62
4281
4975
3047
1042
7018
1043
8565
3600
8688
8635
8052
1036
6751
6207
8420
8199
8631
6973
4974
7962
5586
8118
5510
7607
6865
8580
7705
4597
3044
7285
1029
1033
5187
6918
4183
3593
5500
6970
4676
8435
7760
6974
8010
7204
3589
3592
7685
1021
4687
1018
1019
1020
1022
3021
17
6314
8661
1012
6445
5922
6068
7477
7391
6348
8229
8065
5853
8715
8683
8707
4707
3126
1010
7573
8694
8675
8693
8666
8667
7174
3760
4735
6637
1005
1000
1001
3023
1002
3140
1003
7303
6532
2650
8596
7025
6584
5959
8183
2651
7274
7459
995
3018
996
5920
5986
6756
4753
7030
2649
8437
5189
7806
7129
6740
4180
4242
5188
30
3575
991
7790
5819
6544
6975
4750
6901
6009
904
3112
8182
988
4164
8608
4603
7930
5214
844
3019
3020
4606
8024
37
8627
39
8090
8679
8685
8692
8668
8103
981
6873
979
7640
7688
8365
6476
8016
7072
1340
3187
5951
5978
975
972
7959
6857
5279
971
6574
6886
6013
3563
8402
3569
8073
8062
1511
5611
7527
6597
8452
6334
3567
8308
8629
1422
5599
7127
7911
6855
5626
963
4966
65
960
3163
5192
7910
944
6351
946
8572
6373
7370
6324
4956
8587
6570
937
932
933
940
934
942
941
4722
939
938
5783
4963
6969
0
6474
7130
4962
3556
927
8094
7328
8502
926
924
923
6542
8061
7810
925
4960
1128
5600
8371
5813
7686
8153
7479
921
8166
919
4959
325
7719
8603
4238
4165
2643
5455
4237
7803
51
3451
7904
7574
6834
8138
7694
4615
7403
7575
7290
7184
911
5243
5573
3410
4683
7530
6131
7050
8461
5224
909
910
4728
5653
907
6311
8630
8544
6143
8538
5215
7798
7714
8142
7807
6987
5257
8133
2639
31
7744
3046
5612
5810
5693
7656
899
7411
6840
5206
7272
7716
7069
2666
5219
7533
6928
6201
6737
6540
8255
5808
6195
4618
8527
8669
1088
6790
7682
6564
8194
8543
4773
6528
6285
6079
885
7599
5247
5193
886
3107
7481
4953
5974
5805
5785
8567
8650
8674
8711
8640
3037
880
879
4697
8369
6979
7931
4372
877
3534
7281
7071
4946
4261
5610
6427
8120
873
6552
874
6983
7609
8392
5197
3071
875
5674
7580
3540
882
6471
3537
883
3539
4602
8695
8532
5606
4938
3052
6587
3041
5614
6704
5709
7284
7657
5946
857
855
6547
6553
3304
8158
5800
852
8542
4170
3192
851
6807
849
5239
2893
8342
8515
6784
2894
7617
7436
7792
6944
6548
4626
8318
8096
6226
4327
7083
1158
8172
9
3519
6326
6329
7924
6867
843
6963
7577
5361
7789
8193
7175
6670
6965
2634
7579
6595
6795
6636
986
6581
6065
8570
13
3515
3513
4625
7560
6719
839
8264
5930
3514
2528
832
831
5797
7221
4738
8152
7785
834
16
7345
7915
6159
8416
8032
3094
8366
6330
829
3291
6938
6469
7101
828
7608
7776
8624
8438
4705
6777
8663
7410
7563
8451
8306
7407
6631
878
3533
8285
5456
8352
7162
4485
8186
20
6986
8513
3053
6850
8604
817
5641
8057
7283
25
8622
3165
7114
3134
5324
809
4863
5609
810
811
7300
815
812
68
4929
7797
805
807
7895
8407
4931
806
1263
804
6468
6467
8302
803
4930
802
5676
3063
8647
8177
8081
7674
6170
7960
8642
7677
6833
2977
6822
4551
5547
8672
6774
5944
8524
6675
8464
2629
7964
74
801
5939
6773
5789
8036
7181
6735
8480
798
7137
6146
7706
7401
8514
7536
2784
5937
8262
6002
2628
7944
7437
7271
7079
8478
6465
6173
7829
8364
5543
61
796
3180
8134
4639
6626
7699
5792
5457
5617
980
7525
976
6885
7586
6260
4756
4175
6349
7351
6912
8376
8277
6804
8445
786
5790
4922
6934
8359
8490
3500
787
788
4915
784
6055
4662
4759
5647
6895
783
7736
7289
7267
5095
2625
7799
6594
8275
4459
4536
8499
2529
8301
8516
8554
775
7750
7047
2557
7537
7223
7420
3494
7839
7952
3087
7697
4174
2950
7263
7269
772
5618
5957
773
3068
6870
1140
4740
8329
771
7115
7538
8304
7388
8175
7914
4233
6338
6781
7824
4645
8147
4647
3490
6054
4669
4309
4622
6546
867
5479
764
6599
7246
8487
7400
5631
4635
6871
2771
8145
4306
7065
6463
6437
6327
7484
8059
5942
7749
5998
8475
6134
7438
7051
7226
4913
7489
756
4638
8122
1955
7897
7534
6341
749
7291
750
751
7549
6980
7528
4911
5319
7492
3483
6623
3075
5472
8716
7898
6250
7298
7142
7541
55
5244
7020
4177
7885
5996
4221
8591
6127
7315
8680
741
3092
2697
8180
737
8388
3391
6879
5703
6118
739
8547
7446
7690
4151
7925
6319
4214
4905
537
3477
8613
4623
7767
5640
3475
6565
8549
2679
2678
7011
6690
47
2811
5422
7151
7939
5102
3221
722
3086
4642
3079
3176
5651
7112
4301
8585
7377
2611
6556
8360
6669
8636
5240
6406
8601
715
5648
7966
6187
7965
714
70
711
712
710
704
713
706
705
7406
3463
8483
7820
4575
6677
2636
6132
8612
2637
8393
5955
4646
699
7917
698
7360
5545
5458
6893
8324
6359
8426
7124
694
2895
4742
3456
5962
3455
693
695
4665
7748
7068
6302
6340
6422
689
3454
3453
8026
8310
7805
5459
6225
7
686
688
6360
7523
7145
7224
4657
8037
683
682
2938
3161
3118
4751
3032
7200
893
5623
7913
6976
6961
7169
681
4682
4896
8422
3188
3198
4593
6646
1214
1218
3666
1217
5014
67
7722
6535
4893
4895
5208
5643
10
669
668
6666
4299
6190
7745
6712
6457
5848
7624
6174
2890
2889
7595
8476
4475
7373
4578
663
8163
4655
5968
3101
7842
8415
7710
1136
3026
7238
6861
8481
4672
650
654
653
8529
5966
652
3104
8356
8419
8410
7628
3784
4889
648
6114
649
3074
3156
4664
7636
7217
645
4755
3437
5654
7727
4725
7539
646
6872
8168
2601
2602
7194
8439
7935
6919
8293
8041
6371
7521
6308
8290
7920
7136
281
5964
7817
638
6051
8484
7951
7823
7832
8274
5310
4181
7141
1096
5656
1092
1093
6830
7703
8222
1094
4910
5309
7646
7950
7358
625
4816
5970
6844
3430
5576
3429
5965
6277
5593
52
8248
608
7439
8559
6877
7152
4927
7737
4652
7963
4969
8225
4967
4613
4692
8171
6874
2887
2888
6818
2886
8056
7021
604
5958
605
3098
6832
8562
8113
6220
6503
8069
8652
3224
7684
5715
4482
7796
6189
599
7296
4660
5657
597
4880
598
601
600
5381
3097
8072
3115
5209
7979
2961
7483
5677
6604
4996
4651
3491
4920
5786
5948
3080
7780
6425
4716
3422
4879
7621
8253
8381
6950
6176
7499
3414
587
4675
3129
586
3227
5268
584
54
6337
7276
7992
7082
577
576
6715
8660
578
4109
7718
7700
7970
5660
8111
3099
3100
2806
5527
7128
6316
3088
568
3130
565
4021
562
561
5760
4693
4216
5652
7299
6372
3409
3412
5551
3406
7770
4576
6246
4511
6887
7139
6130
896
7148
4950
5605
7450
6
541
3403
8104
6184
6578
3085
3123
8345
8471
538
6576
3402
5646
7301
3193
674
8656
5213
8349
4453
7367
2590
6890
530
3400
531
8112
6753
6452
4874
6362
5774
863
8417
6364
5802
7712
4764
6411
5218
524
7754
523
6064
7053
7513
6796
5581
7119
5916
5253
5191
3034
6292
516
521
6283
5667
515
3390
3639
6680
513
4186
6900
8205
6418
6421
7701
45
512
7501
5553
511
7742
8165
5757
5373
8434
6175
8569
6824
6711
8541
3614
8282
5608
3615
7476
5945
6988
1081
7029
508
4737
6667
8658
8637
24
3384
6676
6889
3211
6390
3105
7019
7268
3840
3114
6200
4702
4703
5665
6387
3137
4
8338
4866
6775
8074
3135
5755
7066
6367
7348
3001
7729
6601
7448
3640
5841
4163
7332
6318
5658
4862
7517
8337
41
8071
8039
494
3292
6272
8327
3132
5682
8467
7532
6115
6750
4739
7229
856
5575
5671
5659
6520
3160
7588
6275
5489
8049
8054
3757
5230
486
6449
6837
7417
5515
484
7735
6883
3369
7172
7774
8401
6191
6533
483
6611
8507
8170
7150
15
8351
7201
481
480
6537
7831
6203
7681
6852
5921
1040
6848
6172
6459
8370
4848
3363
3364
476
3111
8522
7893
6234
5973
6177
6582
7408
8063
472
7933
6538
6140
468
7456
7919
7010
5928
7905
8076
7781
7725
5722
2578
7426
4204
7516
2580
2579
6524
7551
4452
4260
3538
461
462
7364
7941
8399
1835
6602
7676
8077
6384
8626
3626
1107
4993
4994
1108
3625
8340
7211
3016
6315
7463
6380
5670
8232
8485
7431
6769
7277
78
8375
8268
4268
4819
8284
6227
4562
4689
7302
4690
69
5679
8468
6685
4209
8568
2591
5202
5234
2592
6460
7368
4835
7584
7207
5597
5616
355
4763
5738
7075
3324
350
8223
4836
349
6298
7013
7228
310
5630
5675
5672
7918
8021
3138
8418
3459
5979
5235
7900
4685
6379
7559
7088
3167
8135
5740
8558
343
7942
453
7295
6014
3708
7500
7482
8459
342
3143
8064
4218
6771
4219
2610
6562
58
7730
346
6410
7548
6383
347
5739
7967
7757
6042
4714
6005
7153
7502
354
5983
4247
7451
7932
329
328
7741
3171
7017
4802
4189
6000
3131
326
7977
324
318
4709
2572
8400
8539
6896
6723
8047
6551
742
6355
740
6161
4990
8011
8144
5731
7116
300
4185
7496
6603
76
4339
3283
7304
299
278
274
6820
707
6792
708
7618
3147
709
75
7546
2573
2949
5226
7739
6998
6295
6835
2584
2583
3452
272
271
7786
6035
6691
7292
3196
4992
8425
7596
6922
8510
6031
8442
269
4801
1759
5541
8606
465
6891
464
3168
4712
6397
6477
266
6414
8600
7812
6029
8446
8249
5423
2831
7413
363
7126
7306
7322
5494
7244
7968
8129
7313
12
295
8404
293
6906
4636
291
2135
4765
4828
3297
3181
5349
289
8309
7673
7312
4767
7494
8
4757
6296
7232
3300
4585
8353
4628
8520
4533
4412
7611
7689
5691
6590
341
6273
3195
5734
7833
6049
4514
7908
8525
8648
369
5504
8269
7553
3081
7723
284
3146
8078
283
7307
5696
6681
539
7195
7709
540
2530
5662
8033
7097
8245
3
7095
5433
7892
7012
8140
8167
8638
5822
4851
8454
8641
3576
993
4972
6345
27
5228
7633
2567
7164
6212
1598
6814
6365
298
6962
44
8297
3287
4286
337
6880
4285
5763
3189
311
309
7096
6378
7922
6007
8430
307
7237
8574
7974
263
7926
3155
4825
424
3338
7724
422
420
419
53
635
5281
7775
3203
5991
4731
270
5701
277
4226
7835
961
959
957
956
953
954
955
962
958
952
2537
2588
6213
5233
8474
8491
1581
8377
32
7418
8289
433
442
5924
3311
7837
36
8220
2543
438
3353
7311
6407
5992
5249
7415
7504
42
7073
267
6032
8506
275
7987
3659
7986
4270
6709
4688
3232
3169
5277
1
380
4196
391
3314
7319
6783
6639
3263
313
312
3284
3672
398
7038
393
5237
66
4813
4818
6399
7620
4781
7240
71
5493
8670
1529
7668
7140
2901
6224
2902
7428
4556
684
4898
6695
3082
73
205
7604
3220
8589
8197
7678
4405
8383
3178
7928
5684
1720
6827
6692
4252
6588
8279
7622
187
7733
2546
3326
8079
5503
375
6838
7903
6856
6809
2612
7131
6125
5995
5190
7927
6271
7458
4487
4515
4527
4486
6179
5832
3013
1053
7007
6539
5694
5426
6701
7996
2832
8139
4224
8517
249
7734
6593
6592
6579
8405
6624
4149
4809
7756
236
5707
4505
4437
4245
7447
2626
7814
7081
5917
3125
7762
3278
7813
7059
7317
8121
3272
6433
6180
5400
7717
3457
8595
6019
8348
196
21
8084
6263
4875
6006
5762
4778
6713
4846
429
7187
5843
8265
4262
4783
7192
7186
4772
8431
40
7606
6714
243
6254
6416
6297
7022
5639
3248
4194
8382
8466
7777
190
2
8224
2772
6011
368
8463
6342
3290
11
6409
6253
3301
14
5514
3293
3306
6181
6598
3234
362
361
3392
360
19
7591
6333
6040
3309
5708
359
8460
8450
57
358
4758
3302
5779
4843
356
3298
7412
6325
7988
894
4766
4251
8207
4547
210
4273
64
353
5252
352
5293
351
63
7031
3216
5683
348
3296
3197
4782
7034
7759
6413
4696
7556
3240
6244
7507
6034
3243
5270
8085
2963
4810
7159
59
1587
6802
4830
345
3295
6417
3202
3399
7520
3299
344
6405
3206
390
452
7241
4449
455
5737
5761
459
460
4789
6133
5322
5624
5629
2059
4256
7316
6015
6913
6915
209
5728
5997
8505
3525
4769
4271
6828
4906
8043
6396
6596
4804
204
203
5806
7565
7590
872
7357
201
6160
5264
7024
6017
7372
8331
5
457
7443
5300
3479
6605
6366
7614
50
2653
5263
2652
48
6020
6242
2668
2667
46
8045
8655
7218
6375
1151
8421
3644
38
7468
5470
250
255
34
6881
454
6836
4839
33
2447
6331
3305
6716
456
6819
1229
6149
6257
2682
7374
5059
6754
7320
6940
7495
6607
7506
8244
7028
28
29
3269
3484
7639
4193
6024
6141
2935
5440
4729
5733
5288
229
4274
6269
8018
3609
5798
220
3472
3226
218
1180
8254
4330
1181
5947
3493
8233
256
6116
4948
4784
254
4760
5635
2900
7637
3151
1230
3231
4525
3033
1223
6831
8556
7216
6523
7110
8633
6240
7335
3159
1228
5837
1226
4582
3164
5174
5517
6575
7264
1225
8689
7647
1219
3005
3667
6488
6074
5926
7593
7474
6486
6394
1211
4594
1210
6868
6256
1215
8218
6638
6077
1209
6385
4668
6964
5010
4621
6138
1201
6027
3007
3055
7713
5954
2986
7099
7212
4264
5431
7809
8234
1206
3157
3664
1222
5595
8333
2944
3002
5274
8080
5501
2686
4555
8508
7045
4581
3660
8250
4473
1196
6487
6569
5336
8263
1195
5009
3056
7253
6772
1194
3657
1193
4727
6876
4634
7433
6025
7432
7582
8124
6982
5582
6310
5006
8283
8157
6557
1187
1184
1186
1182
4592
7564
7768
7815
5919
6301
7472
7746
8657
8334
5007
3024
4566
3656
1185
1188
7497
4644
7190
5555
7711
8427
4513
8643
6640
8462
6722
5925
8030
7651
5847
1212
3017
5012
5713
4584
4684
8355
2684
6023
7894
6307
6265
5185
5005
3654
7251
4771
5952
1178
1177
1173
1172
1171
7054
7449
7793
6076
4708
6791
7288
7185
5604
1170
4588
5585
4587
5584
4586
7265
5587
6306
6859
4620
1166
6527
3653
3652
5195
7679
1165
7055
7352
7529
8148
1168
7215
8557
4609
3012
1164
5544
3649
6454
6531
7375
8577
7740
2683
4451
5205
1163
7076
7111
3651
5425
7133
8025
4258
5845
3030
1159
6678
6073
8659
6929
7404
5182
3647
1156
1157
1161
4328
3648
3627
3646
1162
3650
4680
5591
3113
5678
8592
5002
5003
4188
4292
1154
3645
5577
1150
2681
5272
4257
5583
7888
4723
1146
3049
4608
1152
7231
4589
1147
1148
1149
8189
7425
8394
8489
5844
5842
6353
5004
6914
4326
8518
6122
7386
4633
3154
3643
3642
1145
3641
4255
2680
4254
4462
4461
5439
7409
2677
5183
6989
7405
7773
6770
7334
8486
7193
5981
6485
7758
7385
6860
6404
1141
3638
7266
6148
2676
7570
7063
2669
4144
7470
8526
7522
3045
4323
6430
3229
7230
5622
7801
1143
6862
6845
1135
8281
1134
8433
1138
5836
8311
6336
1137
6022
1123
4710
5001
1124
4322
7794
7630
4524
8618
3635
4699
7070
4217
6126
4321
1127
3636
1131
1132
1130
5588
6558
6742
3144
5507
7203
7695
4611
4600
7568
5636
8307
4596
6992
6732
6839
6825
6071
5933
5483
1117
8597
8408
7138
6221
8495
5663
7044
7886
5566
8367
183
184
8646
6266
6800
4590
6322
5332
4721
4776
4591
1116
5840
7811
7804
8523
4583
3004
5838
4998
1118
5936
7454
5839
5692
8051
6665
3458
6798
8411
3629
6803
5525
2969
5173
1114
3628
4612
6389
6764
4521
6763
2943
5512
4550
3631
2664
6549
5271
2665
8535
7946
7359
7902
7094
5976
6858
6188
6335
1106
6529
7552
8012
8536
1099
8593
3215
1103
4610
7524
1102
1110
6849
8288
4605
5222
130
6736
129
6821
8653
7421
5523
2968
5522
6252
5485
8578
2934
8164
128
8173
7422
1105
1104
3185
6072
1121
4741
3028
3054
8257
4250
5269
2663
7945
3622
3008
4991
2658
6966
6018
4161
7161
5223
6070
1087
3621
1089
3225
7822
8429
7581
7728
8028
5518
7550
7475
3076
5331
3620
5927
8271
4752
7233
1085
3618
8083
5835
6894
8372
6350
3619
8509
7791
3617
8203
7093
7916
7761
7103
8176
6554
6829
8412
7435
3006
7209
5267
7619
4319
1083
3145
6482
6936
8584
7383
3616
3122
3121
3120
3119
4701
4598
5664
6381
4653
8214
7008
6332
6483
3610
4516
6674
7353
6530
6789
4985
4983
4987
4984
3611
7696
7009
1076
7498
5638
7371
6909
1072
1069
3612
6137
4747
3011
8075
7166
4448
1071
1068
1070
1073
3613
6481
7170
4981
5598
4178
6320
1075
8050
7354
6673
7763
1074
6228
111
98
106
110
2907
8498
2903
8615
109
99
5464
113
100
101
6230
102
103
6193
7143
104
105
7943
107
112
108
7213
6204
7282
1064
4629
4318
1057
5564
3608
1059
7384
6251
2946
5539
5516
2945
6232
6958
4523
135
5831
4978
8397
5634
5829
1052
7355
6977
1049
7747
4166
7270
4190
8146
5438
5815
7753
3015
1054
6415
6117
1050
1047
4976
1046
5953
4641
6972
1045
6135
4548
3077
3602
1041
3601
5303
6478
3199
3599
1037
1039
1038
3504
8403
6162
7526
3025
8040
6752
7278
3596
6907
8519
4316
3152
3597
7675
2897
1034
1035
7488
8362
4244
5437
6823
6788
5420
7171
6429
6633
3594
1030
1031
1032
1027
1028
8119
7346
8178
7953
7645
7416
1025
5176
1023
5828
1026
1024
8628
5579
6738
7402
6245
7455
5465
2980
4558
170
6813
171
1013
4564
4573
7196
7040
3590
3588
3591
7167
5620
6851
5825
1014
7566
4616
5261
1011
6123
2655
4176
5207
6288
8361
8552
163
8599
3482
4666
6995
1015
3585
6154
3172
1009
7693
4167
2654
4243
8423
5265
3582
8108
6577
4187
1008
3093
5330
1007
4313
3583
1006
7149
3584
1004
7390
7909
999
7183
3581
7331
5918
5266
2656
6568
4711
8260
7830
3580
7659
4503
5568
3579
5821
3577
7938
998
3191
997
3040
8242
3142
7821
2942
3035
4169
2648
7158
7471
7627
7680
3009
6066
8156
5603
4604
983
984
6942
3039
7687
4624
978
4150
6475
6863
6067
8634
3573
3572
6057
6721
7578
7626
987
7275
974
973
6426
7220
4694
7109
4601
2974
4148
7660
8067
7178
4971
3568
3201
3564
8014
969
6423
5221
7956
7783
7155
8339
6853
7743
6124
966
3566
6455
4965
3048
4968
5549
964
6729
5697
5817
6635
4713
4733
2646
8155
2645
2647
5816
968
967
7273
5596
3022
7704
5649
6472
7771
950
949
7465
943
6878
5794
2644
7074
7382
3559
3536
936
3558
3449
931
6610
935
7249
4964
4958
930
3557
945
929
3043
6734
6354
970
4658
8048
8582
3565
928
5329
5328
8617
3205
3150
4901
4650
918
922
3555
7102
4726
7347
917
3554
7452
2995
3460
8278
920
6063
4748
7362
7442
7297
915
7585
4786
913
4957
5590
5589
3553
5812
912
3551
6664
914
8256
5950
5259
2642
5934
5258
5969
7485
4619
5201
8503
8533
8378
8453
3549
3070
6632
6688
2640
8174
6241
6739
4235
8252
5914
7049
4312
6555
5602
901
3058
3547
4955
900
3545
6627
7698
3066
3546
898
3543
3544
4311
5807
8210
895
4191
5254
8227
5938
5427
5436
6274
897
3489
5809
4954
6323
7118
5212
4951
4745
7772
4736
890
6755
4940
8358
8521
4480
4481
2896
7036
889
3542
888
887
884
7329
3036
7841
4949
6560
881
3072
2923
2922
2924
6996
3031
4643
5526
5540
4529
2952
5685
6370
5804
7491
4223
3510
6766
7087
8564
6194
7554
6255
8512
5556
4947
6363
3073
5203
4944
3530
8192
869
6902
871
5913
5211
7912
8280
4902
7395
8226
8149
5803
6280
7752
850
7279
4155
3528
7197
3526
3148
848
6059
8216
847
7707
846
7366
7648
6797
6864
7765
6994
7669
3520
7376
8561
5327
6939
4698
7067
854
3521
3235
8336
5546
7180
7441
6916
5519
5482
2930
6519
7642
2994
127
2959
6842
2929
7732
2948
2947
6959
2999
6205
4504
8379
3038
8395
6233
3518
4663
5972
838
3517
5698
3106
836
3516
5613
5632
835
837
6361
7085
7512
3511
7535
3509
7214
833
830
3512
6672
2633
6147
4510
7198
3404
3476
6630
7601
4632
5199
8424
5695
7629
5784
7486
4792
5795
6328
827
7518
7427
4674
7612
8551
6981
6866
6629
4732
6047
7764
6004
2632
2631
7493
808
5680
7423
4229
5521
5325
4932
4779
819
4785
4691
4878
8198
6157
6628
2966
2964
158
161
157
7434
160
159
2638
5256
6012
6293
5967
2630
8573
6935
6625
5971
5619
7092
795
6700
6869
6001
7393
4924
6911
6997
4923
3050
5943
6056
2627
8319
5248
6136
7542
6748
7594
7247
794
5753
6694
6908
785
3117
3501
6156
6412
793
7243
4474
6139
3064
3495
5788
782
780
3496
789
3502
5642
792
5787
5200
7287
779
3499
3389
3069
790
791
8432
6892
7721
4458
7006
2624
7163
2623
182
2996
5570
2998
6899
774
7583
4921
5669
8044
4457
4184
8273
770
7603
769
7993
3210
6563
4172
8326
2622
766
7394
7381
761
7490
758
759
4918
8346
6591
2619
2620
767
768
6343
4916
5321
760
7778
5559
3487
5621
7936
8455
3486
7147
757
3065
3488
8239
2618
2617
5478
5210
7046
755
7084
5460
2891
4478
4476
2892
4477
5461
3095
4304
754
3162
7702
6286
5245
6209
5435
4637
5781
5320
7610
8020
746
4909
7182
3102
6419
4479
8341
5780
747
3480
748
4265
6357
5444
4907
2613
4908
8125
5714
3481
5929
6572
745
753
7086
3485
752
5428
7654
4577
8344
6291
177
6786
6875
7980
743
735
736
734
3367
6145
5430
6826
5949
6993
730
728
4302
7314
6368
4173
8581
726
725
3478
3060
3062
3061
5940
8482
5710
3116
3474
3473
6585
8619
7667
2978
7666
4868
724
723
7222
4904
3078
727
4903
732
721
719
718
720
5777
3470
717
4640
7940
5317
5318
5260
703
3467
7766
7818
5706
5627
7205
5776
702
3466
5666
701
8267
4215
700
4659
6699
3465
4300
7003
6618
2976
6620
4899
6282
5772
690
5315
4865
6352
691
7819
8458
6356
6749
3067
5625
5242
6211
4512
7309
5241
7445
6808
168
6281
5548
6268
7444
2993
7293
7225
6192
4897
678
679
680
5773
7652
5771
6619
685
687
3091
5655
3450
7598
6398
672
5770
673
675
5468
3446
3447
3448
676
670
677
3445
3444
4182
7540
3084
671
5686
5769
5768
3179
8583
7001
5312
2606
2607
6779
2608
5994
2605
4179
2609
5434
7379
7991
6053
8387
662
6768
4891
661
7460
664
659
2603
2604
5238
665
5262
6679
660
5767
7176
8493
7123
667
6276
4892
2941
6724
656
5492
5491
651
655
7923
7664
8300
3439
6888
3440
3442
4670
4648
6346
5628
3436
3438
640
4888
647
5561
7825
639
5984
2939
3177
8019
3432
5633
7453
8494
169
5563
2983
637
7188
4539
7597
8386
6615
3083
7650
7834
619
618
617
615
616
5764
621
3428
613
614
7726
612
4883
3387
5542
8093
7708
4661
6616
3223
2600
6566
7361
606
609
6567
4749
622
3427
7310
607
8623
8470
173
172
602
5306
5673
2597
2599
2598
7004
4212
4213
8312
5304
592
6696
7828
5960
3424
7091
6050
8091
3184
3421
588
589
5305
3417
7326
7948
3365
591
3418
582
6776
7235
5687
585
4295
583
3415
7543
4679
3419
3420
590
8590
579
6668
594
6391
595
5307
593
574
575
573
2979
8196
5552
3217
3423
4552
7378
5637
6573
571
570
5712
572
6294
569
7027
5993
4211
2596
5236
7327
6453
3413
3153
567
6046
3158
6377
3411
566
555
6388
556
4877
6898
3103
557
7503
552
553
5644
4667
5963
5645
546
3405
549
551
4876
5759
3408
3218
8053
7043
542
545
543
544
3407
7800
536
534
535
533
3401
3109
4873
3398
528
8169
4869
7982
526
6153
8428
5216
4870
529
3396
5302
7000
525
517
2962
518
5758
3393
519
520
522
3395
2585
2587
2586
6210
3110
7545
8644
175
4569
4570
2988
514
6684
5480
5977
7016
5990
6152
3388
7168
510
4867
3385
7392
3386
509
7294
5756
6386
4864
7555
5463
5462
504
6374
7544
5560
8472
3377
502
6045
6903
5754
499
6583
7015
5989
5232
4206
7369
4208
4207
5301
7424
493
3375
492
6805
7921
489
4859
3373
6926
497
496
4860
495
3376
3380
3378
488
4686
7039
7157
4855
6450
5471
3371
5751
4853
482
8335
5650
4678
5299
97
6718
4488
95
2912
6720
90
6183
89
96
5473
94
91
92
4498
93
7305
5988
4205
6841
3362
7245
477
5749
8320
7755
474
6522
4700
3359
8141
471
7363
5278
2581
8550
4455
7836
469
4850
470
6043
4849
3358
6182
4227
467
3141
4282
463
3308
6924
7089
340
3294
3170
3219
364
5745
4720
8195
3288
8247
7090
6395
4822
3249
365
366
367
5484
202
4788
258
4821
199
212
185
4695
188
3245
189
200
7365
8109
3246
213
2571
2575
3251
3253
214
3343
6905
3351
3354
3355
4799
3182
4791
215
240
6033
8202
8501
5681
245
246
3260
4272
4797
248
5747
335
7505
7653
6725
5661
3335
3322
3313
4842
3174
333
330
237
4743
5702
5284
8127
8291
8128
4532
219
6440
222
4236
2940
5704
5292
372
225
3139
234
5220
426
3318
5432
6144
6470
226
4275
6400
4795
228
5732
2564
4571
5229
4195
6682
232
4277
3281
4717
233
3230
2569
7631
5980
2574
2576
2565
4231
5520
6142
4197
2566
2563
4198
7173
5726
257
6904
3320
371
416
4793
5982
5285
231
4269
230
227
7324
6008
5725
223
6683
4715
7429
8261
4192
5985
5987
4199
4847
3173
4283
6441
3325
5255
3267
3264
221
8217
3183
431
6402
5175
4200
2562
2568
6785
432
5418
4563
167
5557
4202
7587
7323
5282
3149
3286
4820
5717
5690
449
217
5280
216
224
4811
3268
3270
235
6039
6038
4492
443
441
5296
5744
440
4734
8286
5741
4280
6580
7658
7206
6392
6206
5720
5291
8611
7014
4203
6010
3352
2970
6037
5742
3310
4754
8160
439
4762
4837
5699
7557
4800
8266
4780
4201
2570
7901
3332
7037
7589
6600
253
7026
3282
4153
4834
6689
252
251
5502
5469
5743
4553
8237
247
6443
5231
2582
6403
6238
3279
5550
5287
413
4833
451
3331
412
5727
3285
5721
244
6435
4805
6436
3274
6920
5716
7464
3208
410
4490
2589
388
2594
2593
4210
2595
7325
3330
5689
387
386
3329
6247
3271
4832
8181
6521
7177
242
5607
384
383
382
7641
389
6767
3328
4284
6401
381
5294
4266
3327
4770
5730
241
5283
239
8325
238
6586
4456
378
7838
154
155
2965
156
373
7840
3265
3266
195
191
192
6235
5506
193
5289
3190
3333
392
7665
409
3348
408
2616
2615
4222
2614
6925
3323
4827
407
3321
5530
3275
4746
5688
6408
186
5705
2621
5999
7655
6957
7558
198
6030
5729
197
3276
5250
4225
6687
4460
401
4230
6003
5251
4228
3204
3319
4831
400
4840
397
396
395
394
4806
4807
8228
4234
2635
4232
6264
7239
206
208
3280
5718
4775
3212
4808
4844
2641
211
4278
317
260
7023
5719
301
4768
302
303
304
305
306
4248
8106
399
402
403
404
7032
405
4239
4240
4241
3273
6451
4774
6119
6921
3317
3228
406
4152
3316
3239
6464
6185
8130
3315
327
3242
259
323
322
3237
320
319
8444
374
8102
376
377
7990
3238
6428
5723
276
2555
7033
3347
379
4838
385
6606
4794
7321
3241
262
288
3336
3356
4489
7643
434
4823
4561
6434
3236
296
8017
435
436
3207
6609
6693
6036
3244
6446
7989
4777
5724
8116
3259
3258
8034
6432
7242
437
6448
8191
292
290
4249
2659
2660
7672
286
4531
421
3350
4841
3349
3357
3346
5736
4928
7508
268
3345
3344
414
2971
5554
6262
8413
7957
166
2975
6442
2675
264
7035
2925
3342
3341
3214
2987
7202
5562
8598
415
321
7318
3340
417
5441
6151
5273
7343
4824
3339
2688
5276
418
430
6439
8323
5735
423
3337
425
427
428
411
5290
5711
3312
370
334
332
3262
3247
4279
4557
4812
3250
308
1101
1097
3623
1098
1100
6917
2689
2690
4267
339
5295
3289
315
3252
4814
336
331
6741
338
4845
4798
261
8560
3254
3255
4276
279
6431
280
4287
294
297
287
285
316
314
282
3256
466
4154
6923
5748
5524
6778
6484
3213
6420
4289
2691
5298
8159
5505
5571
5750
4290
5752
7644
5419
4861
6424
3382
505
6612
6259
507
3383
7098
7154
506
3394
2960
2692
6608
3397
527
4871
4872
532
6927
4291
547
548
4294
7146
5443
2556
563
4293
564
2955
2954
580
7344
581
5308
6930
4882
7199
6048
2936
6614
4884
620
632
634
633
626
631
630
629
628
627
3426
603
610
611
4297
4298
7969
641
642
643
3435
3434
4886
644
4887
3433
3443
6617
636
4894
5313
7380
3606
5766
692
3461
3462
5775
697
4900
696
8060
4517
7976
5316
733
2973
4546
6799
153
8448
6239
2972
8272
6518
7561
6622
6461
744
5782
765
8620
7469
8436
763
4917
762
4307
2693
7511
8504
6462
4912
4305
6932
3492
4919
777
6155
776
7048
4796
778
5791
4925
3503
6726
4926
5323
799
3505
4973
5196
6613
5572
800
3506
6158
7165
2694
797
820
6058
4308
7100
5326
4936
840
4829
6806
841
842
818
816
3524
845
5799
3523
5801
3522
8496
8384
3532
4942
3379
6060
870
891
892
7509
3548
903
902
6062
5286
6061
916
905
906
908
948
951
7113
7179
947
965
3561
3560
3562
4970
982
3570
977
2695
2696
5818
3571
985
992
5000
6634
8605
989
990
3574
5820
3578
7052
994
2698
6229
1016
5827
1017
7784
4315
4941
8117
6163
2699
4317
4579
2700
7779
6069
6728
1055
4979
5177
1044
2882
8639
1078
1079
1067
1095
7625
3603
8571
7333
4995
1142
6642
7731
1139
3637
7250
6945
5335
4463
4324
2702
2701
6702
4522
6697
4325
3550
6946
1167
6075
6643
8553
7592
1183
7248
7252
3655
6801
3665
5011
1216
3669
3671
1224
6645
1197
3661
5746
5015
3670
3676
3673
3674
3675
1232
3677
1231
6078
8095
3678
5849
8303
6703
5338
6647
2703
2704
5508
3679
8441
8332
5850
6648
3681
1235
2705
8190
3682
8097
3680
1234
3683
5018
5851
5019
1238
3684
1237
7254
5339
1239
6080
3685
1236
3686
1241
1240
6490
3687
3688
1244
1243
5340
5824
3692
3691
5017
1242
3381
3694
3693
1247
1246
1245
2997
179
181
180
3690
3689
7623
5021
8219
5531
1250
1249
7255
3695
3696
5020
1248
3529
3697
1252
1253
1251
1254
1255
3698
3699
5022
4530
4333
7845
6649
4559
5023
1257
1258
1259
1260
7562
5341
2706
5024
1256
3700
6186
7336
1261
6947
8270
6081
6933
4334
4335
1264
1262
4494
1265
3701
1266
5025
3702
3703
7844
2707
1267
2981
3704
3261
3587
4857
4336
1268
1269
5026
4337
1270
6650
1271
1272
4338
5778
3471
1273
1274
3705
5532
4540
4541
6651
7337
4340
3706
6491
5297
1276
3707
8287
6621
2708
1275
4817
7121
3709
5852
1277
4341
8046
7906
7846
3711
1282
8616
1281
1280
3710
5028
1279
1278
8409
5342
5343
3712
4506
7998
8107
5027
1283
1284
4342
2710
5513
2709
1285
6016
5345
3714
3715
6082
3586
4945
5344
5029
8213
5347
5346
1286
3718
7613
5854
5348
1292
1291
5811
8204
3713
1293
4803
3719
5030
1294
1295
4344
5447
1300
1301
1302
3722
8321
2711
5442
2712
4345
3724
7056
3723
1303
1304
6492
5855
8231
5031
4346
3725
1305
4347
1306
1307
1308
5351
3726
5350
4537
133
5528
6261
132
3607
5814
5033
6652
5448
1309
5032
5034
8305
3727
7997
3728
1316
1310
1311
1312
1313
1314
2713
2714
3730
3729
1317
5035
1318
1319
3731
5036
1320
1321
5533
4534
5352
1326
1322
1325
3733
1324
1323
6494
3732
7847
3721
6653
5450
5353
2715
5856
1328
6084
1330
1329
1334
1333
1332
5038
5823
5039
8534
1335
1337
1336
3735
5040
3737
1339
3736
6085
1338
2716
3741
6948
2883
8238
5354
1341
5858
4999
1122
7480
3743
1343
6086
1344
5495
8391
8343
5860
1346
7256
1345
5861
1347
3744
4348
3745
3746
1349
1348
5355
1351
4349
6743
5356
1353
3747
3748
3720
1350
4939
4350
6495
1355
4885
3749
3750
1356
1357
3751
4352
4351
1358
3752
3753
6496
1359
3738
6497
6489
3361
5042
2717
2718
1360
6287
1361
1363
7104
1362
5474
7975
8347
8110
1364
5043
3754
4495
2905
5044
1365
6166
5862
5357
3755
3756
6087
8236
1367
1366
3758
8101
1369
5045
1368
5358
5509
2719
6458
5046
5359
1370
5047
3759
4353
7257
6270
2906
6760
8000
3762
1371
1372
3763
3761
1378
1377
1376
1375
1373
1374
1384
3764
1383
1382
3766
1381
1380
1379
3767
3765
8206
2989
5569
176
2990
1385
5048
2720
8114
8235
3768
5049
3769
6214
2723
2724
2722
2721
5050
3771
3770
5863
1386
7330
2725
2726
6284
1389
5864
1388
3772
8200
1387
1392
7057
1390
3773
1391
1395
5051
1394
1396
3774
1393
853
3775
1397
1398
6231
5866
5052
5053
5054
3778
7397
6088
5360
1399
4354
1401
3776
1400
3777
6178
1409
1407
1408
3780
1413
1412
1411
1414
1410
3779
1406
1405
1404
1403
7848
6654
4355
1416
1417
3782
4933
1415
5362
3781
4356
5178
1402
5363
2727
1419
3783
1418
1420
3785
1421
3786
6498
3787
1424
6655
5364
5056
1425
3788
1423
5057
3789
1428
3790
1431
1430
6656
1429
1432
7135
1433
1434
5058
3791
1435
5365
3792
5867
7134
1436
1437
5366
1438
1439
1440
1441
5060
5869
4357
5061
3794
5467
1444
5868
1442
3793
6167
1445
1448
1447
1446
1443
3795
1449
8001
1452
1450
1451
5063
5062
4358
4359
3796
3797
1453
1455
1456
1454
2728
4360
8240
1457
3798
3801
3800
3799
5064
8389
1458
1460
3803
1459
3802
1461
3804
6473
1463
1462
1464
5368
4314
2730
2729
5367
3805
3541
1465
5227
1467
1466
4363
7105
5369
6499
4362
4361
1468
6501
6089
6090
5065
6197
8477
3806
7387
1469
7419
5066
6168
4364
1470
5068
1472
1473
6091
4365
5870
1471
1474
1475
5067
1476
6092
3809
3810
729
731
4303
3807
4574
1480
1481
1479
1478
1477
5370
3808
5871
5069
3811
4366
5873
5872
1482
4567
3812
4367
5874
1483
1486
3813
1485
1484
1487
1493
7258
1492
3814
5371
1497
1498
3815
1500
3816
1499
1496
1495
4369
1494
1501
1505
8002
5071
1502
1504
8374
1503
6502
1510
1509
1508
1507
1506
5372
4370
1514
3821
5072
1517
1516
3257
1515
4528
5475
3819
1513
3818
5486
2933
2931
2932
126
3820
3817
1512
5421
3822
8201
1518
4371
4310
6215
3823
1520
2733
2732
1522
1521
7259
3824
6761
3366
1519
3825
6216
1525
3826
6236
1523
1524
8058
7339
5374
3830
3829
3834
3833
3832
4856
5876
4496
3831
1528
5476
5074
3835
5075
3836
1530
5073
3837
1531
1532
3838
7399
4373
8316
1533
5076
3839
1534
7398
6290
6815
5077
1538
1535
1539
1536
1537
4952
7995
1541
1544
5878
2734
2735
4374
1542
5877
5879
3842
1543
5078
1545
1548
1547
1546
3843
6493
5079
7849
8528
3841
1540
5080
1549
3845
3844
3846
1552
1551
1550
1553
1554
1555
1558
3847
1557
1556
1559
7260
3848
1565
1566
3849
1567
1570
7041
3852
4376
5082
6094
5857
8406
1571
8162
1572
485
3368
5081
1564
2736
6762
1574
6444
5083
7058
6960
1575
3853
5085
5765
5084
1573
6793
1577
1576
2737
8150
6657
5881
6095
5376
6096
7632
6705
1586
1588
8003
5087
2738
5086
1584
1582
2558
8131
1578
3854
5378
5088
1589
6097
5379
3857
1590
1591
1592
6658
3858
1593
1595
1596
3859
5883
3360
473
5884
1594
1597
1599
5089
2926
1600
6659
1601
3860
4377
6217
2740
2743
2742
2741
2739
5090
1602
3861
1603
1604
4858
1607
1606
1605
5091
1608
5092
3862
1611
1610
1609
1612
1613
1614
1615
1616
3863
5885
5886
6951
3864
2908
4497
4378
1617
1619
5093
1620
3277
1618
3865
5055
1621
1624
1622
1623
3866
1625
7850
1628
7671
4379
1630
5380
7851
3868
6953
3867
1629
7802
6504
6505
6098
1632
3869
1631
1634
1633
1636
3508
1635
5887
7929
1639
7567
1641
1640
3870
5096
1642
1644
5888
1643
6243
4538
1646
6506
1648
4380
1647
6099
1649
864
862
861
860
858
859
1645
3871
3507
1650
1654
1653
1652
1655
1651
6289
3873
2744
7060
1660
3874
5382
7569
3876
3875
1663
1662
1664
1661
1657
8092
1658
3633
6641
6507
1668
5098
3877
1667
1666
1665
1672
1671
1670
1669
6941
5099
3878
1673
7515
4518
1674
5383
1675
8006
479
475
478
4852
1678
1677
1680
4943
5100
1679
1681
3879
1676
6508
1682
1683
3535
5875
8546
7971
3880
1685
2745
4381
1686
4549
2559
1687
1688
1689
4382
1691
7670
2748
2746
2747
6706
3883
5889
1693
1692
8082
6202
3885
5496
4815
5890
1694
3886
6759
5101
1696
1695
5103
5567
1697
2749
5386
5891
5385
1698
4383
3887
5104
4997
1699
4554
4384
6300
2750
2751
6100
3888
1700
7340
6120
6509
1701
1702
3889
4450
3890
5892
3892
3891
5105
1705
1706
1707
3894
1708
5106
1711
1710
1709
5107
3895
5893
1713
1712
3896
1714
4464
1715
4386
3469
5179
1716
5497
4156
1717
1721
1719
1723
7078
1722
1718
3897
3898
7061
8137
5311
134
5387
1726
3899
1725
5388
1729
1728
1727
5498
8625
3900
7341
5451
7787
4387
4466
7107
4389
4388
1732
8007
1731
5389
5108
4390
3901
1735
1733
1734
5390
3902
4392
1736
1737
1738
4391
7396
3904
3903
1739
1740
1741
207
1742
3907
1746
1745
1744
2761
2760
2754
4343
6102
5109
5895
3908
1747
5894
5110
3909
1748
1749
3911
3910
3912
6198
194
1750
623
3431
3096
624
2762
4493
6727
2904
8008
3716
1751
1753
1752
3913
3598
4394
1754
5111
3915
4507
1755
1756
1758
3914
1757
1760
3918
3917
1761
3916
1762
6199
1763
5180
5112
3919
5113
1765
3921
1764
3920
6707
5896
1766
7949
8298
1767
4395
3922
1768
1769
5897
5114
6237
1770
3923
2763
2765
6093
2764
3531
3925
7342
3924
5898
3855
3926
1772
6510
1773
3927
1776
1777
1774
1775
2766
1778
2767
4396
3928
5115
1779
1781
1780
3929
1785
1782
1786
1783
1784
3931
1787
4881
1788
1790
1791
1789
3717
3930
5116
2768
5117
1793
3932
1792
2928
2927
6733
115
116
114
117
119
118
2967
120
121
122
123
124
7125
125
8215
8440
265
5119
8246
1795
1794
7826
3936
3934
3935
8296
5118
3933
1796
7106
4398
5394
3937
3303
5395
1797
5120
3938
1798
4399
3939
1799
7042
1800
1801
1802
1805
5121
3940
1803
1804
8211
2773
2774
6208
5396
5899
1806
8022
2776
2775
1807
2909
2910
2991
6083
1808
6447
5122
6169
2777
2779
2778
1809
8100
4400
2781
4401
5397
2780
3941
2783
2782
8295
3942
8230
7634
1810
3943
1811
6438
1233
5016
7108
5398
6104
273
3944
2785
2786
3042
876
1812
3945
3946
1813
1814
5123
1817
1816
1815
3947
1822
3949
1821
1820
1819
3948
1818
5900
5124
503
5013
501
3950
1823
4402
1824
6931
3464
5392
1825
1826
4403
5901
5125
2787
2789
2788
2790
3951
550
7338
5126
1829
6511
3953
1830
1831
1827
5902
1828
2791
3952
2554
3441
657
2911
3630
1111
1112
5127
7994
1832
1833
1834
2792
2793
357
4331
1220
1221
1837
1836
3954
5128
5129
1839
1838
3955
1845
5130
1844
1841
3957
1843
1842
3956
1840
1846
1847
1848
7853
5935
8398
3958
1852
1851
1853
3959
4404
1849
5131
1850
1854
1855
5903
1856
5904
3739
5041
3740
1857
1860
1858
1859
8105
2794
2796
2795
7349
1331
1861
1865
1863
1864
1299
1296
1297
1298
5399
1862
826
823
822
821
824
4935
2799
2797
2798
5375
56
5499
1867
1866
3961
5905
3960
7854
3605
4332
7855
1868
4535
2560
7638
5449
5132
6954
3965
5401
3964
5477
8465
3966
1870
1342
3742
5859
5402
4406
4627
3851
1871
5133
3828
5134
1327
3734
5037
5403
2884
1872
1873
5135
5136
3967
5070
1875
1874
5137
5404
7857
7856
1879
1877
1878
1876
3968
3969
1880
716
3497
1881
6105
1882
3970
1883
1886
1885
3971
1884
2800
1887
6787
1888
1891
1889
3972
1890
3973
1894
1895
1896
3975
1892
3974
1893
1897
1898
5880
3976
1899
5452
5405
2801
1901
1900
781
3498
6512
5138
4407
3977
6660
178
2982
6816
1902
1903
1909
1908
1910
1906
1905
1907
4526
1904
5377
7858
164
165
2899
6717
5466
4484
1911
3978
2802
1912
1917
1916
1915
1919
1918
4385
554
560
559
558
1920
1921
1922
1923
7859
1924
1925
2804
2805
3981
3982
1926
8088
1927
1929
3983
1928
2956
2561
81
5424
4159
4509
80
83
4158
87
85
79
2885
86
84
82
5181
4157
5511
8005
1931
1930
6513
1932
3984
2807
1935
5487
1933
1934
8136
2808
1936
4368
4499
3985
1937
5139
2809
2810
3987
1942
3986
3906
6661
1940
1939
1938
1941
3988
4408
1943
6101
4409
3989
2577
1944
4410
1945
5406
3990
4411
3991
1946
1948
1949
1950
1315
2812
1954
1951
1947
1289
1287
1290
1288
1952
5906
7350
1953
6955
6106
5407
7860
1426
1427
1491
1490
1489
1488
2813
4413
2814
1956
7852
7973
1957
1958
5140
1959
2913
1960
1354
1352
1961
4414
2815
2816
7861
4520
2817
4568
4467
1962
1963
1964
1965
1966
1968
1967
4415
1971
1970
3993
1969
1972
5141
3994
3992
3996
1973
1974
3997
1975
1976
1977
6044
3998
8456
5142
3995
4500
1978
1979
6456
1980
4416
2819
5408
2820
2951
6514
1982
3999
1981
1984
1985
1983
4417
7600
88
6949
7862
1986
5097
2821
1684
2992
174
4000
4001
1987
1988
4418
4419
4560
1989
1990
2822
4420
5865
4002
1991
4421
4003
1992
5907
4004
1993
1994
1995
4501
1743
6744
3905
1999
2823
2000
2001
813
814
1998
1997
1996
8373
2731
2003
2006
2005
2004
2002
7863
4005
2007
5409
2008
2010
4006
8208
2009
2011
2012
5143
4007
2824
4008
8009
2018
2020
2019
2016
2017
2014
2013
2015
1637
3374
1638
2023
4009
4010
2022
4011
4422
4465
2825
4423
2826
2021
2024
7864
1771
4375
2828
2829
2827
2025
2026
4012
2027
8313
2830
2028
4424
2029
4014
2030
4013
4015
2032
2034
2033
2031
5144
4017
4016
2035
5908
5094
2833
1724
5410
5796
6515
4018
4019
2038
2036
2037
2039
5453
2040
4020
2041
6108
7866
7865
4024
4023
4022
2042
5145
4025
2043
2049
2048
2044
2045
2046
2047
6662
2053
2052
2050
2051
2054
5146
450
448
3307
447
446
445
444
6708
8294
2055
8209
5147
4027
5148
6817
4029
2057
5149
6109
6663
4028
2058
4026
2056
2060
4030
3963
2062
2061
6952
2064
5151
2066
2065
2063
5150
2067
6110
2070
4425
2068
2069
6516
2072
2071
5882
4032
2073
4427
2835
7867
6956
2078
3827
2074
2075
2752
2753
4426
5411
4428
2079
8087
4033
5152
2077
2076
4034
2080
7868
2081
2082
2083
2084
5412
2085
5384
2836
3468
2087
5153
2088
6218
4036
4035
3856
2086
4397
5909
77
2089
5154
7261
4854
2090
2091
2092
2093
4037
2094
4038
4039
6111
2095
3884
2096
2097
2098
2099
7999
7869
4502
2100
4040
7062
2101
6112
2837
7870
7978
2102
4041
4429
2838
2839
4468
4934
825
2103
2104
2106
7843
2105
2107
4043
4044
4042
2108
2109
4045
6103
4393
5413
4046
2110
2112
2111
2113
8099
7871
6249
1656
2114
2115
2118
8004
8029
2117
2116
2121
2120
2119
2123
2122
2124
4047
2125
5910
7873
2126
2127
5393
2128
4048
2129
2130
5155
4049
4051
2134
2133
4052
2138
2137
2136
2139
2141
5156
2140
2142
2143
4054
4053
2144
6794
5536
2145
4055
2146
1579
1580
4430
4056
3962
2147
7872
2148
4057
2149
4544
4543
7874
2150
4059
487
3372
490
3370
2840
2841
4058
2770
2769
2151
4431
5565
2152
4060
4061
2953
4062
5911
5157
5912
2154
2157
2156
4067
2158
2159
7122
2160
4432
4068
2161
2162
2914
4433
2164
2163
6113
4072
4069
2165
2842
4469
2170
2169
4070
2167
4071
2166
2168
2171
2172
4434
2915
4826
4073
2173
2174
5158
4065
2155
4066
2175
2803
2917
5558
2916
2919
2918
2178
2179
2180
2176
4074
2181
7120
2182
2183
2531
2177
7881
2532
2533
2534
5160
2853
4442
2852
4126
5161
4508
2536
2527
3527
2538
2539
2540
4438
2541
5535
5171
2542
2544
2547
2548
2549
2551
2552
2553
6517
4138
2550
2545
2876
2535
4091
2525
2408
4088
2264
4079
2265
2266
2267
2268
2269
2270
2271
1869
2273
498
500
2850
4094
5416
3872
4077
4082
2851
4084
2274
2275
2276
2277
2278
2263
2262
2261
2252
4076
2246
2247
4439
2248
2249
2250
8292
2251
2253
4096
2937
5488
131
2260
2254
2255
2256
2257
2258
5169
6299
5534
4142
2259
5417
4545
5537
2874
2863
4133
2279
4137
5165
2281
4146
4100
2316
4103
2282
2301
2864
2865
2302
2303
2304
2305
2306
5159
6107
2307
3425
2308
2309
4121
5170
7635
1560
1561
1562
1563
2310
2311
2312
2313
8086
2314
2315
2300
2299
2298
2289
4110
2283
2284
2285
5172
3979
2286
2287
2290
2297
2292
4446
2293
2294
2834
3893
2295
2296
7880
2245
4436
2280
2194
2193
2192
7985
2227
2239
4131
4147
4136
2238
4139
4097
2234
2233
8098
1585
1583
2232
4111
4104
5167
4127
2231
2243
4112
2229
2242
2241
2208
5391
2198
2196
2206
2201
2453
7883
2456
2457
5415
4083
4087
2869
2870
2871
2872
4080
1730
2131
4050
2132
2467
2468
4491
2921
2469
2470
2429
2430
2431
7983
4140
4132
2861
2436
2437
2502
2503
2504
4124
2508
2509
2510
2514
5166
6219
2515
8251
2522
2500
2477
4098
8089
7884
2498
2488
2491
2492
2493
2497
2423
2369
2347
2348
2351
2352
2354
3980
1914
1913
2362
2364
2344
2320
4141
1527
1526
2321
2322
4130
4105
2985
5164
4108
2323
2328
2868
4471
2875
5168
5414
5162
7981
865
866
2331
2336
2370
2399
4113
2920
8042
4117
2400
2401
2403
7878
2405
2410
2411
2412
2416
2419
2397
4123
4115
2374
2375
2377
2385
3850
2386
491
458
3334
2879
2878
4441
1659
2388
4440
2880
4447
2389
4443
4102
2392
2393
2319
2244
2391
4445
2390
2387
2384
2394
4099
2383
2381
4135
2380
2877
2379
2378
4063
4107
2376
2373
4119
2372
2382
2396
2418
1569
1568
2417
4120
2415
2414
2413
2420
4519
2409
2407
2406
2404
2402
2398
2371
2395
2343
2341
2881
4128
4145
2340
2339
2338
2337
2335
2334
2333
4542
2332
2342
2818
6500
2329
2327
2657
2326
2325
2324
2755
2758
2759
2757
2756
5538
49
2330
5454
4089
2356
2345
2367
2366
2365
2363
2361
2360
2359
2358
2368
2357
2355
2353
2350
2847
2349
4078
4086
7879
4075
4085
2346
2422
2473
658
2496
2495
2494
2490
2489
4095
2487
2485
7882
4092
2484
4093
2483
4090
2482
2481
2480
2479
7262
2478
4470
2846
2845
2844
4031
2476
2486
4081
2512
2501
2523
2521
2843
2520
2519
2518
2517
2516
2524
2513
2511
2507
7972
2849
2848
2506
4101
2505
2475
2499
2474
2873
2445
2444
2443
2442
2441
2440
2439
4435
2438
2446
2435
1626
1627
2433
2432
5163
2428
2427
2426
2425
2424
2434
2448
4106
2460
2449
4444
2471
596
4134
4129
2466
2465
2867
2866
2464
2463
2462
2472
4114
2461
2459
2458
2455
2454
2452
2451
2450
2318
4122
2421
4118
4116
2317
2291
2185
2186
151
150
149
148
152
147
146
141
140
139
138
137
136
142
143
144
145
4064
2187
2188
2189
2195
2200
3881
2184
2209
2191
2203
2204
2210
2207
1703
1704
7876
2205
4125
2202
2199
2190
2213
3882
1690
2240
2212
2214
2862
2860
2859
2858
2857
2215
2216
2217
2958
2957
2218
2219
7875
2220
2221
2222
2223
2224
2856
2855
2854
2225
2226
2228
2230
4143
2235
2236
2237
2153
8070
7877
2211
2197
2288
2272
2984
2526
