5502
7812
1267
6049
1266
7297
4179
8687
7293
7528
7021
8644
3037
7318
6909
1264
8256
7309
1265
7813
8573
5491
5601
4141
8699
7895
8338
2658
7366
2659
7716
8826
7872
4936
7395
5974
8712
8163
8192
4563
5863
1258
1256
6095
7833
7534
7272
8827
8814
8010
6385
1253
7482
7027
8060
5688
8063
8286
7883
7291
6493
6621
5315
4582
8072
5464
1245
7842
8734
6573
7132
1242
4931
1241
1244
4809
8448
7717
5313
4027
6781
7602
3599
5862
4566
8128
6012
112
8493
555
7449
4581
5655
5935
8490
8637
1228
5682
3043
5135
1226
8697
3051
4570
7601
1225
7488
7024
1227
4679
6601
7692
7264
8479
5707
4506
5108
6627
1221
7477
6467
6334
6559
8685
1211
1210
8281
3188
8670
7431
5546
6525
4838
8558
7231
8025
8378
8126
1207
5163
8532
5442
4641
6959
6225
11
6079
6558
8430
7719
8777
7300
1204
7869
1203
6656
3481
6160
2650
6739
5928
8572
6749
2651
5104
2649
8754
8711
3076
1193
7831
1195
3085
1196
4639
6090
80
1187
1189
1188
8656
8647
1186
5608
1185
4646
8266
6632
8689
6735
8681
3587
1183
8166
8265
5614
4668
7517
8394
5717
1181
1182
8641
3052
5652
8437
8506
8766
6068
6681
5629
1174
8408
4922
4577
7006
3585
1173
5607
3583
5188
8833
8839
8835
8806
8829
8842
8838
7670
8828
8832
8035
3114
7373
5619
8016
3551
1162
6381
6226
5965
60
4920
4921
8431
6498
8241
6396
6813
6320
5932
1160
5734
5951
4132
7451
5960
7847
7585
5931
6764
2926
1152
6087
3573
8023
4584
4656
5307
7538
8569
8836
8817
8775
8818
8815
8820
8823
8831
8825
8544
85
8542
8183
7135
8340
8189
8538
8044
7285
75
6397
8289
7036
1143
7239
8505
8093
4573
7642
3116
3039
8356
4568
8009
8710
4684
6560
5728
1142
4572
8292
5959
8171
8353
5197
8724
6647
5113
1141
7868
7306
5641
7476
8770
8744
8666
6698
1395
7382
8239
1139
1138
3069
1135
1137
7620
1136
8494
4787
8764
7375
7246
8798
7421
3058
8514
1134
4912
3250
8746
5878
1131
1132
3566
5144
3073
8739
6409
6267
1130
7298
5693
8686
6792
5969
1123
5305
6902
4655
5468
3062
4489
3110
6574
8157
7663
8336
7145
8443
3115
2971
6083
7849
687
8812
8841
8821
8819
8837
5192
8834
8809
8800
7937
8730
6900
5583
6332
5541
8586
6312
5003
6591
1110
6082
8028
3559
5610
1108
6239
5844
1105
6970
8295
8029
5531
3557
7420
6384
7412
6152
4654
4209
8235
1102
6565
5303
3555
1103
6697
2296
8365
4119
6566
4023
8435
6737
5115
4053
2631
7147
2628
8470
2627
7133
2630
6572
2629
6194
8636
3048
8630
5300
1085
7775
5402
4629
7392
8790
8177
7633
8138
1080
7028
1082
1083
1081
5937
7599
7846
7963
7566
7363
6391
7845
3087
7739
5842
3088
4590
6657
1072
3550
7646
8774
8308
3182
1073
6081
638
5401
7641
3070
3230
6796
3064
6427
8021
8521
8317
8742
7903
4604
5697
8706
7901
6173
7257
8747
7386
99
1066
5936
1067
6938
4204
1068
4205
7656
1069
6917
5647
7398
7789
7030
8405
1061
1062
5967
4839
1055
1054
6935
7277
5710
4899
1053
7808
8672
5780
8822
5615
6457
7467
8045
8042
4085
8392
8707
8344
8474
2625
3593
7603
6086
1206
5103
4926
3063
8007
7054
7923
7938
3056
7745
7137
3161
4555
6555
6300
4583
3201
8267
2641
2643
8364
2645
2644
7086
7143
8314
5405
7254
3541
3536
3538
7401
1040
6903
4579
1044
7705
1034
7689
1036
5616
7352
7296
5118
1037
7183
6291
5634
6361
6401
7311
1025
4014
3534
7820
6597
8059
6182
7044
4017
8673
2622
8297
8527
7766
7759
506
3001
4196
8065
3532
8546
3131
6398
1020
1731
8381
8413
6344
8501
7688
1015
5938
3530
8772
7653
8078
7350
6393
7370
1301
6578
8269
4541
3155
4600
7367
8034
8446
39
6336
7848
7876
8346
8682
1011
5695
1009
1010
7473
5970
2621
8052
5939
5224
4379
8760
4511
7915
5518
8781
5458
8285
8288
7252
20
5836
989
990
7900
8799
8457
8830
4586
7307
3519
6204
8810
6968
7875
7413
5940
7550
7877
8369
4012
74
7381
3515
7286
8020
978
7134
5941
6428
970
7878
5294
8358
5292
4716
4889
7994
7402
55
964
3513
7315
4588
5620
3105
965
969
4016
8520
5596
6740
1133
4624
7737
8014
8785
4909
36
5640
3508
6942
7613
8778
4460
4020
3535
4587
4029
3096
5172
4652
2913
61
3111
958
8467
959
961
960
8659
6926
5131
7308
7355
5824
3142
7577
6887
1263
5469
8361
3225
68
5627
6694
7419
7618
8566
6577
955
7225
8316
5283
7362
953
3274
4881
6821
3135
7771
5171
4882
5439
4181
4087
6305
951
950
6074
4878
8040
6650
3200
949
952
3108
8634
4611
8533
8393
6379
8743
1261
5152
8703
944
6286
8412
945
8813
3061
7378
5730
8692
7738
8721
7270
7554
8129
6399
3060
8
7067
5833
940
5975
7612
6918
8397
8805
8840
6006
1
933
7235
7168
7033
4019
4875
931
5438
8075
8780
5942
3698
3482
7198
4643
6919
8237
8196
7384
8383
4636
922
8398
7253
8362
6929
6175
7832
4365
7751
924
8844
6255
6151
3036
241
240
4556
4562
3025
6371
239
8824
8645
6692
7549
8705
4871
917
4709
8571
5632
29
8675
7768
8786
4198
6609
3494
910
3224
6319
3068
907
908
909
6788
7034
6912
8312
5190
8771
8736
4533
8784
8334
7914
7543
5495
8012
7816
6470
6511
4018
5829
6951
901
902
3079
6854
4153
7110
7555
893
5633
894
4485
7048
5653
5654
5267
2611
8528
8635
5218
5126
1356
8646
5167
7898
8767
8732
6481
4033
7249
8715
890
6820
7463
7780
4083
6736
2609
6879
5155
7046
101
5490
4036
8632
6933
5689
7995
93
7098
3078
883
7907
7491
3094
6892
8664
3122
97
872
4602
870
7998
7409
871
8749
4865
7426
7454
8811
6383
8625
7817
7376
5625
5852
8218
6744
7238
7639
7461
4057
7284
2604
2603
7787
6404
4597
8282
8725
8843
3237
8702
866
5125
7317
7870
8779
7797
1489
4366
861
5511
6857
5732
6602
8629
7721
2601
7212
4081
7579
106
7456
4389
6164
8619
6352
6727
8384
8752
6634
6861
6881
6595
8132
7158
8043
6190
6913
2600
2599
7007
5816
7571
7466
8788
4862
3187
8773
6623
6932
5139
7458
7000
3210
5815
7082
5817
6742
7038
851
850
4538
4108
2597
8808
6741
5136
8643
6162
5698
3075
8309
4594
5347
8031
5577
7821
836
839
5810
7109
4536
7684
7448
7023
4214
5111
6604
8755
6921
5628
8660
7814
3501
834
7346
8015
7169
7623
8756
5156
4855
8499
3081
832
831
7707
6867
4545
7597
4560
6368
8543
7916
8388
8337
4854
8783
6586
7107
822
5711
821
4607
5990
5950
6686
8143
8187
5677
5573
5648
3095
6410
7581
818
7853
5406
8082
8198
5130
8718
8679
7468
817
6957
819
6408
115
7064
4024
5537
4026
6274
2591
2593
2592
3202
813
812
811
3463
6285
6877
3373
3387
7890
6507
4601
4851
7500
808
807
7193
6614
5252
8795
8030
802
805
803
3101
117
6405
6939
5626
6406
4598
737
8776
8342
5657
7294
8101
5278
6447
5612
6685
8568
7319
3082
8184
8517
8152
8797
1163
3104
1164
3578
1168
1167
7729
6905
6358
7589
8300
5579
282
8477
5134
4103
8649
2588
8008
8464
8708
6065
8547
4845
7829
6412
5597
5203
7654
8691
7069
7790
7389
6232
781
7767
4713
5158
5875
5407
7324
3102
5809
6063
3234
774
26
4623
7690
7743
8803
5964
5143
5142
2610
2607
2608
4390
7763
763
766
765
764
767
762
761
760
759
758
3569
8804
8400
5949
8562
5173
8540
8731
8139
7131
2121
7484
2586
2587
4101
7164
5432
5971
2585
7649
7782
8197
5962
7365
7329
7822
8473
6866
2999
4180
748
8667
7326
7295
5539
747
746
5984
6443
6728
745
738
5138
6231
8753
742
6206
37
8565
3100
7383
3441
735
8593
5822
5146
8683
730
7504
7325
6446
725
7457
722
5803
5660
5415
8793
8802
7811
3605
7691
7242
7881
6584
8480
6380
7415
6594
6503
718
717
3436
716
715
4619
645
6266
4025
3098
4637
7617
710
3435
7050
5342
7678
2578
2580
4387
7408
3433
705
6617
6592
3192
21
6413
8436
704
3103
3430
4833
4718
6416
1093
1086
1087
8429
4903
1088
7644
6791
7138
7388
7682
6429
7574
8759
4692
6829
3217
6996
7390
7197
8737
6501
5272
7498
8026
8280
7045
8209
6357
6674
8722
8079
5472
5149
6186
7572
2575
2574
6763
2577
7746
8238
7191
8254
6994
4634
5680
4828
9
5658
7049
3136
5141
7469
8763
8175
6747
2571
7509
5516
8564
8794
6762
1683
7273
8389
6870
8700
7453
7414
6505
8041
3461
8277
5617
5279
5129
3165
8606
1557
5800
6871
676
677
678
679
8174
6606
7433
7606
4614
7146
5649
6419
2565
2564
2563
5153
4091
4524
2562
5825
664
3140
3106
7059
8390
4177
7189
8275
665
8056
7232
8180
8719
4501
7380
2606
6858
6370
7032
4890
3134
4892
7139
1091
7889
7202
7911
5656
7058
7551
8066
44
6822
6004
4651
8098
5549
6169
5668
6851
659
6888
5651
656
7142
6826
7788
658
655
657
7850
651
6993
4627
6452
653
652
3403
6992
6168
2560
73
4630
8663
3195
8366
7250
8623
3123
6600
7854
4657
4658
644
6433
8168
6797
8179
647
8627
3400
8296
5952
4621
3147
4815
4631
5169
8478
5945
5168
6940
3493
8762
7864
7114
3139
6947
3145
5674
7696
5667
628
3397
5754
624
4649
5973
3112
5671
4813
3132
7003
7930
5266
7234
7450
8628
8188
4571
4531
7149
84
618
5720
620
5643
4102
7619
7669
621
622
4823
8574
7800
7330
8055
8651
88
613
6990
7661
8253
4808
7063
5792
3121
3393
50
8496
6948
7824
7791
51
4650
6837
6174
7152
6018
7799
8796
8341
5751
8845
8141
6122
3389
4783
8787
7700
7400
8668
4805
62
3151
608
7756
607
7704
8440
7897
7031
605
7781
8761
3454
5968
4840
4653
8530
3072
1229
4702
8695
6432
4465
5861
1230
5107
932
3023
6388
8322
6400
5137
7492
723
3413
724
3119
7652
4834
5976
6228
3842
4082
8595
2554
7657
2553
7676
2555
7002
7055
6580
6945
595
3464
4386
2551
7722
7886
2552
5151
2550
2964
4488
4342
593
3118
4685
6946
7144
6492
3384
4741
3129
591
3382
588
589
592
3125
8151
8355
54
7920
8693
3228
8278
8372
6054
6055
6430
8717
8067
432
7851
575
574
8577
8310
3255
6770
5989
569
568
5683
7259
7210
5265
567
6415
8589
6015
8182
8704
5946
8345
7514
8461
8603
4189
8509
6437
6640
8539
5818
3533
8481
5840
8498
8449
8167
5428
4380
8006
5193
3019
6819
6605
7428
8751
3371
559
462
8650
7827
8201
6436
7544
4640
3370
14
4367
552
7331
7660
4054
7394
7
545
4784
6290
8088
6668
546
6789
5642
7634
8745
7084
7499
3490
4596
3163
542
5644
8234
133
7404
8549
541
6827
6394
7742
3356
2541
5160
7694
4853
7624
536
538
8605
5782
8214
6435
7332
7066
534
8654
6156
3138
5669
6256
5987
6426
8236
527
4171
7153
528
40
8618
525
3357
7385
3153
8694
7702
865
5489
5672
7665
523
7887
8454
8658
3359
8531
8600
521
522
4105
7502
6386
5414
7396
6564
6172
5606
7703
7341
8758
1535
8816
90
4381
7862
5986
5418
7785
1713
3355
517
8463
6171
3184
3157
2318
7588
3154
4170
5261
516
5638
4670
7818
6611
4071
7035
2534
5997
7860
3505
8272
1052
7302
1051
6971
6339
5284
6950
557
2912
4689
7328
7622
5992
3369
3757
7879
4473
510
3177
1514
5461
508
3169
4757
509
7913
3159
8541
4466
7640
3148
4530
400
3141
6954
116
384
5417
7888
6943
3166
6035
3334
8302
2527
8190
7275
2530
6972
7651
8208
3297
7258
4427
110
4067
2515
7856
2529
7209
2528
4729
8789
685
8049
7715
7208
3337
3313
379
5684
6811
376
897
4710
8677
5830
3385
107
8624
5794
3175
4154
7043
316
6037
6753
7305
6952
5670
4960
8377
2521
7159
5162
8002
3571
3066
7546
4698
6671
3526
6923
8271
380
3156
8433
3172
7772
6631
5766
7666
3465
318
6345
8057
4661
319
320
7155
971
3126
6571
6514
6925
973
972
7752
3261
323
8550
5755
5709
6962
4122
4720
7749
3258
305
5983
6953
6608
4911
8434
8515
4383
4052
6331
1461
7857
290
4546
6043
3181
7674
6757
4065
8315
104
295
3185
6010
296
4642
5412
5150
686
4417
3416
3673
4671
3149
4677
5706
419
7483
3162
7725
8696
4168
5403
6620
109
2512
2511
8270
2510
2513
7611
3286
8367
7667
303
4675
78
8680
3170
3160
0
4736
3289
304
5662
8046
5746
4824
418
416
8001
4622
5145
1144
5943
5961
8305
8165
5851
4580
4430
7182
6812
8213
6200
6975
6444
8357
7322
8169
4104
301
6188
7714
3303
7713
113
300
6567
299
8669
3702
413
3168
7573
4727
3474
4419
7748
3257
7335
7793
5690
114
7614
768
8382
771
6411
8242
5841
5122
4762
6201
8205
7559
6445
1599
5692
7819
3176
5723
4681
409
6934
408
5847
6625
4061
5105
7685
6020
6191
6855
407
6463
8181
8614
7859
8368
5665
3267
6633
7304
4704
7638
6944
8050
3218
7757
5184
4117
5227
2623
102
6624
4093
7020
5593
2921
8441
4418
6845
7899
2920
7501
8017
7583
3260
6260
3243
8062
3241
7747
7207
5165
6761
5179
7452
2579
5978
8274
4028
6743
8519
7871
7693
6868
96
8720
6288
4423
7530
4037
8726
6746
95
6920
7417
8653
3299
3190
8320
8469
92
4158
4747
8319
4625
3173
3301
838
6001
3209
5719
8335
8620
6051
8425
8458
8445
8525
4569
118
8127
8399
4766
5708
5221
6751
4118
7085
6646
5622
328
6014
98
4564
7922
4565
8215
183
8729
8534
401
429
4744
3206
428
5229
1521
100
7884
8257
8475
8019
427
4672
8592
7405
8709
7022
8326
8502
426
8115
8203
8343
7625
5559
7422
577
578
5786
8086
4893
4688
7861
4674
5713
424
8633
8089
3077
3223
6752
5813
103
7256
423
8584
7171
7406
8621
4080
5576
5311
7607
1215
3055
5114
105
5185
5998
5186
8051
4140
6872
7578
4073
2540
5187
4077
5427
6628
6759
5947
6510
6450
2966
7934
6880
7312
5540
8610
5933
3178
5704
374
382
108
6013
5731
5216
5195
3629
3328
7074
6159
373
391
4711
7052
7240
5592
661
4686
5744
7795
5757
7558
7487
5100
6873
3232
7342
7371
2008
397
3330
4138
8173
6590
8665
7882
1169
1166
4793
8298
5106
5957
6941
5664
396
8552
6847
7615
3211
4849
6999
3450
395
7761
393
7236
8713
8418
6464
8631
3179
6422
315
314
4714
313
312
111
8513
4772
6966
310
94
7941
6542
389
3203
89
2569
2568
2566
2567
8027
7552
5202
5320
8379
6112
5715
309
3285
3284
6030
5248
283
5515
4110
6581
66
392
6983
5659
23
6910
5542
8575
7580
1895
7764
8640
6459
306
1436
3394
5189
4699
441
24
7569
4096
6295
7683
5207
25
7933
6575
7605
7908
27
482
8500
6982
3191
5725
7430
28
8782
6809
6704
4932
4228
30
1438
486
6808
8290
8299
776
6878
772
3093
3456
8406
773
775
3099
31
6022
497
3306
500
6244
4802
5102
7042
6205
5791
6046
5247
5532
4717
6672
7026
32
8037
6850
6011
6189
6825
6643
33
493
6760
477
8097
5215
5701
34
35
5274
8616
4090
4776
884
6466
8360
5605
3315
4695
252
3275
2313
7755
269
7019
8684
8740
6153
7387
38
7834
7265
8450
4426
259
7531
4723
6506
6958
4691
5244
3031
5437
5673
4496
5419
8212
279
332
8036
3240
2914
7140
3238
5285
7347
5675
7520
7776
7037
1145
7105
5124
6568
5433
4139
4765
7533
8011
6016
275
8375
274
273
272
4162
4099
7280
6374
7039
472
8370
3718
6273
2620
6667
41
492
8287
6844
5772
8526
3349
5883
7733
7803
3271
1531
3213
3270
4728
2230
6477
6031
5484
8599
3918
3219
3268
5773
5127
7806
6451
1129
4908
7720
22
7712
3265
8536
6292
6978
7227
7095
3262
4707
270
7999
6588
3045
8279
6585
3469
5958
4376
845
4575
8748
5774
474
457
6927
8022
1826
4097
8083
5784
267
4078
4074
5703
8765
7796
453
452
451
7129
4801
448
5071
4794
4706
6638
7681
6494
3327
503
6476
7801
7855
7101
7584
649
4210
5797
3229
7338
5609
2697
4535
5722
488
3317
1497
7997
5199
3446
4837
8354
7289
2636
5233
2635
8268
2
8661
6418
7570
3843
4755
8792
2422
3
5729
4753
7165
8294
4
4225
6561
4540
2639
2640
7170
6669
5
8723
6287
260
5243
4705
4928
331
336
333
369
368
7867
8155
5635
357
7655
4665
5747
5739
8486
7668
7891
4055
8639
5663
10
6309
5979
8459
7823
6233
337
7765
343
3656
3322
5181
7627
7686
471
6630
5523
4603
7462
6886
7648
5157
7470
8404
460
4072
5778
5848
43
4060
8053
6898
356
350
4959
3354
349
5182
6044
8453
3290
3581
7826
7645
7537
4715
7621
70
8094
71
5814
5423
5771
4830
6198
6973
72
4846
7650
8608
4746
7628
77
8607
8642
7474
7568
79
7942
1974
7802
3235
6032
7091
8133
383
7592
7711
5981
6915
1115
7522
7804
6930
4428
5743
355
342
2970
87
7345
4163
7630
3567
377
4123
6009
2024
6088
6859
2661
6830
67
4431
6790
6799
3527
4740
5666
520
596
6593
3383
4644
46
532
529
5696
4739
531
8662
47
8373
5288
8671
8428
48
3364
5819
4789
547
6099
6524
6810
5785
5280
8757
7610
688
6576
3418
690
3417
5977
49
7904
4369
124
4462
6258
119
5400
5481
5404
5536
8472
7128
7838
6257
8252
7199
6364
120
2915
123
7921
4368
122
178
121
5399
5483
4487
5482
6154
4370
7695
7699
6316
5548
5584
6495
8164
641
3396
7288
6661
6414
632
7943
8047
64
4816
8185
5116
6922
996
3054
7532
997
999
6431
8611
4592
5237
6402
662
8535
6772
8018
5748
4822
5790
8000
3390
4038
609
7659
3174
7852
8801
8548
1645
7220
6423
7540
8587
792
91
691
7276
3424
6513
695
6196
6091
8738
4869
4832
3429
4883
837
63
6882
6061
3434
709
6246
711
59
58
8563
6814
3312
7092
3440
6980
4810
7805
3776
3453
7356
5860
7677
57
3455
8385
56
6123
4435
1125
4480
5259
7174
5301
7446
53
52
4391
7590
5440
8422
5595
2663
8147
5431
6369
795
4848
6460
797
7245
7479
7893
4850
6066
5254
65
4780
6931
4610
7609
7792
5287
6613
1013
3546
824
3331
828
8596
6689
829
8750
7334
6997
7053
6755
726
5273
4615
86
4395
8523
2664
4394
4188
83
3476
860
3477
82
7348
863
864
81
7754
7065
3484
6072
3368
6981
6324
4864
3231
7562
6526
7698
887
7985
5082
891
4857
6655
6522
8240
7734
5530
76
5467
5456
4437
8414
4900
915
5831
6504
4792
7113
3496
4248
4798
923
5858
6261
921
6776
6949
6471
69
941
5750
4769
942
7996
5613
5424
614
7885
7100
3339
6306
8462
7323
42
18
3507
5676
956
8583
6040
7464
17
8507
3510
5099
7594
15
7527
4112
6860
7912
3491
13
3517
7200
984
8325
12
8492
6703
3524
7160
8064
6029
19
1012
5236
5295
5581
4034
4523
2379
4895
7434
4964
7372
6167
372
5999
6024
5956
920
3352
1039
3542
6038
7299
6
6456
1047
4203
5588
1048
5849
3586
7226
6441
3408
7675
8135
7730
7281
4133
3251
671
6390
7687
1268
6885
3606
6438
8638
6199
7481
4393
7836
4938
4939
1262
7616
5678
6956
5317
7563
6961
1260
4937
3603
3602
8698
7333
4222
2657
8516
1257
1259
5454
7459
7783
7604
4472
8652
3604
3601
7379
1254
5793
3041
7099
7439
1252
8578
6557
7718
1250
3059
1251
6842
8460
6213
7927
6928
1249
1243
7089
8313
1246
1247
1248
3026
8456
6403
7314
4549
3405
1231
7051
4930
1237
1232
1234
2656
8153
8612
2655
7224
1235
1238
4567
1239
6967
1233
7292
2654
1222
1223
1224
3074
6094
7701
7880
7507
5494
1236
5109
1240
3196
3600
4526
4929
7008
7354
1217
1218
5859
8648
6462
7561
6644
5953
7489
7215
7596
7564
2653
4137
6701
7418
5963
8076
3046
1213
7188
5312
4219
1214
6702
4927
5578
4220
3597
5926
1219
8597
7364
6230
7337
6093
3595
4415
1212
7148
3502
8193
5929
8728
8327
6227
3097
6092
1199
4925
1200
7278
3038
1201
8058
5930
5618
1198
1197
1202
5721
1192
7177
1190
4021
3590
5856
7840
5308
3024
5128
5521
7828
8154
5944
6523
4703
6876
6780
1178
3091
3158
6392
2648
4135
2647
2646
7041
4134
5520
4923
1177
1176
1175
1180
6734
3127
1179
7542
7087
5413
4046
5435
7924
4392
6563
6340
8727
7269
4617
3582
8318
8622
5436
7779
8038
7088
7896
7786
8131
7377
6448
1170
1165
7815
8678
7632
7865
7844
6699
3580
7777
1172
3498
6596
1171
6166
6562
2642
1158
7744
1159
4918
8676
7495
1154
3451
5854
1155
5235
4013
7471
6197
2638
7214
4439
7136
8604
3080
4414
1153
8735
3576
3574
4786
4035
1146
1150
1147
1148
1149
1151
5850
4648
8497
5853
4917
7176
3575
5934
4022
2637
5166
6177
5112
4129
7735
6378
6654
4044
7591
4131
3572
5133
4916
5119
3040
6440
4700
3215
6579
4574
6863
7626
8156
2994
8103
6363
7553
8073
6382
4914
8714
7399
3071
7993
4130
251
8276
5226
6269
6816
6864
5603
8741
7455
4212
4211
5623
1126
6434
1128
5846
4015
4124
2634
7025
5985
8069
8194
5231
2633
1127
4910
6084
6085
2632
6195
5154
6003
3563
7731
8204
3561
7526
1118
7926
1120
7736
7436
6618
6259
1121
3564
1122
4907
1124
3565
5645
7204
7029
5110
3562
6338
1113
3042
5845
7894
6520
7368
6696
6002
6817
4906
1111
6773
1107
3558
6387
7005
7472
6936
4042
1098
1099
1100
1101
3084
4905
7762
6325
8304
8195
8261
3556
1104
4904
4694
8140
7536
5630
3212
7004
1097
6843
6907
8186
8137
4050
4121
4120
5120
1112
1114
3133
1095
8551
7316
5681
3226
6587
5132
1094
8424
5624
6733
7575
1089
4902
3553
3050
1090
8769
8130
8291
6163
2626
6023
7647
6890
8259
1077
4578
7843
8451
7841
4206
5639
4669
8482
1078
5621
6351
3548
8591
1071
5571
5297
7369
4690
7327
6518
8396
7223
7992
7141
6178
7949
1065
1070
5980
2974
1064
5121
5211
3065
3193
4589
1060
1059
1063
1056
1058
8407
4576
7510
1057
3107
4660
4613
5159
8657
3547
3047
7301
7201
6271
6270
6080
3543
5988
6778
7535
4898
6517
4842
3545
3544
1050
6807
4494
7282
7271
7181
1049
8395
6570
8545
7928
2997
6355
1045
7062
7407
5585
3537
1041
2967
8768
1042
1043
8529
8559
4595
4678
4421
6794
3006
5459
1038
3540
5222
3539
3049
5140
6516
1035
8013
6987
3531
6615
6078
5839
1023
1032
1033
1031
1030
1027
1026
1024
1028
1029
6236
4420
4371
4416
8077
1019
8219
7303
4618
5296
6263
1018
7393
1017
8260
6610
8074
3529
1014
6264
1016
233
7910
7595
8161
7587
7447
4422
2927
8442
2928
6237
6389
6583
1003
5726
3528
1004
1005
1006
1007
6569
7351
1008
3422
1002
1001
7866
992
7810
3522
3525
6515
7643
1000
993
4894
3128
995
994
6077
5835
3518
986
8701
3233
985
6076
3520
988
987
6806
4795
975
976
974
977
983
6073
979
980
981
982
5457
8071
3516
4891
4521
7664
4888
5293
7508
4608
6619
8245
4884
3511
8054
3458
3083
7320
3512
3470
963
8136
3509
5117
8376
4031
4528
5164
6070
962
4547
967
966
4887
968
7723
957
8178
8311
3053
6924
7374
8579
4687
6161
6612
8560
6777
5834
3503
3092
7658
4880
8495
2617
6425
4591
6299
4585
7175
3144
4879
6916
6155
4553
4032
4030
4113
6738
5993
8807
3057
4504
4051
946
8615
5718
4800
947
6313
6322
7608
6758
4492
943
7313
7863
8080
7709
5948
935
7673
929
4841
6582
930
934
2616
4079
7206
5561
4593
6598
928
5420
8134
2615
926
3499
6838
927
5290
938
7192
936
5123
937
3124
4874
7349
6458
6442
6469
4664
7732
925
5238
5289
7991
3113
6512
7708
7111
919
3130
7150
3067
7310
5832
918
4197
3495
4635
4872
914
911
5587
4612
8321
913
912
3497
6229
7213
2614
7631
4199
8503
6293
916
7515
7944
903
900
7321
899
5828
6775
8371
4605
6323
5217
2612
2613
7679
6187
7758
5954
6599
6275
6690
7047
6622
5522
6209
5827
8048
6343
8324
885
4616
886
5826
6589
5631
8293
888
876
874
880
881
873
882
879
878
875
877
3487
4195
4866
869
6637
6731
4047
5416
6748
2605
2602
6645
6904
5700
3483
862
5823
3480
6019
6071
5821
7403
7485
2598
4109
7460
855
5466
7391
6509
6818
5820
3475
7511
3471
7465
7541
852
5148
8081
846
4858
3472
8674
7598
4859
7556
4860
849
848
840
841
842
3468
8432
7760
844
6687
2596
4043
6069
835
8617
3227
4856
7154
8733
5282
6453
833
8613
847
4861
5174
2925
7565
8581
7905
7166
7593
5798
3466
7475
6298
825
827
8598
7274
826
830
5497
6642
2595
7774
6067
6424
7108
2594
5212
4184
8273
820
814
815
5636
7773
816
3208
8102
801
7185
800
799
7151
6603
809
810
806
7040
3086
3460
4183
5686
798
7106
6311
4136
6439
3462
793
794
6407
5724
3022
6359
230
6366
8465
5580
4852
5554
7929
3167
796
3459
6465
6240
4609
7263
790
5277
7480
4645
791
786
6635
3089
787
4182
3143
5811
7156
784
6998
5812
6064
5991
8160
6062
783
5637
4599
780
779
777
3457
782
778
7724
3222
4843
5276
770
769
3204
7858
4844
5808
6684
5691
7521
785
4626
2584
5208
2583
5275
5955
757
7083
6008
4388
7163
756
5807
755
754
753
751
3449
5982
6157
4100
749
3448
2996
4542
750
7486
3117
736
743
3183
3447
740
3445
5196
3109
5804
5598
238
3028
7839
237
7287
739
7339
5805
6192
7060
744
8068
6350
4836
6420
731
732
5699
727
4606
3090
6937
5646
720
721
7070
7162
7233
3439
7825
8561
3425
8483
4552
7196
2922
5966
728
4835
733
7190
729
712
8085
714
5465
713
3437
7078
7753
6417
3432
708
707
7104
6803
2581
5205
3009
5594
8084
700
701
702
7283
703
3428
5170
3420
692
3421
6745
697
6000
6955
3214
8142
698
8415
699
7340
7344
8655
7548
5802
689
5214
3423
693
2572
4040
2573
5429
694
7478
4829
5661
6234
4509
3419
4632
7662
5271
4827
6060
3137
684
3415
4178
682
6995
681
4633
4434
6272
2570
5551
6680
3410
673
675
674
2561
5499
8087
7216
3409
672
4825
6497
3406
4089
6165
7103
8092
8401
4620
8416
669
666
7830
667
8158
7255
8594
5650
4821
660
8567
5200
5201
6824
7697
4778
8202
7778
4818
654
6058
7557
8099
3120
650
7221
4819
7167
5268
6678
635
636
637
3399
5410
5795
639
5206
643
5796
4638
646
4628
6421
6372
6057
5198
6185
4039
4479
634
642
4176
4814
629
627
4811
4708
4543
6991
3398
623
6276
7512
7545
8588
6005
6183
6849
6771
4470
7680
4807
616
3392
7931
7076
6607
2558
4806
611
8306
610
4676
612
5972
6974
7186
7056
8468
3391
606
8199
4045
603
4049
7061
604
7228
4803
7075
2556
2557
4041
6750
3388
5210
8471
5679
599
4084
6651
5147
5553
600
3386
597
598
3220
5209
6800
7416
4799
4666
8032
594
6795
7229
3378
4796
6649
6027
7244
6491
7529
5788
2918
5230
3199
8207
585
8512
4797
6053
587
6862
586
6801
3379
3380
584
4382
6326
5455
3376
576
3375
582
6989
583
3377
2933
4174
573
562
3372
5264
570
6308
571
572
5694
561
4790
7706
560
4791
558
6985
6823
5194
2549
6181
6988
6670
7784
6730
7397
550
2547
2546
7268
2924
2923
556
7741
549
6793
544
6052
3366
6893
2543
2542
2544
2545
5191
548
6365
4788
3205
7539
3365
7057
3367
553
543
540
6489
4505
539
3362
5219
7427
5426
7211
6170
7516
6629
4076
7410
6315
3363
4683
537
535
3358
3360
526
4781
4075
4385
5263
4173
4172
6176
533
5488
8439
4048
6487
3207
7576
7071
518
8244
6875
6914
7727
514
6839
804
512
4499
5550
222
4500
4522
221
4471
7672
2532
6045
504
3350
507
3146
4166
4659
505
4763
7935
5177
5161
6756
2519
4069
4647
6278
6895
3180
334
353
365
360
359
362
363
3281
4068
8518
6636
8301
7902
5176
3309
5687
257
5183
417
405
5257
404
403
4490
339
340
420
7917
4752
7728
421
3263
8159
345
351
8420
5241
386
5180
2517
7873
2524
4384
4066
2525
5253
4148
8466
347
361
4150
8200
4682
7073
366
4152
4738
6969
6454
4667
8211
3310
6648
7936
3336
6853
6663
5712
7424
3150
3152
4663
5760
4056
498
3171
3288
5737
344
4751
6473
458
7279
2520
6626
7157
6373
7600
3027
236
2523
4064
455
3343
444
3245
6333
5685
4157
370
4724
6474
367
5994
8255
5422
2531
7794
311
3186
478
4759
262
3304
3280
265
266
268
461
3319
3316
6616
6960
4673
6007
3273
4063
6337
4062
2514
6318
3164
5765
8348
3348
4726
280
5727
6659
271
3189
6754
6327
8210
476
4775
5995
5996
6848
5574
445
3278
494
3341
5770
8688
6662
7425
7230
7513
5409
226
227
4662
6179
6028
5714
481
6485
256
278
7219
281
4733
4701
5249
6238
5460
4478
8522
442
4771
3324
5239
5735
4145
4743
4735
3221
5421
3246
3320
394
398
5175
2526
4059
6377
7939
4748
6478
3194
3347
375
6242
4774
440
4696
317
4159
4680
5462
7072
4058
3308
7093
6241
7503
2931
4092
5733
324
3314
325
6641
329
5716
6979
308
7506
6048
433
5775
3287
4070
5519
2533
6039
2537
2536
2538
2535
6449
3198
4737
5753
6766
285
6202
286
6180
2548
6021
7940
287
288
4147
7077
4693
4749
2539
7411
5425
7874
3259
3254
5705
406
4429
412
3318
5776
443
321
6475
292
6033
8090
438
8555
307
330
326
322
4086
5463
7423
5779
3307
402
4088
5552
2559
6184
8553
3197
463
5246
7336
5745
3325
483
3239
4167
5240
4525
3311
6484
7740
253
5738
6852
3282
5556
6041
446
2576
7079
456
473
4094
8091
3291
5204
450
6965
5777
495
490
484
5756
6798
3300
6874
6665
348
338
6964
4761
489
496
5430
8626
6639
4734
4722
7726
5498
7567
4758
499
8716
6977
5245
7090
491
5547
4773
4164
354
371
6479
7203
4742
2590
2589
4098
2582
341
3248
3269
7094
358
7586
4777
7909
4712
258
3293
3323
7490
364
3272
335
3252
6353
7096
5250
6050
5758
439
4169
4768
435
5487
5260
346
3326
8283
6461
3345
6660
7261
5232
4111
7184
8403
6768
5764
454
464
465
5741
467
7560
470
8391
3279
276
277
5500
4770
459
5256
3216
4161
5586
5220
4697
254
3329
390
4165
6017
4115
6277
2618
2619
4114
3276
3244
6472
3249
6468
431
7906
8003
3256
4731
284
294
4730
298
6042
8585
302
4424
7187
7267
4498
3321
411
5251
8359
297
293
5242
5749
291
289
4754
410
422
6666
436
5767
4719
430
8484
3342
3335
425
6483
6314
6036
3292
8284
6025
6356
4127
4126
8419
4481
4128
7629
6658
6767
2986
6963
7547
4493
3333
399
8791
480
3277
5255
3296
255
4156
7519
487
5768
4372
3298
3236
5543
4725
475
4764
447
3242
6901
6335
8172
5769
466
468
449
3351
5761
5557
4721
3266
5742
4142
5501
7809
7243
2652
4146
7518
3253
263
4484
3338
3264
4425
2932
6296
8485
6243
6664
6482
2660
3295
3007
8347
4143
4144
6765
4149
3010
4151
7919
511
8095
3353
6047
4779
6486
4373
3361
6984
5262
4782
7750
524
8554
3302
8487
352
5485
8206
8096
4432
530
5783
6488
519
6490
5787
6828
3374
581
580
579
551
554
6203
7172
3381
6056
3247
590
2662
601
7237
602
4804
619
617
630
631
4812
640
6676
6496
6802
633
6677
6245
6294
7262
6679
6279
4820
8402
6480
3404
5759
663
5270
3407
4433
6059
6891
8307
6986
7343
6500
3427
3426
3411
3412
4831
6502
3438
706
3431
5570
5568
3444
3442
3443
5806
719
8100
6682
752
788
789
6815
4847
327
5555
6693
8216
823
3467
7080
6688
4185
843
3473
8609
853
854
856
4756
857
7429
858
4544
231
8423
4190
2667
2665
2666
859
4192
4193
6207
2668
4191
4396
4186
4187
4510
7918
5560
3485
6774
6691
4436
2669
6831
5286
3478
4863
6208
6247
7835
4868
3488
3489
889
896
898
906
905
4870
3492
6346
904
895
892
7946
939
8504
7001
4873
7770
6310
7112
4877
3504
7432
6210
2670
3514
8601
6075
6262
8339
2672
4200
991
3521
5837
3523
998
2671
7947
954
3506
6779
7097
2673
4438
1021
1022
6347
1046
4896
4897
8191
4202
7948
6695
1079
4901
1076
3554
1096
4548
7247
7194
8489
4207
8263
1106
1109
3560
6211
8349
6248
1119
6455
4934
7248
2935
2934
2674
6193
7494
4213
4913
6521
3568
1140
3570
4208
1092
5843
5306
7222
4919
2960
3577
4817
3584
5855
4377
3579
6212
4915
5524
3589
1184
4216
4924
6089
4217
1191
3592
1205
1194
3591
8220
7353
5857
3594
3596
1216
5310
6840
7241
1220
6732
7945
3598
4223
2675
5316
4224
3607
5864
4561
4935
1269
7217
1270
8576
1271
2676
5318
7950
7260
8221
1273
1272
1274
6280
3609
1275
2677
4397
2678
7178
3608
4221
5314
4537
4940
3610
3611
4941
7357
6508
2682
6096
1276
4942
6527
3613
5319
2681
2680
2679
3612
4943
128
129
5493
131
134
5492
132
8264
4378
2919
130
5411
1278
5443
1279
1280
8328
3614
1277
1281
3615
4160
8144
3616
5925
5281
4226
2683
4550
1282
1283
3617
4227
6376
5763
5865
4944
1285
3618
1284
5321
5322
1286
1287
1288
4945
3619
3620
3621
6097
8602
2685
4398
2686
5323
6705
7952
2684
1289
6528
6706
8222
1290
3622
4512
2687
1292
1291
8104
7115
6098
5324
4229
1294
3624
1293
8508
5470
5602
2911
4551
2688
4230
6707
4399
2937
2936
5471
1296
1295
1297
5444
4947
4232
4231
1300
1116
7435
6896
1117
5225
3626
8524
3627
4948
5445
7173
1306
1307
1302
1303
6519
1308
1310
1309
6529
8070
1311
2689
2690
7523
6832
3628
4949
1312
6531
1313
3630
5325
1314
1315
1316
5326
4233
6708
3340
7440
5327
1317
1318
8387
8363
1319
1320
6889
1321
3631
1324
1323
6833
1322
7009
4235
4234
7769
5328
1325
3632
3633
4950
6100
4951
1326
1328
1327
1331
1330
1329
5329
3634
6769
6782
1332
3635
1333
4468
3500
8223
3636
1334
8374
6101
4236
2691
5867
3637
1337
7359
2938
6249
4952
6675
3638
5869
4440
1335
1336
8224
3640
1338
6834
4441
3639
229
3005
228
3004
5582
1341
1340
6710
6899
5304
4443
6301
4442
8580
1343
4953
1344
6103
3643
7953
1342
3644
1348
4955
6250
5572
4446
6354
4445
1350
3645
1349
6104
8329
7179
4400
6105
6284
1351
8105
4956
6533
1352
5331
1353
5434
4116
5223
6711
6783
4957
4507
3646
1354
3648
3647
4958
3649
1355
3650
6106
139
137
138
2962
4461
140
141
2961
8024
1357
1359
6712
6107
6713
2693
2694
7442
8351
6302
7161
5332
1365
4961
4374
1360
5870
4962
1366
1358
2992
5333
4963
3654
1364
3652
3653
1363
6375
225
2998
5334
6215
2695
4215
1367
5871
1368
8438
6108
6317
4497
1370
8004
6109
6303
2696
4238
2698
1371
6110
1375
1374
3655
1372
1373
1369
7010
5338
6804
3657
3660
1378
5589
1377
3661
4239
5335
3659
3663
3658
2699
4240
3662
5872
1380
1381
1382
8582
2701
2704
2702
2700
2703
5446
1379
5447
5569
6784
1383
1384
4518
8421
1385
3664
5339
7493
1386
4242
5866
3665
4965
1388
1387
4966
3666
1389
1390
6111
2705
1074
5298
1075
3549
1391
1392
3667
1393
4967
1394
6216
5558
4243
1396
2707
2706
4237
8352
3670
3671
4969
3672
4970
1400
1399
8452
1397
4968
1398
6367
4971
4244
4447
8417
1403
1404
6894
4245
7116
5873
4946
3674
4972
5341
6114
1401
7496
1402
2714
2713
2710
2711
2715
2712
1405
4246
3676
3675
1406
4974
3677
4973
5562
4975
1407
1408
1409
6883
7012
3678
6534
7011
6535
7956
6115
8033
1410
3681
4978
3682
6265
6911
1411
1412
4976
4977
6716
4247
1417
6897
3683
4449
3684
6328
5874
6537
1418
1419
7954
2716
2718
2717
3687
2720
2721
2719
3686
5343
8106
3685
1425
1426
3688
3689
3690
8145
3691
5344
1428
1427
6538
4981
2723
2724
2722
2725
2726
4983
1429
1430
4982
1433
1431
6116
1432
5876
1434
5877
4482
2939
7118
1435
6729
3693
1439
4826
1437
1441
1442
1440
3692
4249
4750
7955
4984
8107
2727
8176
4534
1443
4986
3695
4985
6709
2728
1444
3694
4527
6653
5345
4250
1445
4867
1446
4987
5789
4988
7266
2940
3018
6536
2730
6281
5486
4251
2729
4252
6117
6532
1447
4508
8510
1449
6118
3697
5879
8455
4253
1448
3696
4989
5880
4990
1450
4254
1451
1452
1453
3011
6348
3012
3699
3700
4991
5517
4255
6976
1456
6120
1455
8108
1457
1459
8146
5441
6119
1454
4885
1458
6652
1460
7014
3701
5781
4993
5881
4992
5346
7837
1463
1462
1465
1464
5330
1466
6121
1467
6539
3486
3704
5736
8225
5348
2731
2732
8226
8109
5882
186
187
188
194
202
201
200
190
195
199
191
204
189
184
193
192
196
197
198
203
2981
185
3703
1470
1469
3707
3706
1468
1473
5538
4463
1472
8227
5599
6717
3709
4995
2734
2735
2733
6341
8243
1475
6217
1474
4996
8444
1476
1477
4997
4760
3710
5349
3711
1478
1479
4476
1480
2736
2737
6785
4999
1482
1483
1484
1481
8590
2738
4256
1488
1486
1485
1487
1490
1491
6718
1492
1493
8409
3712
4257
1494
6289
4258
1496
1495
5000
7013
1498
3713
1499
1500
5884
6362
2739
1502
5885
3714
1501
2943
2942
2941
6124
4259
6126
2740
6125
5001
1504
5762
1503
6127
2741
5228
2624
7957
3715
3716
5351
6714
5350
5352
4260
4375
1508
7117
1507
6128
7360
1506
4876
1505
680
1509
1510
3717
7015
1511
8110
6856
4450
7119
6034
1517
1516
2743
4262
1512
1513
3720
6835
7505
3723
8170
6130
7958
3721
1518
3722
5002
3724
4263
3725
4264
6158
7437
223
224
6307
2744
2745
3726
3727
5886
6102
5354
4401
7524
4265
4451
3002
4557
3728
1519
6342
1520
1522
1523
1524
4267
2746
4266
1526
1527
3729
1528
1529
4268
1530
1525
6700
3730
3731
7130
1532
8228
3732
1533
1534
3733
3734
4477
3346
7205
8111
1536
3735
6908
1537
3736
3738
3737
1539
1538
5004
3739
2747
8323
4269
2748
1541
5591
5005
7497
1542
5006
7358
7068
8229
4491
5355
5007
5887
1547
1546
1545
1544
1543
1548
7959
1540
7582
2752
4272
6556
2749
2750
4270
7121
5357
1549
5008
2751
5356
4271
6719
7120
5009
5838
4201
7081
4095
3740
8491
1551
1550
8112
2963
142
4274
4275
5358
5359
5010
1554
7122
1556
5752
3742
4218
1552
4273
5510
1558
4276
3743
1553
3741
1555
1560
5011
1559
4277
6540
2754
5450
3744
2753
4532
1561
7892
3344
501
5888
1562
1563
5512
3745
5474
5012
4520
1564
1565
8426
8113
1567
7798
1568
8114
5013
1569
1566
3746
6282
3749
3748
1572
8331
8557
1571
6131
6132
5291
3750
5014
3751
1156
1161
1157
4519
4452
3753
3752
1574
7960
1575
4107
4106
5213
3754
5017
1578
1577
4980
1579
3758
5360
3760
1581
1582
1580
3755
7961
1583
5890
3759
4278
1584
1585
4279
2757
2758
734
4280
8258
2759
8230
7962
8570
3761
7438
5018
513
515
1586
3762
3763
1587
7361
1588
5891
3764
2944
1591
4474
1589
1590
3765
3767
1592
7443
5892
3766
8511
5893
2945
5475
1593
5019
5020
1596
1594
1595
5361
1597
7180
3769
1598
4886
3770
6133
5021
7123
2983
2984
2985
5022
1601
1602
6721
1612
1609
1608
1607
1610
1605
1604
1606
1603
1611
5023
1600
3771
8303
3772
5894
5362
1613
5024
1614
1616
7016
3332
434
1618
3773
1617
7635
1619
1615
1621
1620
3774
7124
437
1622
2975
5534
1623
5025
5363
2760
5896
3775
1624
1627
1628
5897
1629
4281
5898
5026
1630
1625
1626
2761
2762
2763
4282
1631
6543
1633
3777
3705
1632
1634
1636
1638
3778
1639
1635
1637
5028
1640
5302
1641
5927
5027
1643
4283
1644
1642
5029
3784
3782
3781
3780
3779
3783
1646
1649
1647
5030
1648
1650
1651
3785
6134
1652
3786
3787
5032
5031
3788
2764
4285
1653
2929
2930
6673
4284
3789
1655
1654
5364
1656
1657
8116
1659
1658
2976
2972
3790
1660
5899
3791
1661
3792
1664
1663
1662
5900
8231
4954
3793
4453
7964
5901
1666
1665
5476
1668
1667
166
168
169
4502
171
167
170
2995
2977
4503
5178
2765
2766
1670
1669
7965
5902
3796
7966
2767
4287
4288
4745
1674
3797
5365
1672
1673
4286
2768
8246
4290
2769
4289
2770
4291
5366
8350
5033
1675
1676
1677
157
154
155
156
5600
2973
4475
158
1678
4467
948
6136
3798
6135
1679
5477
1680
3799
5034
1681
1682
3800
3802
3803
5035
5544
6544
3801
1684
479
485
6297
5258
5036
4292
5451
5525
8247
3804
5801
1685
1686
6545
4293
3805
7951
8476
4454
1687
3756
1688
4732
264
4155
5567
6026
5367
1689
5368
1690
3806
5478
7441
1692
1691
1693
3807
6137
6218
1694
1695
2771
4294
1697
5037
1696
7968
4464
7671
3552
5299
1084
2772
2773
5369
1699
1698
5903
5371
1700
5408
5526
3479
3809
6786
1703
1702
5372
3810
1701
6846
3811
5309
5563
1704
5041
5039
3812
5038
6546
3815
5040
3814
3813
1705
5611
625
626
3395
4175
1706
5904
1708
1707
1712
1711
1710
1709
8411
3816
3817
1718
1717
1715
1714
3818
5373
1716
3819
1719
3820
5042
3821
1720
1723
1721
1724
1722
4295
6138
1725
1727
6547
1728
3822
1729
1730
1726
1732
1733
5376
3887
5379
1735
1734
3823
6841
1736
6530
1305
1304
3827
3826
3825
1739
1738
6140
6541
1737
5043
3824
4296
1742
6724
1740
5905
1741
2774
2775
5044
3829
5374
1743
3828
6725
1744
4297
1745
7969
1746
1747
4298
5452
2776
2777
1750
1751
3832
1749
5046
6141
3830
1748
6142
5513
3452
3831
5375
1752
3833
3834
1753
5234
6129
2778
5889
1754
1756
1755
4444
1347
1346
5047
8005
1757
3835
3836
1758
1759
3837
3838
8061
5906
5048
1760
3839
1763
1761
1762
5448
6715
6548
5907
8117
2779
1764
7445
5895
7525
1765
4299
1766
3840
5377
2782
4402
3841
6723
5049
4994
1768
1767
1769
1770
1771
3844
3845
5604
4483
4403
7971
3847
1773
5051
1774
1775
3846
5052
5473
1772
6219
3848
1422
4979
1421
1423
1420
5378
1776
7972
5909
1777
8330
1779
1778
1780
5053
4300
2709
2708
1781
3850
6549
4241
3849
1782
6683
7973
1783
3851
7017
1784
5050
5908
7290
2783
2784
1785
3852
4301
5527
5910
8410
1786
1787
1788
615
5911
4302
1790
1791
3853
5799
670
668
1792
5528
2785
1793
2787
2786
3854
1794
6550
1795
3625
1789
1796
1797
3855
1298
1299
125
127
2916
2965
2917
8537
126
2993
1798
4303
1799
3856
696
6499
2522
2518
8380
2516
5912
7807
1800
1801
1802
6220
3857
5380
1803
5054
5055
1804
4785
1805
5056
3858
1806
5057
7710
2788
4455
2947
2946
1807
1808
1809
1810
1812
1424
6143
2790
2789
5479
1814
1815
4304
6722
1816
1813
6321
5381
4305
1817
2791
1823
1821
1822
1820
6214
1819
5382
4306
3859
1818
3032
232
1824
5913
1825
4307
1828
1827
1830
5058
1829
6726
1832
1831
1833
2692
1835
1834
1837
3862
1836
1838
3860
3861
1839
6865
4495
3863
1840
5059
1841
1842
5060
1843
1845
6869
1844
4309
3864
1846
1847
741
4308
3865
1849
1848
5383
4310
5449
2793
4311
2792
1851
1850
5914
7218
151
4469
150
152
153
2982
1853
1852
7932
1854
1855
4312
5061
3866
3867
4313
4314
1857
3868
1856
5062
1858
1859
4315
6720
4316
2794
1864
5063
1863
1865
1867
1868
7974
2795
4317
3870
7125
1872
7444
1869
2796
2797
6221
5496
1871
1870
3008
8427
1874
1873
4318
3871
4404
6144
4319
1876
1875
1208
3034
1209
1880
1879
1878
1881
1882
1886
1885
1884
1887
1883
5868
5064
5353
7126
250
249
248
1888
136
135
2948
6251
2798
6235
5384
3872
1889
2756
2755
1891
5453
2799
4405
3873
5065
1890
8556
5915
8217
1893
5066
1892
3623
2950
2951
2952
2949
6252
1894
3875
3874
1897
1896
1898
3876
2800
6805
6145
1900
3414
1899
3877
8148
683
164
162
163
165
161
160
159
1903
3768
1904
1905
5067
2801
8248
5045
1906
1909
3879
1907
1910
3878
1908
1911
3880
1912
16
2124
45
2125
2126
3016
6906
3015
1914
1913
4320
2053
7127
3881
1915
5916
4456
1916
4406
2802
1917
4321
1918
3882
2806
5918
1920
1919
6139
5917
3883
1922
5514
3884
1921
1923
4322
1927
1926
1925
1924
1929
1928
5068
3885
6222
1930
1931
1932
5015
4323
6268
6146
1933
1934
1935
5069
1936
414
415
1937
6113
3669
3668
5340
1255
4933
2807
1940
1941
1942
1943
1944
1948
1945
1939
1946
1947
5070
1345
5564
1938
1949
1950
3886
1951
1953
5072
1952
4261
2808
4324
3888
4325
1957
1961
1960
8120
4767
1959
1958
1962
4529
3890
4407
1963
2810
2809
4326
5919
2980
3891
8119
2811
2812
1969
1968
3747
5533
3892
1970
1967
1966
1965
1964
1971
5386
1972
1973
1975
5337
1976
1977
1978
4327
1979
1981
3894
3896
3893
3895
5073
1982
1983
1980
1984
5074
3897
502
3283
1988
8488
1987
4328
1985
1986
3899
3898
3588
4125
4329
2813
2814
2815
1989
3900
5545
2988
1993
1994
3903
1991
1992
1990
6147
4330
5075
3902
5076
1997
1996
1999
4331
2000
1998
2001
2817
5529
2816
2818
176
177
2978
2979
172
175
174
173
2002
5387
5077
2003
5702
8249
2005
2004
3642
2006
5078
4332
3808
5370
4408
2007
6148
2010
2009
4333
2011
2012
3904
2742
2013
2015
2014
261
3905
2016
4457
8232
2017
2018
2819
2820
2825
2824
2823
4334
3907
2019
4335
2021
2020
2022
3908
2025
2026
2023
2027
3909
2826
2827
2028
2029
2030
2031
6149
2831
2830
2832
4336
2833
2032
2033
2035
2034
4998
5079
5101
2828
2829
2036
5080
3910
2037
6223
2038
3911
2039
2040
2041
7967
2042
2043
2044
4337
2045
2046
2047
3912
3913
3914
2048
2049
2835
2834
2836
7976
2050
3915
4338
3917
3916
5081
5388
2051
2052
3003
5083
2054
6329
5503
7975
4339
2055
3719
1515
2056
2059
2058
2057
2060
2061
2062
2063
2065
2064
5084
867
4194
868
8250
2066
2067
2068
2069
3020
2070
2071
2072
3921
3920
5389
3919
2781
2780
2074
2073
3922
2075
2076
2077
2078
2079
2080
2838
2837
3923
2081
2082
4340
2083
2084
3708
2085
1339
3641
2090
3925
8233
3924
2091
2088
2089
2086
2087
2092
2093
2095
2094
7018
2841
2098
2099
8332
2842
2097
2096
2100
5085
3926
6150
5086
2101
2102
2103
3928
3927
2954
2953
2955
381
2104
3929
3930
2105
3931
2843
2106
3932
4554
3933
3934
2109
2110
2108
2846
2844
2845
2113
2111
2112
3935
2114
2117
2115
2116
3305
4343
5505
5504
2989
2990
2991
5016
2118
5087
7977
8447
2119
5390
6304
4344
5391
7970
5336
5088
7636
3936
2122
2123
2120
4345
2847
2128
2129
2127
5089
2130
5590
1414
4448
1413
3679
1416
3680
1415
2848
2850
2849
2131
3937
1576
3938
5920
4346
4347
8121
4348
2132
5575
8251
7251
2136
2135
2134
3939
5535
2133
2137
4351
2851
1877
2138
3940
3941
4514
4515
2141
2142
1570
5090
2140
2139
3030
5506
2853
2852
2854
4513
3013
3014
2143
2855
6224
2144
2146
2145
2857
2856
6552
2147
2151
2148
2149
2150
7978
3294
2152
7102
247
4558
4559
246
2153
2154
5392
2155
5921
2156
5091
3942
220
216
218
219
211
217
215
210
214
213
212
205
207
209
208
206
8333
2159
2160
6253
3943
2161
2162
2163
2164
2157
2158
7637
2165
2168
2166
2167
3901
2858
2859
2860
2172
2170
2171
2169
2174
2173
3944
2861
7979
2175
3401
7980
8262
5393
2179
2180
2177
2178
2176
7195
2864
2862
2863
4486
5740
2181
3945
2182
2183
2184
7981
3946
3947
2185
5565
2186
1995
2188
2187
5092
4357
4361
2218
2193
2258
2229
2458
2467
2445
2498
4360
2886
8150
2870
2367
4004
5093
2466
2447
2389
3994
3906
3960
5385
2397
2404
2371
1902
1901
3029
8122
7989
4409
3966
2867
2871
4363
2879
5394
4412
5395
2255
1860
2968
1862
1861
2196
2209
2189
3956
6330
4364
8386
2330
2344
2285
2306
2877
2865
7986
2316
2264
2199
2214
2213
2248
564
566
565
563
2239
4355
2464
4352
2875
2878
2391
2360
2470
3951
2478
3950
2888
2412
2414
2427
3957
2388
2377
4341
2483
2500
2496
2451
3869
3949
1671
3794
3795
2197
2200
2217
2206
2219
3985
3984
2327
2329
2314
3981
2346
1954
3889
1956
1955
2107
5398
2286
2280
2279
3980
7990
1573
469
2293
2290
3978
5097
3974
3972
3971
3970
5922
3035
6787
2901
2278
2342
2345
2332
2331
5096
7983
7987
6349
2312
2325
8149
3989
2207
2215
2205
3959
2201
3000
6254
2956
5098
2372
3973
2453
2438
2446
1471
2487
3975
2385
4353
2390
2368
2369
2420
3976
4350
4349
6551
6360
4539
3017
2399
2400
2405
2503
2403
5923
2357
2384
2482
2910
2909
3977
2497
2509
2394
2890
2896
2433
2410
2408
2431
2428
2416
3044
3979
2383
3982
2387
2895
5480
2957
2489
8039
3983
2485
2484
2502
2504
4410
2450
2443
182
181
180
179
2440
2465
5269
2805
2804
2803
8690
2234
2233
4359
6884
2225
3986
5924
2224
5094
2231
2253
2262
2905
2250
3969
2246
2190
2821
2822
3968
2194
2192
2352
2266
2265
2311
3967
2898
4362
2899
2339
2337
2335
3952
3953
2333
1811
3954
2271
2270
3955
2267
2304
2302
2298
3958
2289
2295
2300
2305
2297
2269
2273
2276
3961
2283
2334
2347
3962
2348
6836
2350
2319
3963
1361
1362
3651
2900
2897
3964
3965
2212
2892
2203
2220
2242
2249
7984
2251
4411
4413
2252
4458
8123
2902
2907
2904
4459
2889
3987
3988
2241
4003
2471
2454
2462
2473
2505
2488
4005
2490
2392
2386
4011
2903
4356
4010
4008
2421
2426
234
3033
3021
235
2432
2364
2361
4006
2359
2374
2382
2476
5507
2492
2507
2439
2437
2908
2906
7988
4009
2221
2456
2459
2444
2381
242
244
243
245
5397
3999
2415
2411
2407
2406
2398
2396
2423
2424
2419
2418
2417
2366
2365
2362
2363
2375
2880
2876
4354
2872
2472
2452
2969
2463
2461
2457
2355
2240
2238
2232
2874
2227
2226
3993
5396
2261
2257
2254
6395
1376
5508
5509
2882
2883
2887
2884
2198
2322
2317
2885
2281
5095
2272
3992
2287
2288
2301
2354
2235
2291
2292
2294
2307
2303
2275
2268
2959
2277
2284
2309
2338
2341
2343
2315
2320
2324
2328
8162
2191
2208
2211
2204
2247
2263
8124
2259
2243
3402
2321
6553
6554
2460
2469
2449
5566
2474
2506
2475
2480
2481
7925
2868
2869
7982
3991
2486
2491
2378
8118
2356
2370
2881
1866
2840
2839
4002
2413
2430
2429
2376
2434
2479
2477
2494
2468
2873
2237
2222
2349
2866
2299
2340
2351
4358
2395
2436
378
387
385
388
4516
2441
2493
2358
2409
2402
2401
2987
2499
8125
2958
2195
3995
3996
3997
3998
3990
2893
2274
2282
2308
2310
4000
2336
2894
2323
2326
2202
2210
2216
648
2245
2256
4001
2260
2244
2223
2228
2236
2353
2455
2448
2508
2495
2435
2393
4517
4007
144
149
148
143
145
146
147
2425
2373
2380
6283
2501
2442
2891
3948
