2595
7484
7292
6898
3932
6975
3902
6076
3399
7393
3400
7436
3873
3870
7700
7418
6373
4384
1622
6759
5568
5973
1630
5363
5125
4361
6851
4503
1627
1625
7847
5900
7209
3877
1634
5879
7977
4501
1632
7373
7471
1633
7053
6497
1639
1640
5513
3760
5758
6944
4854
8109
4832
6674
8003
3404
5803
6531
5162
5371
5901
5802
1644
7902
19
7510
7464
6917
1654
6526
3984
7854
7765
7588
1655
1656
7328
6794
8079
8073
3407
5170
3927
6748
5357
6108
1662
6143
8072
8080
8102
8070
8061
8085
8043
8100
8099
5876
3909
4158
6515
7221
7859
4935
1668
1667
5808
30
1672
6891
1670
1673
6936
1671
4990
4872
3779
7892
5291
6768
3410
6458
5792
3714
4147
7168
6215
6537
1677
6275
4926
1678
1682
6749
5903
1681
1680
6414
3734
1679
3934
1686
1687
1685
5841
7974
1688
6675
5919
6472
8096
5512
5719
6640
3033
7507
3034
8021
7236
7378
3413
8022
7175
7153
1693
6069
8047
7439
6260
6103
2309
7334
1699
7037
6671
7454
8090
7370
1700
3631
3919
0
6874
5651
5650
52
1717
1718
6978
5629
1716
1714
4952
1715
4325
6444
72
7312
3922
5140
7503
7427
68
3921
6466
6810
8031
1029
6071
7874
3739
3791
7725
1726
5303
7763
3461
7930
5438
6594
7947
4772
6084
6781
6873
4331
8069
1735
1736
3417
1737
4335
7714
6249
6596
6416
5633
7368
5925
6894
3419
6449
5779
6168
5996
7935
2708
7600
1743
6880
6797
7988
1742
5867
6517
2524
7990
7055
3042
6982
7917
3356
4441
3041
7350
4888
1755
7780
7894
5787
6456
3423
5976
3904
3766
5577
7690
7457
1760
6750
3730
5218
3554
3426
8057
5402
7515
520
6651
3886
1762
5777
7821
1763
7397
5785
4880
5909
3199
4955
7410
1764
1765
1766
4208
6198
8004
7302
48
6825
7444
7034
5822
8052
3492
3869
1769
1770
7463
56
4419
3054
3053
4445
7975
5659
5738
6763
7787
45
1780
3432
3431
7050
6589
3852
5981
1781
5189
816
5367
1785
3331
5042
3270
7254
3728
7960
5344
8087
8077
8110
8103
8075
8088
8094
8111
69
6611
1792
6952
1793
4891
6719
6288
1791
1790
5838
1801
1799
3861
1802
7499
1800
3958
6468
6386
34
5582
5346
6065
4408
7046
3055
6765
7502
3056
8089
7965
3442
7171
1808
7176
7424
3437
7615
6648
7494
7004
4974
6625
5572
5810
4494
5781
7880
5466
7347
6
8009
7938
4410
7835
6618
3059
7104
3058
7212
67
7889
5102
7627
5453
1822
6622
5864
5731
3884
8010
6656
3875
4111
5809
6610
1826
7201
6014
5333
4324
1828
4267
5384
6455
5958
6461
6652
3862
7398
5331
4717
5830
3814
7907
6983
7786
5885
7325
1836
5914
6427
3447
1841
1846
4997
1845
1842
5379
1840
4395
5972
7822
5546
1853
3448
3867
3319
7129
5354
6378
7135
7955
6261
6722
4871
7186
4901
4870
7589
3567
1865
7202
1866
6895
3988
7420
7969
1872
6634
1873
6881
1874
4807
36
4669
4519
7244
7275
7233
4421
6264
6434
6333
21
1880
1881
7337
4857
7842
4481
1882
6247
1884
7509
1843
6079
6913
1844
7984
7967
59
8105
8091
8081
8078
8097
4024
3757
3666
5796
5380
6729
7877
7792
1892
7301
6156
5654
3071
3070
7875
6804
3069
17
5230
7384
7132
7972
1908
3747
6443
4456
7234
5995
8107
8064
8104
40
7909
5124
4881
7442
4813
7850
1913
3742
3467
5467
6459
7639
3749
7674
3876
6374
6420
7593
1931
1929
6939
5604
7848
5805
4214
3082
5418
3079
4492
3078
3081
4469
5620
1941
6888
7948
6399
1939
1943
7861
5843
1950
6383
7716
7446
1951
4326
6351
295
6536
7479
7992
1952
7039
1955
6575
5324
1967
7356
7631
4446
7259
3470
6710
5920
7469
7260
54
53
8050
5761
7982
7994
7906
1972
7372
1975
4907
6201
7167
1674
5715
8086
3409
4401
4278
3667
6884
1995
6885
7594
4897
3980
1997
6981
6713
61
3945
1999
2000
6832
6811
3874
5631
7210
7227
6633
3092
6998
7340
4626
4429
8034
2008
3778
6924
6890
6446
2007
3797
7810
7239
6132
2013
3846
6980
6650
7270
6780
6392
3713
6450
5329
7758
7068
6448
8066
8063
8020
8095
8045
8059
3901
2032
3946
7038
6398
6899
2033
5845
7352
4861
29
7497
5353
6308
7187
3518
2042
7324
6078
6348
2047
2046
6465
2051
3483
2048
2050
3581
7976
25
7351
1702
1701
1706
5780
5800
7278
7986
1711
1705
5
8067
8076
8098
8068
7934
5015
3310
6965
5454
2063
5018
2062
6441
3490
7501
4816
6992
7788
7206
6662
6110
5016
2066
5893
7702
6977
6073
3411
1675
7371
5992
5705
5937
7256
5099
5052
7737
3269
1722
1723
8002
3338
4845
7625
5753
8001
7795
264
7141
6870
3340
262
263
7721
4066
8023
75
8013
6322
2092
8032
7303
4508
3496
1973
6467
7868
6464
6612
5154
6914
5243
8113
8058
8084
8112
8062
1959
2101
3833
4878
2102
7207
7231
6798
6799
8093
8082
6301
2116
7473
3836
7422
7164
7284
6113
5815
7346
2115
4708
7782
6779
3259
6311
4709
7620
7918
6511
7282
3718
3717
6159
3771
7205
2123
2121
6942
3986
5360
2124
7673
7895
2125
7287
26
3501
2127
5926
2128
5994
6985
5175
6599
2134
5022
7023
5941
2133
7940
5312
6355
3534
7142
6451
6075
2136
5786
2858
7304
2142
4235
5814
2141
7295
2140
7019
4276
3693
7599
2149
7158
4882
6144
2148
2147
5053
7776
6949
7217
6960
6469
2153
3508
7162
35
4745
3114
6258
3113
6841
7884
3115
4437
4959
2156
2155
5539
7998
5446
5921
5025
7
6620
2158
7348
3544
2157
4868
4927
7179
6226
6091
7490
6723
6678
6006
2162
2164
6368
3769
1683
6460
7396
7286
6976
39
4468
7932
7049
6786
6734
3796
6541
7041
2169
4170
6726
6255
3118
5597
3123
3119
3120
3121
3122
60
2173
5238
6463
4909
7923
7252
5388
6252
7391
3737
7235
6318
6601
7110
7806
3689
3810
5182
7040
5598
3125
4480
3124
6125
3808
6487
7330
3686
6102
5144
7449
7383
6698
6623
3767
4970
4321
7113
1863
3504
3140
3139
3138
7411
7401
6152
5607
7326
47
7419
7617
4918
3840
3841
1370
8065
8092
4989
7121
4379
7375
6923
6452
4661
3837
4385
27
7755
6658
6543
4916
4343
7431
4183
3765
2202
5336
7506
274
6875
3348
3346
4843
3349
4844
3345
1214
8054
8106
9
2211
5806
4097
5130
4732
6513
2212
3799
2210
5600
5880
5820
5592
3798
5153
6940
3525
2215
6504
3849
1998
6677
4933
6629
1994
574
5979
4716
2218
4890
6727
2219
2220
4616
2226
7377
6820
3527
5041
2229
7478
2228
8017
4261
6712
3823
4737
5783
2023
5813
8101
2233
2235
6484
3529
2234
6002
3803
5397
5045
4473
6934
7451
2237
4879
5297
4893
5721
7160
4884
8030
8008
7916
7021
6166
7968
6886
1463
4476
5334
6172
5646
6788
7759
4640
218
3329
3328
7134
7309
4827
6401
5273
7333
7388
5817
3624
5163
7823
6987
5104
4301
7516
18
7824
8
3786
2261
2262
4353
6082
7251
7192
7413
2718
6265
2263
2264
2265
4383
6911
2266
7319
4947
2613
5960
2273
2274
7074
7886
6926
4289
2276
4866
3485
8041
4339
2278
7091
5372
7015
3807
7208
7211
7876
2279
3914
7860
6115
2291
7814
5048
4182
6827
3256
2292
3538
2293
5019
3652
4860
6457
3806
4665
5359
44
2296
7169
4865
2298
4710
3539
2294
2297
4624
4654
7297
5337
7150
5986
5788
6009
4535
3705
7163
4908
6303
6530
2304
7612
5151
5398
3540
2308
2311
7031
2310
3211
7425
6214
6242
62
5991
6183
3541
6114
3642
6945
6850
2428
2318
2319
7971
6963
5998
6839
3543
2320
2321
5142
2058
73
6094
7317
5727
7213
6462
3758
2331
3547
2330
7766
7188
8083
50
2335
5881
5798
6871
2336
4636
7154
6916
7182
2342
7919
7762
5933
51
4613
5617
3166
4608
3164
7261
7010
265
7598
6931
4874
3549
4338
3551
6300
2354
6204
7857
4943
7513
6644
7720
3725
2357
6243
4455
3168
4601
3169
5733
4651
7240
6257
7120
6101
7482
3157
3158
3155
6717
8074
6824
4387
2361
7939
4761
4436
5644
7470
6540
6907
5797
6577
7081
7472
7166
6253
7382
5419
4736
3165
6128
4489
3167
8108
37
7461
7717
6562
3174
7622
4748
6876
3173
7087
7138
6595
4556
6100
4498
3068
2069
2070
2068
7590
2067
6692
23
3630
2386
2387
6964
5870
7156
3995
5764
7933
5430
3175
7911
7908
4454
7849
20
2392
6566
7357
3777
7913
6927
2391
7692
5741
7937
5129
5793
2398
5936
16
6930
7445
6370
7310
6396
3
7816
4
6179
6957
6933
7718
7051
7905
7488
6991
6858
7949
3881
7872
7203
2073
6864
6438
2072
5413
1456
7989
7630
5912
6189
6686
3441
7432
3443
7603
7237
8036
745
6117
7225
5762
4840
6866
7313
7006
7045
7745
58
8056
7447
6162
2425
5980
5474
3577
5043
4457
7060
7086
7719
6645
6641
1024
5858
8051
6126
2436
3578
5339
1831
4250
7404
7390
1616
3789
8000
14
7768
6371
7668
8055
6321
6746
5150
2379
2385
6812
5771
2384
6842
6943
22
6505
3698
7587
2448
4458
2447
5111
7322
42
2455
3772
4662
3589
2454
2453
2452
6377
5594
6011
7514
8042
8071
3049
7841
7035
7379
7912
7584
1468
7249
3592
7100
6893
7605
4887
4885
5899
6421
4377
6603
4406
7262
7715
5351
1
2471
2472
3764
4100
8005
2473
3593
7088
6919
7265
6336
3182
6259
3181
4747
6989
7226
5118
7881
7170
5967
6205
7355
2478
6435
3661
5114
5265
6163
5478
7305
2485
2484
5587
6027
7020
5554
8011
49
3709
3604
3603
3601
7996
5461
2487
5335
6860
632
2488
3602
7314
5985
7437
6389
6262
6491
7230
7321
6087
7290
7688
2368
6184
7440
7705
2498
7089
2497
7219
5247
2496
6559
3756
8037
11
2504
7343
7194
7381
10
7522
5579
2
5429
5369
5515
3171
3172
3170
6085
924
6604
3719
6684
7218
6795
6654
3700
4982
2556
2516
3625
7995
6762
2517
5946
4394
6897
5961
3570
2521
3925
6023
4742
7122
2522
5088
627
6358
7862
2527
7331
7845
2525
6903
7649
6935
7964
2540
7093
5956
6912
3710
7669
6608
6900
140
7970
2493
5576
3920
8019
4258
3609
4065
5875
6889
5567
6097
3830
2549
5949
5835
3752
3754
4971
3753
3751
7799
7491
7873
3633
2554
2555
7827
5322
7341
5848
2327
7165
6072
3545
3748
74
7525
70
6003
5093
3708
7416
7408
5325
4518
2567
7696
2568
6918
7963
2566
4405
1026
6909
7311
5829
6705
6853
2572
7936
7869
84
3646
5096
5097
2588
6148
2587
7961
6721
5108
4206
3676
6366
7263
2589
5408
38
8027
4676
7224
2596
7462
2640
7915
4849
3645
5953
2601
2599
7266
12
7882
65
3649
2610
4488
5433
2611
477
8060
3651
5420
5807
7044
28
6380
6105
5024
7003
6191
3654
7466
2614
5179
7085
5063
7678
3982
8016
2388
6338
4166
7773
6012
2621
3815
3715
2620
5732
3571
5254
4663
2627
5811
5212
5955
6507
4438
4389
3116
7756
6160
3117
4650
6254
5729
5435
7812
57
5105
2635
7706
3838
6521
4396
2146
6996
3507
7161
7890
2145
4397
6646
7092
6388
6304
7492
7065
7421
3330
4712
13
5692
3286
6821
7851
7924
6843
24
2647
7216
2645
2648
2644
3659
7839
2643
7414
3401
6520
1629
1626
5169
6747
6206
6018
3446
7299
6609
6070
43
3105
4435
3104
3107
6688
3106
5832
3822
7794
6906
1926
1925
63
5801
3671
4867
3670
2684
3720
5341
4810
5471
55
3722
6199
5298
5068
4899
3674
7997
3672
6349
6479
5326
2690
7271
2691
3560
7000
6782
7888
6606
5342
4527
3180
3179
5432
3532
5113
7476
5062
3473
5782
7362
32
4005
4440
4414
2699
46
3679
4329
2704
7752
2703
2702
3638
71
7047
4363
6997
3096
3095
66
7532
3025
5445
7675
2712
6642
4877
5574
5307
7448
2968
7178
3626
5338
5859
2714
2713
6442
7838
4186
31
3688
6024
2722
6553
2721
2724
5368
2730
4876
5356
2729
6090
3928
3931
5737
4293
7474
7684
7064
5730
7983
7107
1623
7618
3439
4368
3793
1621
5370
5477
3533
5136
7790
5165
6098
4965
7136
6425
5824
3402
3691
6704
3905
1628
5586
7433
4652
1637
6431
6493
1636
1635
1638
4930
7897
4322
4490
6787
6083
7115
6164
6381
7279
3028
3027
5671
7999
3826
5306
1645
1643
5204
6693
7813
1631
4862
7123
5887
6988
3893
4981
6616
5678
3776
4357
5791
4966
7901
1658
1657
3406
3795
1664
1665
5974
6848
1666
4773
4988
4983
6044
1661
1660
5011
6473
7434
7374
7296
3031
5348
6766
6081
5657
4936
6088
5266
5373
1669
6707
5827
7942
7267
7783
6269
5740
6696
8026
6077
1676
6716
7152
5410
6429
6738
3032
5799
7067
6597
5854
4286
6093
1653
3908
7288
7246
3650
5470
1690
4232
6529
7258
7679
7837
5902
6478
7781
1691
1692
3906
7013
15
7533
3414
4984
4942
6428
7956
5581
3036
4638
3035
6406
7456
5550
3864
5485
1712
3878
4137
7898
6805
5409
4802
3039
8028
3038
1719
7722
4467
5174
1720
6471
1721
7708
4914
7958
6353
7511
6908
6986
7174
5844
8039
6404
6847
6367
5131
4012
4237
1733
7429
1728
1731
1730
1727
1741
5396
5826
3883
3681
3360
6937
3895
1740
7962
1739
1738
1732
1729
4875
6532
6665
3898
6846
7118
5365
6533
3418
5754
1747
1746
6266
7133
4358
1748
5957
7082
4856
5159
1745
7477
3421
4794
3206
4853
4941
6015
4923
3759
5299
7534
5440
4855
3438
6127
1751
5840
7686
6822
5355
6080
4334
7033
4453
1753
5573
7345
1754
7954
1752
7785
4360
7498
6593
7222
7991
5683
6724
1749
4946
7707
6979
6376
6447
4852
3912
3913
7369
1744
5374
1757
1758
5907
7430
7727
1761
5795
3424
4466
5009
6999
3487
7608
3047
8046
3046
6440
6149
7344
6807
6852
6008
5828
5332
7214
1772
7376
6667
1775
7685
1778
6490
3429
5675
7264
7621
7399
6334
5649
6025
6474
6600
7106
7460
5911
7242
1788
6423
7941
1787
3433
7124
5982
1782
4262
4992
7096
5673
7772
7871
3677
7032
1789
3434
6922
7512
7475
3712
4409
1798
7185
6445
5443
7036
6307
1797
3952
4222
5680
6796
5167
1794
3665
6558
7084
3435
3455
3436
4995
6879
6878
6384
6791
7300
7946
3057
6154
6769
6268
6845
4412
4411
6433
7076
1824
7111
3842
3207
1825
5412
7481
6621
7335
4439
4413
6728
5849
5743
3888
3744
5851
3740
5825
1827
7002
5442
5284
5913
1829
7689
7241
5588
6453
7878
6602
4415
4418
3060
3061
4583
4846
3062
7338
4900
5928
7455
5483
5770
5382
1837
6896
6560
7921
6714
6904
5677
6095
1839
5473
7349
5296
7380
3063
4417
6598
6849
1851
1850
1848
6882
3770
1852
7713
3452
1854
4998
7844
4863
7453
1855
3308
1862
6475
7981
1857
5700
7607
5456
6753
6720
6233
4824
4674
3065
5414
3064
6263
6412
1877
5020
5311
6106
5469
7057
6534
7495
7641
1879
5287
4811
7223
5983
4315
6929
7701
5002
4686
1885
7329
7073
3260
6861
6312
7139
1894
4253
6422
7238
1896
6690
6857
3458
1893
7423
5918
6290
1898
6661
4931
5906
1895
6792
5340
1903
4869
1905
4101
1904
3726
4780
1902
3075
4566
7596
5720
7323
7743
6624
7959
3457
6764
7900
4666
3871
6605
4371
1901
3460
1890
4364
5624
1888
4910
1909
7825
1920
6010
5506
6800
7458
1919
6915
5857
5421
6227
7459
7452
1927
1930
5313
3466
3464
4788
3258
7951
7704
6783
4718
7291
1928
4266
4799
1933
6920
4366
3866
3488
6740
6245
1932
1923
7173
7843
7711
1936
6830
5362
3716
7204
5681
3080
5580
6157
7415
6273
3085
7914
4426
4427
6837
7075
5630
7487
4711
6314
3468
7979
3191
1945
4471
1953
1954
6955
7583
5449
239
4812
3314
3343
240
3315
3669
4762
1961
5005
5498
7834
7389
5585
3086
6868
7426
5684
7102
3471
1974
7127
7137
4929
5393
7128
7125
4842
5855
3250
1982
1979
4646
1983
3305
7014
5213
6627
1978
1976
1987
5007
6131
1986
6482
1991
4516
6803
3472
1984
1981
1977
6357
1992
7973
6096
7400
6177
7517
1980
4738
4996
2004
5628
3091
7500
3088
3089
6995
5147
6426
6756
6363
6424
2009
6329
5447
4858
2015
2014
5436
2006
7283
5834
3208
8012
2016
6486
5385
3610
6555
6760
3477
8049
3476
7803
7619
7269
6175
7131
2017
6630
6506
3479
7407
5837
6112
2034
7332
5330
2037
7228
5349
3303
3094
7616
4634
6718
7623
2022
7101
5106
2021
6092
6994
4370
6778
5012
3475
3746
7119
7585
6635
6613
5014
2045
4895
7628
6938
7864
6659
2054
2053
3491
2056
2057
4432
3097
4643
5602
3098
6123
5455
5423
6730
3264
4470
8024
4809
6121
2065
5923
2076
5405
7030
2074
7467
6921
6742
2071
6062
3845
7417
5850
6279
2077
3729
3800
2078
2079
3843
2080
2081
3493
6636
2082
5089
5017
2086
6892
6663
3495
2088
7180
2087
2090
6289
4961
5361
2089
7157
7775
7200
7339
4828
7155
5769
252
251
5776
5749
6284
6339
134
7130
135
7099
5655
7342
3204
7316
4675
7143
3202
136
4693
6439
3203
3201
3205
3357
5343
3262
5622
2093
4826
4372
7774
3279
7428
213
5566
212
211
7609
5724
210
209
5688
7784
7920
2095
5510
4629
4628
2096
2100
6209
2099
3687
6107
4373
5862
6703
6676
5735
4374
3500
2103
2106
2107
2109
2110
2111
2108
6970
2113
5171
7114
2114
2104
5177
2105
4967
7683
8014
2112
4282
7883
6954
5160
6074
4126
2119
5021
5818
6639
4536
2120
7858
249
4851
4838
5767
5742
7724
6415
6068
4804
2122
6104
7695
6411
3108
6382
7831
2135
6418
4823
5768
6417
250
6865
2143
5460
3736
2151
2152
5695
3788
6480
6539
2137
5821
6256
6250
5755
7108
4945
2154
5784
5908
3622
4779
3851
7255
2150
4376
4889
6607
5206
6932
2163
4886
3510
6436
5345
5965
6859
4244
2161
7747
2168
6111
4482
6628
7001
4944
7441
5137
6591
6086
2170
2166
3513
6004
5310
6668
5734
2172
4698
7819
4400
6835
5352
3512
2171
6022
4428
5401
7879
6993
3514
6883
2175
2180
5929
6643
7591
4423
2179
7853
2178
7159
2177
2176
2174
5176
3844
5643
6984
4265
7268
2183
4859
4475
6990
6813
7277
5027
2184
5152
6631
5563
3516
7614
3648
2186
5028
2187
3126
3127
7052
3136
3128
3129
5565
3131
3137
4781
6237
6715
7285
4460
4744
5173
6387
6664
5030
4378
3517
3964
6319
3135
3134
3133
3132
3130
3141
4500
3142
7855
6277
5492
2192
3519
5860
2197
6902
7483
7519
2198
3536
5701
5836
4336
3275
7604
5032
3521
2199
5747
5766
2200
2201
2204
6887
5034
8053
5702
4382
2206
2205
6542
2209
7687
6856
5035
3143
3144
7435
3145
2214
7293
2213
4327
7796
7957
3254
2203
5897
8007
5317
4800
7670
3834
6544
6512
5898
5040
2216
4658
5039
254
7504
256
255
4833
253
7931
3333
6332
2225
6925
7709
7723
2224
4388
7048
6241
7215
6305
6545
4902
6514
5172
3996
6248
5192
3825
5977
6619
2227
5199
4848
7232
2230
3773
7815
2231
2232
3148
4443
3146
3147
5578
4649
4442
3289
2236
5044
5865
7757
2221
3526
6145
3531
4790
7354
3723
2238
2243
4037
2242
2241
2240
2239
4323
5061
8025
2251
8015
2250
2244
2249
2245
5046
6751
3537
5952
5804
2256
2255
7978
5676
2257
4213
2260
6176
7144
2253
7147
5997
2254
6862
6524
8038
3150
6761
6270
6829
6573
3848
4526
5987
6056
2277
6342
7903
2275
2272
4903
5930
4703
2287
2286
2285
2284
2283
7626
3819
3821
3820
2289
2290
4300
5164
6216
6691
4949
7387
2288
6732
4925
2282
3762
4864
6390
6356
5708
4707
6028
2295
5244
3580
5155
2303
2302
2301
7308
3956
3711
3152
4450
7243
5434
5595
2300
2299
6182
7910
4672
6361
3153
5560
3154
8048
6869
5139
6519
5457
5049
7779
4452
3156
6000
5350
6638
5999
3542
2323
7353
2322
6501
2324
6709
4309
2328
4046
6193
2329
7172
7189
5861
4340
5156
5055
3787
7090
3738
2343
5051
3546
2338
5054
3620
2337
2341
5816
5591
5134
5056
4777
2352
5934
7386
6454
7830
5873
5871
2351
2350
6708
7602
6375
4819
6819
2333
2332
2339
7385
2334
7597
2349
6167
2353
2355
4706
7072
5065
2360
6089
6682
3678
4954
6669
2347
2348
4805
5833
6238
4245
3563
2359
5058
3557
2367
2366
7953
3299
4496
3556
4622
3559
7629
7744
5945
4464
4932
6310
2371
4229
5888
7195
6140
2365
7771
2374
4256
3894
2375
5745
2372
5064
2376
4270
5328
5750
3335
5763
6808
5593
7489
2377
2378
6492
5794
5277
5484
6789
5748
6165
4600
5080
6099
4016
4898
6046
3561
5289
2389
2390
4928
5636
7274
5990
5623
4463
3176
7836
3177
3322
5431
2397
2393
2399
3566
2400
7183
7750
5482
3178
7327
6489
6784
3564
4390
4714
4305
3569
6706
2410
5157
2415
5866
4924
2414
3574
6496
4433
2419
7945
6135
3573
4964
5400
7754
7943
5070
2420
2421
2422
4391
6554
6395
2418
4631
3829
3962
7866
5938
7586
2433
2432
6483
7126
2427
3276
2426
3575
5071
7520
4019
5135
7987
2439
2424
2423
5072
4892
3576
4940
5789
2417
4520
2416
7443
2443
6470
5894
7012
5890
3784
7601
6548
4268
4938
6186
7190
6509
6251
6502
2446
2445
7595
4785
4786
3587
2451
5570
5939
4392
3586
6518
2450
5319
4760
2449
7521
2463
2462
5940
5883
3816
5366
7042
5823
5942
5076
5696
6354
6755
2465
5652
7944
2475
5077
2477
2474
5347
7664
7929
2467
7741
5922
7008
4479
3184
6173
3183
4459
5625
5752
2479
2480
2481
2482
3600
3910
5647
185
4782
3267
3272
186
5746
6413
187
188
7893
6350
6725
5697
7307
6737
5686
3743
2483
7402
7276
6055
2491
2490
7220
7011
3957
7071
4465
7650
4763
3607
4212
5132
6683
3614
6660
4948
2499
3615
4620
5404
5079
5081
3612
6550
6565
6500
3613
5083
2503
3618
5288
6576
5562
2505
6005
7257
5693
5944
7523
7524
5084
5309
5133
6221
2500
2501
6437
7043
2514
5085
7298
6615
2511
4093
2519
6946
2513
4179
6855
2520
3163
3162
4673
2523
4215
5364
3628
8029
2533
6969
2534
7229
5679
2535
5190
2532
3161
3160
4757
3159
2536
2537
2539
6494
5462
2538
2541
6188
5092
5682
4764
7009
4904
4449
4451
4683
3662
3197
5406
3151
5358
4447
4448
137
4697
7887
4740
4739
7606
6246
141
4699
7063
142
143
145
5672
5710
144
3210
139
138
6302
3209
3263
4704
5094
5931
3985
5950
5087
2547
2551
2552
4894
3634
5186
4701
5095
4095
3974
5464
6052
4398
4279
5232
2560
5115
5831
7846
4751
6697
3149
5599
4444
3641
2569
7742
7748
2574
2575
7289
2578
6579
3655
7791
6146
6614
2585
2583
2582
2584
2581
2586
2580
2579
2577
2576
5819
3750
3731
3637
4911
4647
2564
6481
7526
2600
2598
5103
7926
2597
2608
2607
2603
5098
4219
2604
6592
5690
2605
2606
7528
7652
7527
3656
6309
2618
5117
6029
2612
7899
2623
2622
2632
3657
4350
4769
5691
7582
3287
5694
7840
7710
2633
6130
7734
2634
6037
4255
5468
6632
5534
5107
7070
7109
4506
7529
5489
3112
4692
3109
5422
4695
3111
3110
4648
4615
6391
6122
4771
5627
3253
7530
2663
6195
2662
2668
2667
2665
2642
3802
6905
2641
2638
2639
4604
6790
5584
6153
2673
7066
3664
2671
2678
6276
7181
2677
3781
4297
5138
2655
2659
6950
2656
5812
5209
2680
2681
2682
4144
6306
7272
2683
7798
6854
6546
6953
4220
5378
3755
4896
7818
4958
7832
3673
2686
2687
6785
5963
2685
3101
5463
3102
3103
4502
6320
6013
6059
5452
5116
4912
4224
2697
2698
5295
5966
2695
6508
2696
5411
4112
2706
2707
5842
4980
3252
6158
3093
3685
5120
4664
2717
4659
6801
4346
2720
5119
7746
2728
2727
3301
3690
7059
2734
4696
6202
5059
4939
6814
2726
5689
2725
5969
2736
4977
4259
5765
7985
3891
2737
7306
6066
3692
5195
4873
2733
2735
6910
5847
6941
6557
5178
5437
4830
3255
3090
7358
7922
2744
5970
5971
2749
2748
2747
2746
5416
6402
2745
3696
7645
6516
6364
5417
2760
5569
4905
4425
5126
4434
4542
3087
2770
2771
3702
2769
5127
6477
4197
6838
5736
4304
5220
2774
6617
4722
2775
6280
6362
3084
3083
7925
3077
4677
4814
4529
2772
2773
7103
4668
7083
88
89
5706
94
90
91
92
5728
95
4667
6711
3198
5575
93
6901
4784
7712
6818
3926
3611
5269
6476
5323
6286
4619
3076
4671
2762
2764
2761
6637
4787
2756
7253
2757
2755
3697
3860
2754
7486
7680
5123
5846
6649
2753
2752
4049
2751
3699
7681
7315
3072
3073
6340
3074
5476
5122
7726
2750
6171
2759
3251
5943
2758
3703
2767
2766
7496
2768
2765
3029
6695
3030
7281
5407
3701
5596
2763
7405
7406
2741
2742
2740
6272
3067
4670
3066
5709
2739
2738
3277
5210
2732
2731
6116
4883
5739
6200
2723
3192
2719
2716
2715
4422
3763
6951
7904
7829
5968
3818
2710
4288
2711
4420
7318
3683
2709
7145
6687
2705
7993
3583
2701
2700
7817
4273
7294
3309
7672
7852
4349
2693
2692
7058
5964
2694
2689
4272
4045
6685
4416
2688
6344
5428
6119
4493
6155
5112
3668
6971
2679
3445
6196
4407
5003
4637
2672
2670
6551
2676
2661
6495
5878
5074
2660
5050
2646
5109
7097
2658
3663
6194
2657
3694
2675
2674
6872
2654
2653
6777
4956
5959
2652
4702
5626
3732
5110
2637
5571
2636
3048
6151
4630
5519
6831
3052
3050
3051
5774
7409
3880
6240
4821
4999
3868
5387
3684
2649
2650
2651
7480
3045
4505
3043
3044
6774
5524
6150
5283
2624
4968
2625
2626
4352
7029
4404
3040
5532
4509
6758
2617
3300
2616
7891
4296
2615
2619
7671
6833
4618
5101
7531
3653
6745
4269
2602
5294
4122
7535
3306
4835
233
4815
3316
202
208
207
206
5685
204
205
203
201
200
4563
4402
3037
4403
2592
6267
2591
2590
7804
7808
6118
4319
2570
6552
2571
3923
2573
4491
4008
4277
3639
7870
6283
2565
3640
6809
6190
2563
7359
4478
6626
3636
7148
2594
2593
275
3352
2559
7022
3635
2557
2558
6244
5010
4130
2553
2550
3489
3249
5642
4399
2562
2561
5951
2548
5954
4031
5547
6590
4847
2546
4700
6408
3248
7666
4552
6331
5091
2531
2530
5853
5852
7677
6826
2544
2543
2542
5948
2528
3629
2545
2526
7505
2529
6958
5856
3355
3621
2518
2515
3623
2512
3999
4318
2510
2509
4486
2508
4246
2507
4230
2506
5086
3619
7361
5082
5475
3617
4393
2502
2492
6282
3616
7360
4514
2494
3247
3246
4240
6061
5558
5522
4803
6281
3605
2489
4055
3597
2486
6549
6485
2495
6328
5868
7820
6313
3598
6771
3599
5772
6053
2476
3595
6405
5711
2468
2466
2470
2160
5389
7005
5877
3024
3023
2469
3596
7703
3591
2457
6187
3590
2458
2459
2460
2464
5441
3594
2461
2456
4242
6736
5496
6197
2441
6702
2440
3584
6271
3582
6499
7826
2438
2435
2434
2431
2430
6372
5869
5069
4306
5520
2411
6503
3572
5895
2413
2412
6681
2409
6680
3568
2408
2407
2406
5067
4906
2405
7403
5233
3565
5026
6141
2429
7007
5281
4210
2404
2403
6161
5216
3987
2402
2394
4919
3562
2395
3558
6048
4934
2373
2401
2396
6585
3555
2370
7536
5458
5196
2369
5066
6185
3937
7952
2362
2363
7027
5399
4554
7468
2383
2382
2381
5523
2380
3955
3022
5386
5517
2358
5583
4678
2364
4645
6139
6547
6220
2356
3550
5549
7640
2326
7485
2325
3951
7751
5932
4283
2312
2313
6224
2314
4348
6181
3997
5891
7699
5589
4806
5621
3021
4627
2281
4820
2280
7438
4917
2268
2269
2271
2270
4042
6064
4078
2267
7654
7863
3297
2259
2258
5047
3643
1838
5395
4485
3020
7537
6962
2252
4035
3606
4381
3019
4380
7336
3017
2248
2247
2246
4431
5481
3015
3016
7069
7365
3298
3528
6211
3530
2217
4344
6385
6109
6138
4642
3014
5947
2208
5036
5500
5037
7245
6877
4836
6757
6365
3013
5390
4633
7793
4922
4915
5033
2185
3515
5029
5713
7789
4791
5839
2167
3462
2165
6219
4092
7493
3012
6274
7508
5590
2159
6137
7777
4920
5023
2144
4684
3018
5507
4424
6203
3973
2126
5989
3941
2129
3010
3011
4641
4605
6733
2132
2131
2130
2118
7105
5535
2117
6019
3505
2139
6867
3320
2138
7184
3503
2098
4004
4913
2097
3498
278
279
7273
4504
2094
7833
5391
4921
2091
3494
3009
3008
4694
3007
6731
3311
5315
2085
6510
2084
2083
5924
4657
4189
7682
2055
3484
3006
6844
5321
6051
5540
3005
6767
6752
2044
6647
5228
2043
7610
2040
2038
3782
2041
2039
3933
2049
3481
3535
2052
5653
2036
7753
7077
5013
2031
2030
6230
3480
2018
2028
8006
6947
2029
5619
4107
3196
2012
4715
2011
2010
2005
5886
3474
2002
2003
2001
4369
6278
5451
1996
1993
7657
1989
1985
1990
1988
5383
6021
4295
4354
7151
5703
225
227
3292
228
226
229
5704
5726
1969
1971
3502
1970
1968
5006
1963
1962
1966
4162
7062
1956
1960
3660
1958
6228
5561
1965
1957
6567
1964
1942
5279
4079
4285
7676
1940
5381
1944
5905
1949
1946
1948
1947
6120
6535
1938
5004
4094
6041
1937
6403
4310
1935
1934
3783
5863
7080
1924
4341
6793
4537
6735
3004
4367
5465
3520
1922
1921
1917
1918
5494
7665
1911
5146
1910
5606
1916
1915
7149
5426
1914
4532
1900
6488
1897
3459
1899
3853
1891
3003
4365
3002
3001
1889
5915
5184
4337
1886
1887
6129
7140
4639
4497
5509
5001
1883
1875
4725
1876
5000
1878
7394
7801
7095
1869
3916
1867
5698
6863
3454
4362
1861
1858
4332
3450
1859
1860
3190
3453
1856
7800
4834
3608
5078
3451
3444
1835
4345
3449
1834
1833
1832
1847
1830
6655
7749
7731
1849
5316
3971
7659
5722
3735
1823
5227
4294
1821
5962
5318
3463
1912
5916
1816
1817
1820
1819
1818
7653
1811
1815
1814
1813
1812
3497
1810
7056
7694
5444
5198
1809
4311
3456
4993
7732
1805
4979
1807
1806
7980
1796
1795
5377
3000
6178
5376
2999
2998
2997
7736
6966
1784
1786
4991
1783
1776
1777
3813
4356
5707
4151
3430
1773
4009
1774
1771
1767
1768
6369
7828
1779
7802
1759
5910
5375
6170
4606
3427
6169
1756
3469
6581
6498
4359
1750
3499
5439
3422
1734
3416
4114
5425
4018
3856
4987
7643
4937
1725
1724
4951
4985
1713
1707
1709
5874
1697
1698
1695
1696
1694
6840
1689
1708
1710
3929
7026
4098
7199
1684
4656
5530
1646
3405
1650
1647
7094
1642
1641
5559
2996
2995
6653
1620
1619
1615
1617
1618
3325
6352
1611
4075
4759
3396
3408
7667
5008
2994
2993
1610
4713
4978
5403
2992
5057
4705
6049
5031
3395
3334
1606
4264
4001
1609
1608
5263
1607
1605
1604
1603
3394
3917
1601
6828
7018
1602
6556
4275
3398
4299
259
4841
257
3344
258
7024
4096
4043
3403
4487
1600
6430
3392
1598
1599
7538
3284
3283
4679
2991
4746
5394
4612
4723
4973
1597
1596
1594
4972
1595
4307
1591
4317
6067
6054
1592
1593
1590
4758
5608
2988
2989
2990
4550
1587
1586
7364
1585
1583
1584
4333
1582
5616
1581
1588
1589
5896
2987
2984
2985
2986
4755
4461
3386
6397
6409
1569
3850
5193
3385
1571
1570
7280
1577
5612
1578
4969
2983
5528
1575
1572
1573
1574
3353
2982
2981
2980
2979
4386
1568
4570
1663
1659
7540
5392
5556
3863
6689
2976
2977
2978
1567
1566
1565
1564
1563
4228
3382
5892
3384
3383
6134
1562
3381
5935
7642
1560
1561
7811
6359
4963
6133
7730
1559
1558
7867
1557
4034
1556
6142
3940
1555
6700
1554
3245
6815
3482
1551
1553
1552
1548
5555
1546
1547
1549
1550
2975
4543
4653
1541
1542
3938
1543
1545
1544
5472
1539
4507
1540
4257
3376
4986
1538
1537
1536
1532
1535
1534
1533
1531
1530
1527
5145
1529
4030
1528
6657
5645
3377
8035
3579
1519
1514
1515
1518
1517
1522
1521
1520
5166
7662
1516
1513
1506
1511
1509
5516
3847
1505
5975
1502
1503
1504
3296
1512
1510
1507
3387
1508
6032
4767
5282
85
83
5648
3193
87
189
3194
3195
86
4660
4524
1499
3373
1501
5415
1500
3415
3548
3372
4153
3511
5656
6770
6341
7728
7865
1649
1651
1652
3268
1648
5038
4161
7450
4140
4040
5687
6754
1498
4831
5424
1496
1497
3903
4957
6772
4308
4234
1486
1488
3370
1485
1484
1487
1481
5121
1482
1483
4530
1494
1495
1493
1492
1491
3371
1490
3977
1489
3811
1476
1479
1472
1473
7896
4284
3889
8044
3724
5141
1471
1467
1466
5638
4720
3244
6325
2973
5609
1465
6124
3391
7797
6315
7177
4124
7729
7733
1464
1460
1458
1459
7809
1457
2971
2972
6666
1455
3389
6299
7697
4609
2970
7856
1452
1450
1451
1453
1454
3859
216
7117
3278
214
217
215
1448
1449
1447
5231
1446
6042
4953
4766
1445
3486
7465
1441
4540
2969
4756
4274
1440
1439
4007
5183
5927
6147
6928
4625
4171
4582
1433
5128
6210
1432
3366
1431
6236
1430
1428
1429
3390
3963
6207
2966
2967
1438
1434
1435
1436
1437
4994
7054
4316
4110
1426
1425
6287
2965
4562
2964
6330
7116
1424
231
3293
3302
7611
4774
230
3294
3374
4462
1422
5757
4776
6672
6739
2962
2963
3364
3365
1416
3524
1417
1418
1419
1420
1421
3304
7541
1415
1414
3644
5632
1413
6136
5491
2961
6673
2960
5872
7592
5889
6180
6225
1412
2959
4375
4546
3317
5143
3682
1411
1403
1404
1410
1407
4483
3397
3362
3792
3375
2958
2957
6212
4069
1406
5778
1409
4950
3363
7966
6578
3367
6670
1402
6743
2956
2955
3380
7542
1400
6217
1401
4430
4292
1399
5773
3805
1398
1397
5884
3761
5427
2954
4477
3271
3428
1396
3369
1395
3368
7028
4597
7363
6192
1391
1390
1392
1389
1388
4719
3243
1386
1387
1384
1385
7543
1393
4085
7950
1394
6285
4721
1383
1382
1381
4303
4113
1378
1379
1380
1377
7927
2953
2951
2952
4541
1376
1374
5984
5978
1375
5280
7544
3972
1373
1371
3979
1372
1369
5479
1368
1367
5904
224
3290
223
4793
4603
5529
7767
7017
4741
4082
4822
1362
7545
7016
7660
1359
1360
1361
3935
5241
1357
1351
5180
4544
2669
2664
2666
1356
1354
1352
1358
1355
1353
1348
3388
6045
3790
5304
4495
2950
2949
4551
1347
1344
5314
5148
1346
1345
2948
1343
5882
4067
4280
4036
1342
4632
3187
81
78
3189
4655
79
3188
3186
82
77
3185
76
80
1337
1338
1339
3378
1341
7198
1340
3897
5635
5161
1335
1336
4752
2947
4962
1334
1333
1332
4750
2035
7663
2946
1327
1328
1326
1329
1325
4187
1324
1321
1323
3658
1320
1322
6741
2928
2905
6834
241
2945
2944
4523
2943
7698
1316
4225
3647
1317
1318
4023
1315
1314
4960
1313
6538
7392
1312
7760
4192
6968
6047
5257
1311
1309
1310
4026
6343
5658
4789
6836
1307
1308
5495
1306
5459
3465
5248
1305
1304
1303
1301
1302
4271
1298
6317
1300
1299
5497
1294
7928
5100
1293
6961
3675
1291
1292
1290
3523
6001
1285
5215
7738
5601
1286
3832
4198
1284
6324
1283
1289
1288
1287
1282
4975
1281
3774
6316
6326
1280
4976
1279
4607
3393
5487
3953
5486
1278
7098
1277
3854
6806
5660
3440
1276
3727
1273
1275
3412
3768
1274
3425
7885
2191
3839
5499
5790
5181
4121
5993
1270
1271
1272
6948
3379
4472
4223
1267
5480
5714
1269
1268
1266
4743
4177
1265
1261
1260
4263
1262
7193
3780
1264
1263
1259
1258
1257
6292
4474
3998
7658
3321
4783
8033
4290
3954
5301
5501
2942
7769
2940
5553
2941
3261
6335
7661
7546
6063
3257
6522
1255
3733
1256
4135
3242
5641
4320
1907
5504
1906
1252
3745
7078
1254
1253
3282
5493
1249
1248
7739
7547
1246
1247
1245
1243
1244
1251
6571
4150
1250
6223
5533
5202
1240
1241
1242
1238
5255
1237
1235
1236
3831
7079
6525
1234
1239
1231
5149
1229
1233
1230
1232
1226
1227
5634
3775
1224
1225
3785
1228
7635
5286
1222
1223
4231
1221
3632
5245
5917
6568
4801
5760
2939
7395
1220
1219
1218
5305
7644
1216
1217
3824
4749
2938
2937
4521
4602
2935
2936
232
5718
2934
2933
5450
6956
1215
3892
5203
1213
3288
4243
1212
3420
7548
5252
5603
1211
1210
7191
3478
1209
6564
6523
4484
4054
1208
4298
4512
1206
4091
4611
8018
6218
1207
7740
5518
4070
1203
1202
1204
1201
1199
1198
1200
6057
7646
6699
2932
1196
4599
1195
1197
1192
1193
4000
1191
1190
1189
1187
1188
6528
6527
4553
2931
1186
7656
1184
7367
6972
1183
4103
3817
1185
7196
1181
1182
3950
1177
1176
5448
4080
1179
1180
1178
5725
1172
1173
1174
1175
3900
1167
6574
1170
1171
1169
1168
7025
6174
4134
1165
1164
1166
5253
5158
1162
2930
2929
4617
33
2885
2886
1161
1160
6323
4614
7248
1158
1159
1163
3959
1155
6040
1156
1157
4621
2743
1154
1152
1153
3704
3882
4201
4172
1150
1151
4581
2927
6239
6360
4598
5505
8040
6020
1144
1145
1146
3930
1149
1148
1147
5207
4610
1143
5187
1140
3872
1141
1142
1139
1138
7655
4681
2924
4680
7550
1137
1136
5242
1135
1134
2922
2923
5662
5661
1133
1132
1131
1130
3879
3890
6297
5250
4236
4163
5090
3828
5614
3627
4205
1129
3522
1127
1128
1125
6031
1126
4118
1120
1123
1122
1121
1124
2919
6291
2920
2921
1118
1119
6033
1117
1116
4687
6346
5605
6679
2918
4522
1115
4539
1114
1112
1111
1113
5511
2917
6744
2916
7551
3585
5712
4014
237
238
5637
5639
3241
6327
2915
6208
3026
4575
4635
2913
2914
5503
1110
1109
3553
3552
5060
1104
3948
5191
1103
1108
1107
1106
1102
5267
1105
4538
2912
2911
1580
1579
5544
5075
3588
2910
2909
1098
6410
4020
1097
4510
2908
5548
6561
3965
1095
1096
6007
3994
1092
1093
1094
1100
6432
7735
1099
4216
4131
4011
6584
1091
2024
2025
2026
2027
2019
2020
4136
6701
3741
5205
1090
1089
1082
5208
1084
1083
3960
4557
3361
2907
7553
4048
4063
3911
7805
1081
1086
1087
1088
1085
7552
2906
7146
6337
2904
2902
2903
4682
2901
2900
7518
4330
2222
2223
1077
4730
1080
1078
1079
1076
1075
2189
5290
2188
2190
1074
4057
1070
7061
6039
4039
1069
1071
1072
3949
1073
1064
4249
6586
4022
1066
1065
4251
1068
4734
1067
4499
3707
1061
1060
1063
1062
7320
1461
4239
1462
4090
1057
6419
1055
1056
1054
4729
4731
3240
3239
3970
1051
4021
1053
3992
1052
7778
2899
2898
5618
1525
1523
1526
5073
1524
5759
6213
1048
6030
1047
1050
4128
1049
5235
1044
1045
2897
2895
2896
1046
4528
1043
1042
3896
1041
3899
3695
1040
1039
1038
3918
2894
2893
3706
3966
1037
3809
2064
2061
2060
2059
5251
1035
1036
1031
1033
1034
1032
5490
1030
2892
1028
1027
117
121
115
112
108
128
132
123
104
101
97
113
106
102
3200
111
116
124
109
119
118
114
100
107
131
130
127
98
122
110
120
96
99
103
105
129
133
126
125
2891
2890
4513
3812
4817
6563
7647
7554
3721
7807
7636
4555
7770
5610
1025
5274
5488
5543
1023
1022
1021
1020
1018
6026
1017
1016
1019
6959
1014
1013
1015
3801
1012
3804
4173
1011
3324
1010
6694
5234
1009
1008
7651
1004
1005
5261
5276
2075
2974
4818
1003
1000
1001
4221
1002
4117
999
245
246
247
248
998
997
3975
996
4089
994
995
993
6393
7112
6036
992
6400
990
989
4238
991
988
5988
987
4200
986
985
983
984
6050
1350
4044
1349
982
4041
6222
978
6407
4534
3967
980
981
979
977
972
971
970
5717
5699
620
505
588
4241
4086
510
974
973
3968
975
976
6773
5663
5214
969
968
4047
966
967
3794
4545
4209
4515
3238
964
965
5292
3235
5268
4547
4072
5217
3835
962
961
960
4577
5249
4028
963
4160
1576
4829
959
958
6967
1330
5285
1331
957
3827
956
954
955
6775
6043
953
952
1612
4052
951
7555
950
6802
3961
3924
4006
64
4196
948
4825
949
4211
2889
2888
947
946
945
4302
2194
5552
944
943
936
937
938
939
940
942
941
935
3234
934
4027
6569
6570
5664
933
932
931
929
930
5168
5185
925
6823
4062
3887
928
927
926
4178
923
4227
6017
922
921
920
1864
6016
7624
4010
914
919
918
917
916
915
5538
4517
7648
3233
147
3232
146
5666
2887
913
4142
912
911
910
3969
909
908
7558
7557
3885
907
906
3944
902
904
903
905
901
900
899
898
897
896
894
892
893
895
891
4132
890
3857
889
888
5246
887
886
3855
885
7613
4573
6231
884
882
5508
883
4792
5525
880
879
4199
5716
4795
4511
881
875
5188
876
6295
878
4770
5502
4193
877
5526
4735
2609
873
874
41
1804
1803
4291
3936
6583
871
870
868
869
4558
2884
5613
5308
4248
1319
4174
866
864
863
865
867
1194
5223
3231
857
859
858
856
855
854
853
852
4165
851
850
4204
849
5194
845
4155
3989
4202
846
847
848
844
843
842
841
6572
840
4068
839
836
4587
835
834
4593
4029
5665
2883
1205
838
837
2882
831
4119
830
833
832
5264
3993
829
3991
4568
7366
827
828
823
824
825
826
5514
6293
3858
820
821
4217
818
4077
2881
2880
2879
2878
3359
277
5327
817
7559
822
819
815
814
813
4081
7561
4754
2875
2876
2877
810
6587
4775
6294
1427
4313
805
809
807
4017
806
3915
808
5211
804
4203
803
802
4115
3976
6058
4015
4116
3865
801
1059
1058
7562
3285
4765
800
1470
1469
799
4533
5611
2874
798
794
795
793
796
797
791
5201
790
792
4247
789
788
4733
786
787
785
784
782
3907
5224
783
781
5197
5751
779
780
1475
1474
7539
568
6379
388
387
6974
7761
386
385
3281
3280
4768
4808
559
560
2849
5551
6296
4685
190
192
193
199
3274
194
198
191
196
3273
195
197
409
6034
410
411
437
6973
436
5237
5293
4218
639
434
433
432
3216
3215
3214
431
1614
1613
668
665
6234
1101
664
6060
2848
2847
2844
2843
2925
2926
426
4188
423
421
322
416
413
5200
7637
412
6816
6345
424
4180
584
626
606
625
624
622
621
2340
617
348
3265
4525
347
3983
741
345
2842
2841
5239
616
4157
590
597
598
3947
5226
5557
2840
2838
2833
2832
5541
344
3939
343
342
341
339
337
2831
4561
7565
334
333
4129
2830
2839
4567
3943
3942
4087
536
1480
7634
4120
552
577
575
1868
3354
1870
1871
2872
2870
2869
5615
2868
1704
1703
327
326
325
350
4013
3680
7247
2867
6229
2866
351
352
378
4053
3336
4623
2345
2346
4691
3978
548
549
6817
7764
376
375
4531
744
5723
5262
732
369
368
367
3212
5756
379
366
4152
717
7250
715
364
872
759
769
774
355
5271
354
302
4574
3981
441
4083
4060
4002
4050
4724
6035
4596
4796
6776
353
739
755
4106
356
4580
357
777
6038
5240
4169
5229
2863
2862
4548
5521
758
2861
358
359
360
361
362
363
720
719
706
5640
5527
705
4281
2442
860
5545
862
861
688
677
370
371
5236
372
373
374
5275
5256
773
742
734
737
674
2182
2181
543
6394
3307
377
539
6580
3990
2860
4689
4565
534
562
557
556
349
4032
324
1478
1477
4314
4149
7569
3351
271
270
4588
551
6298
662
583
328
329
330
4727
331
332
7571
5225
652
671
667
3318
335
336
338
340
628
3217
3213
5222
5221
4003
4564
592
591
7412
3219
589
619
7197
614
612
611
4084
676
6582
4051
346
609
613
4033
5300
365
381
184
5674
183
3266
605
603
3347
585
586
4038
261
260
382
4138
414
593
594
595
596
415
417
273
272
3350
418
419
420
422
425
438
655
4108
7693
3358
658
659
4226
427
428
4061
663
673
4154
429
430
4252
669
670
672
651
631
4073
7549
633
634
2854
2829
4549
435
1296
1295
1297
4105
582
645
646
647
648
242
243
244
408
383
2344
7572
156
155
153
151
162
172
176
170
169
182
168
167
166
171
173
179
178
181
180
165
175
154
157
158
159
160
161
152
149
177
174
148
164
150
163
4595
389
573
581
578
2815
2793
580
541
533
538
3337
4074
390
391
392
393
544
394
7573
4025
395
4181
4088
396
397
398
399
6347
5668
3323
236
3342
235
234
749
747
746
4056
675
6235
400
401
736
402
403
404
405
4254
5259
772
778
776
2792
5670
5669
2791
2790
2789
4572
2788
766
5320
765
762
761
760
5302
406
407
323
380
4123
284
287
290
5260
7576
697
696
4351
2307
2306
2305
286
317
701
3291
686
1443
5219
1442
1444
681
7632
4148
310
4071
312
319
4312
4559
5564
4569
292
280
288
5270
704
5537
4850
318
315
314
4058
5531
6232
311
4064
300
305
4576
320
714
282
4102
5542
4125
7638
4059
710
709
7577
3221
3222
3332
3218
3220
4726
768
730
707
708
5536
713
729
4104
289
298
313
306
1405
1408
4185
722
723
724
725
726
716
678
679
2828
2787
2784
4560
2778
4143
4099
7580
304
440
2777
4076
5258
7579
7578
2783
2780
4753
2781
7581
297
316
299
689
3295
301
4109
4145
303
307
321
308
2786
4586
309
222
221
220
219
3312
3313
4778
4585
296
294
2825
2824
4584
2823
770
283
775
733
293
291
4184
740
743
753
4688
4260
4141
285
7575
748
752
5775
281
384
7574
439
2821
524
526
4592
530
2820
2819
2818
4287
5272
529
531
518
1365
1363
1364
1366
4156
3223
3224
3225
4579
735
699
698
695
693
519
527
692
691
687
522
521
4191
513
685
684
683
682
680
2814
2826
2809
2807
2801
4798
4797
5744
276
4839
3326
3327
718
4159
712
3228
3229
4355
3226
3227
485
483
2804
2806
2810
2817
2816
2813
7570
727
728
703
488
491
4328
4347
2444
493
496
497
498
472
7568
444
446
451
690
694
462
700
702
7567
731
4127
757
763
767
771
4139
2859
2864
4571
4342
756
5278
764
754
738
514
4194
7566
4207
750
751
711
644
550
547
545
517
4146
4728
2193
2196
2195
535
554
528
506
509
512
4133
4578
570
567
566
4837
516
565
564
563
7633
7691
7564
561
558
555
553
486
503
463
461
460
458
457
455
454
453
452
2796
2782
449
448
447
576
2797
4164
500
2812
4594
4644
2827
2822
492
266
267
3341
268
269
540
4591
1423
546
3339
479
504
465
473
474
475
476
478
480
481
482
484
487
643
642
2805
2799
2798
641
640
638
637
636
635
2800
630
7560
649
650
2802
2803
2808
666
456
459
7563
2811
4690
660
657
656
4233
5667
653
466
502
523
6588
3237
3236
602
2779
2776
599
2785
2794
2795
2835
2855
2857
587
623
4590
618
615
2873
2865
2871
610
607
608
600
601
604
1624
4167
4168
7556
629
468
467
4589
654
2853
2207
2856
2851
661
3230
471
495
494
501
2437
1007
1006
4176
4175
499
2834
470
442
571
569
464
2852
2836
4190
572
579
537
542
2837
2317
2316
2315
532
525
811
812
2850
3099
3100
2845
2846
3506
3509
489
490
469
443
445
721
450
508
507
511
515
2629
2628
2631
2630
4195
