1810
4158
1565
2459
63
1973
1548
2898
10024
446
3347
965
6717
988
4534
3949
1513
2851
989
4026
2685
10028
2458
4047
10022
1697
1782
3262
10023
5430
178
886
10021
192
2436
1225
3533
3798
3532
2328
2990
2987
4090
10019
412
2086
1463
6602
1423
10018
879
4588
1036
2536
2028
3567
10014
1941
501
5898
10012
3123
10013
4618
10011
1474
807
703
5914
411
4646
442
5190
2757
1430
1048
2825
884
4613
334
3700
2062
10016
767
3701
1943
1942
374
4617
1164
519
1798
397
645
622
6977
10010
2461
1481
25
3494
2709
89
3278
10009
2750
380
1453
3476
3501
614
7635
5507
5459
283
2291
7636
1245
149
10007
795
199
4483
4715
1272
254
6974
9
284
125
214
48
174
143
691
10005
2581
625
2359
5421
289
1903
4118
3312
10020
3000
55
30
322
81
2431
1087
4089
10004
4765
445
10006
2343
5936
1521
4955
188
1819
10008
1944
11
5497
85
112
2711
371
10
2992
4640
398
1035
1119
462
819
7634
1173
5506
1113
1901
877
62
525
945
10000
1550
388
3867
896
2988
4826
3223
4614
5866
2842
1197
96
4990
484
2996
1913
49
2118
9997
3337
2557
9998
3521
9999
1677
5143
5500
2671
338
10001
4619
42
1850
1945
552
1935
1809
3106
5673
3462
2762
2034
9993
721
1894
1661
5616
2938
585
1616
833
1827
392
5789
1473
1149
1176
2832
3441
2949
1893
175
4636
1003
9986
2950
9989
2344
3026
3085
9987
60
4
1269
12
2995
345
469
277
3745
5953
470
9988
2998
2510
5105
640
3028
1958
5868
4681
3489
3780
881
9985
4406
4570
3512
4351
278
3469
326
3338
2469
1623
5862
4637
123
9990
3747
4885
6125
1454
2453
3268
3704
4623
4669
2479
1216
913
2784
682
9995
2772
400
974
2767
2756
5425
438
2341
5408
2157
205
5316
1123
177
1940
1117
27
232
10751
1805
2942
5920
418
9983
4178
5246
3966
270
9984
955
200
68
13
191
209
45
4278
406
3706
5947
6083
575
4340
1251
9982
6841
3703
2201
4190
5455
5456
3541
2347
7632
1602
9981
3482
5501
2499
3341
3013
579
1471
3463
5864
77
993
4700
245
379
4203
3799
1682
4343
7324
1008
3388
615
3416
1627
497
2614
2348
560
135
9980
828
3382
3030
1198
2654
6967
100
9976
3
23
2355
5
477
39
2994
9975
4615
2282
5863
4616
5871
4134
2989
1956
4087
1178
9977
3296
6087
4033
1179
516
1673
2258
1374
9969
4697
1203
194
3725
3075
1016
9979
3319
170
1704
5245
9973
1422
6166
7175
3933
2663
9968
8
620
1686
341
6101
5894
301
5628
4230
9971
2090
5925
9967
518
1775
2796
1429
357
9974
9978
3702
4638
3709
4053
2872
1587
2607
3814
61
3664
3473
5873
4768
2014
1046
2563
6064
4207
977
3355
2491
1792
47
9965
803
2513
2041
373
5009
2172
1952
3530
233
3931
5821
3847
5922
3372
4515
320
4725
9963
672
2314
1396
3386
9964
136
403
6963
5128
5991
9961
3737
3292
6605
9960
5895
5903
3905
3714
578
5389
9962
1695
240
3484
1594
9959
704
5865
1619
1014
1533
1670
1279
5519
2422
1398
5518
5891
2846
9957
5189
9955
2215
5564
227
688
150
9956
523
69
46
208
58
985
1167
5414
1581
5896
2043
9954
1243
1441
2597
5869
2609
1747
1287
1177
6118
1676
9958
3012
2877
4080
2066
3001
495
705
3061
2467
1405
4388
375
9951
1172
4349
1497
3728
3495
2025
1208
9952
1680
6626
1115
4251
4631
1522
451
975
1939
2829
3307
4345
734
957
3764
1444
97
2854
1506
2462
37
4887
156
1408
7785
584
2345
2824
1244
840
181
2460
381
1746
603
564
308
9947
514
1757
152
719
1495
9943
2089
2033
715
9944
9946
2839
2175
2350
1668
533
9945
1588
83
1751
3458
5428
5882
115
2543
6260
1150
5241
1465
479
5240
344
4624
1461
1436
5527
9939
3848
4275
2228
1199
244
3531
4221
5788
3472
1861
172
330
51
80
238
165
28
496
1207
2361
1402
9937
2445
6955
6178
9935
1750
1227
2211
5238
5239
342
9948
9949
2468
2575
2352
377
2159
2095
3520
2006
4831
1413
1711
9932
9933
612
1851
2519
2912
429
193
1151
9934
2298
3713
6094
2869
145
610
4434
4846
2260
9929
9930
4113
1946
9931
984
810
1235
5068
524
458
4317
850
2265
59
574
16
2464
78
365
9928
3470
7631
7630
4363
376
5498
2299
6954
9926
2930
9925
4694
9927
246
2827
5867
572
4202
153
2207
1659
1663
2238
2686
5786
1797
71
644
384
1462
5643
5787
4268
978
5417
1639
396
9924
5870
4754
4422
2823
3260
4652
22
9923
3813
296
9922
9921
9919
117
4622
5236
5640
656
385
4149
1807
3397
4442
3726
3475
9920
1752
673
331
1485
4620
2463
1375
3510
654
2669
3734
5320
5422
7295
1599
3340
4244
3478
966
1043
1634
2888
1503
887
1475
6266
9915
3471
146
4341
5482
1552
2342
747
3705
41
9912
3174
358
2660
5314
7218
597
2655
5313
7208
4156
4157
1556
10766
7216
1828
5312
1934
2777
2146
3450
76
3515
3675
2715
291
3051
561
5880
2286
4645
5805
829
847
4742
476
1703
2775
9913
2317
627
3972
565
1694
2546
1950
4350
9918
6079
5235
9911
2615
1187
1371
3715
608
6747
1896
2921
3727
824
2478
4842
1448
1756
1456
151
1407
9908
312
3053
1615
2860
3481
938
2256
9909
72
1492
1218
2446
570
5630
5531
1693
3093
9906
3423
4649
2237
239
9905
2488
237
9904
3413
2369
1252
830
4105
7629
3411
108
4175
4402
961
5637
827
439
1712
589
4215
4277
2292
14
1428
130
441
256
15
32
19
4743
7267
1493
155
6723
9900
862
5956
2419
9901
6047
2037
9899
699
2140
596
417
5977
1959
649
6552
718
3707
4802
541
536
1392
5908
3782
4912
343
223
1841
9916
1478
1617
425
2776
9907
4708
4643
457
6073
5930
4750
9897
2297
316
9895
528
6948
1496
601
9898
5881
1386
4749
2346
5911
956
107
9902
4002
765
0
24
1
563
131
6158
1439
3111
520
3812
9890
4962
7628
2357
7626
1595
3673
7627
1200
1631
2690
1651
9892
1672
267
845
3708
9891
3717
3710
2826
3724
2529
2185
674
1531
1012
91
7294
332
7625
4342
7624
5785
7623
865
3672
1907
750
580
5539
1516
4427
1655
1859
714
3623
2693
2704
6008
401
2560
66
878
1240
5386
10786
4196
7248
4198
10784
3310
4173
7227
5387
7228
2710
10785
5360
7247
2227
4197
3336
1806
5388
10783
3785
213
2650
133
2360
1891
2026
9884
3794
9878
3505
160
1957
4162
4689
292
647
2283
1955
3487
1573
9881
9885
9877
33
359
2094
2858
1761
1604
9882
2287
1455
9880
5499
800
134
3861
2882
2324
6300
9867
2476
2330
4709
305
79
5887
1062
9869
1786
2918
4321
9868
1204
9866
402
3477
6
2373
9865
5233
1687
1174
3723
716
7621
790
7622
5508
1675
1129
5232
6129
6313
5872
1808
187
1953
3485
9860
3716
2999
1505
4561
3121
2466
3496
2910
532
1180
1605
1372
1606
3407
2732
4394
9858
4775
2568
801
6419
3985
2526
754
9857
5961
1890
86
2484
6001
3376
1568
9859
2239
126
9856
3084
427
791
5933
556
3205
6107
3079
5169
3083
2747
2214
4151
7232
7233
1536
7234
3287
2677
4206
7196
543
1526
1370
1949
31
3504
7619
7617
4280
7618
2039
9853
6944
5229
9851
6565
729
1608
3887
4716
9852
459
4450
9854
5962
3739
1458
3846
1217
4660
1847
2048
1241
2993
4621
3474
2820
677
2736
1951
2835
3766
355
3082
391
93
372
1155
6086
432
2166
9848
792
9849
4199
4327
2020
5926
1749
4676
1593
5486
460
1524
1560
9847
2722
979
9845
706
5547
5503
5653
5782
3518
1201
2701
7612
158
4690
9836
1626
9840
6942
2290
7610
5382
275
5556
1769
1964
2284
9835
9832
3683
2503
5541
2862
4103
2929
5520
7179
7611
9833
613
9834
3682
859
2270
9831
4691
5971
9828
1532
9830
3490
9829
1124
4344
4346
113
2837
1406
1924
5516
4370
4138
2516
2032
4159
288
1175
3339
494
1160
9825
2713
4200
546
1459
3733
2481
9827
1388
6162
2691
1674
3939
2474
4276
1961
1641
1904
7609
1875
2380
7606
1895
7607
7605
7608
2816
452
1603
4705
4635
4730
5511
6887
6011
4695
2475
3109
671
3963
9823
4632
1559
54
6940
3007
529
5298
2811
3802
5814
6095
9821
5905
2046
2865
1184
3080
1502
910
3151
1713
1575
3884
3047
9819
9820
319
3808
9815
554
5877
3748
3140
390
9812
3266
9813
360
4474
4786
5988
5986
3559
5889
9811
4546
3113
195
171
109
553
9810
114
9806
4703
2379
9805
9804
1082
4326
3090
3110
3044
9802
5228
9801
2909
3589
4392
6421
9800
3011
1038
99
218
111
340
5542
696
236
52
65
2
38
1010
9796
9795
3853
9794
5946
4756
3692
4360
837
1636
2385
399
36
366
166
5952
2029
4581
6057
2848
9799
3118
4608
731
4362
4630
4335
4829
9793
637
6931
763
435
6190
9792
395
1283
9790
9791
4060
231
1625
3493
2496
1438
2971
5067
2813
9787
3003
2472
4057
9788
2111
1299
9786
626
5420
3735
50
3917
1540
4673
5893
1748
2778
717
1212
1771
4628
3161
3957
1988
3017
846
333
9781
230
9782
9783
5155
4438
6117
4733
3791
9785
1427
1684
2997
3479
3099
844
4135
440
954
1541
2644
1561
4797
2542
1642
9778
4368
9780
3015
4347
9776
4038
959
573
9777
9775
9774
404
9773
1838
2193
2340
94
2480
454
3095
5779
5560
1157
1146
1683
367
642
6013
1948
346
9772
6911
1768
9769
3732
2209
5095
2489
9771
3128
4056
3632
6495
9770
3067
5989
1268
6925
2828
3750
4493
2085
9768
3712
9767
7256
510
2914
210
493
1482
9766
5970
3054
3387
3800
9765
461
3293
2672
206
3294
2402
678
6924
1205
437
1781
2333
5974
2532
1120
2884
1543
611
7603
5502
2163
1166
1744
1399
3029
892
9762
9764
9763
5981
3242
2349
1911
307
4979
702
1869
4801
2495
841
4685
9760
2295
318
2954
9757
5967
1011
9756
3898
3024
1947
2170
5875
4627
2412
695
557
2158
4580
9759
272
1140
1128
2727
857
1633
6609
3042
310
409
5876
2465
4625
3711
4626
5874
1409
3695
1880
2008
467
2405
4358
7600
4564
2786
581
4312
980
758
3729
2592
4607
1457
9752
5505
1937
1181
1985
4639
1518
9751
4551
5984
2254
1384
4796
1816
748
490
4650
2922
5573
4629
9754
577
5227
2052
3513
5410
9755
2142
4127
1871
3486
7599
118
1433
5775
3668
2943
4863
1974
2240
4771
9745
1954
2216
2892
4655
4759
2060
680
2486
3316
5512
73
2901
3607
689
5774
1042
3787
2659
142
6761
9741
4128
1237
225
9737
3065
2294
762
9749
9747
9748
9746
9744
9743
2337
9742
6920
9750
600
692
7598
1158
7597
5049
9736
793
3767
2449
2171
5900
6645
4059
3545
3841
2012
328
9738
2588
1965
255
302
9733
1460
9732
4082
675
1898
3922
9734
3182
1813
4273
4282
215
831
9735
817
21
1446
2643
1051
9731
1367
6210
1678
2441
4634
287
2112
129
2413
295
6588
3150
6193
1249
2428
9729
67
6048
9728
1498
3754
9727
798
5928
9724
9723
1020
3796
3034
9726
9725
1210
20
383
4126
144
70
1133
6076
4824
5484
190
455
1242
29
5577
1662
571
2266
4031
6046
9717
5888
5509
2407
3008
2047
3052
638
4208
2714
1681
6039
9716
9715
5580
4861
4250
851
1833
4104
2368
5550
7593
7592
1431
7591
5393
3543
530
416
5878
4348
309
1147
5879
880
1039
4633
4806
2057
95
9708
6671
5226
2285
9709
5861
9707
2787
9706
885
2390
6304
693
9699
4834
1466
9703
9705
1122
9700
4699
6092
9704
3774
4661
3023
424
9701
9702
2072
5513
3483
4176
4664
1136
5883
6006
5951
4377
499
5939
2354
5588
1779
9697
1451
6909
3107
2831
1708
2845
3500
4647
4354
6147
348
820
2702
9698
2721
4984
9694
6835
5222
5802
9695
4939
1596
1169
228
1393
1394
423
3456
5993
3004
9696
64
3056
3406
7589
5543
7586
2861
7590
7587
7588
9692
2186
3681
5892
9693
5221
1487
526
9690
2448
2098
3480
9689
2386
9691
2470
5902
1928
3516
3201
9688
1202
2564
7583
5606
2331
2364
2779
7585
5715
7584
2781
870
7582
1378
2438
2803
1962
1132
995
3241
6056
9686
9687
6002
1222
266
2319
971
4973
3009
1116
9685
3967
3420
5910
3997
6594
9679
2221
1468
6907
4651
229
4102
9684
9681
4077
5303
3907
2255
75
3823
43
6908
811
2073
9678
5809
7581
799
7580
588
9677
472
2524
848
2509
5220
92
106
137
1469
9676
6906
4746
3883
3358
990
6098
9675
3005
3006
6905
9673
999
263
1983
5504
119
4390
1640
7579
7578
3419
991
5597
349
1040
9670
1047
3718
9671
5897
329
1698
1930
5219
2894
4658
1853
3002
2830
2697
2027
1892
842
9668
2038
222
6524
6124
2833
5426
2031
1754
6579
9663
3526
6163
4648
3020
646
1601
1679
6216
2866
5626
5569
17
9661
3961
535
6455
4083
5444
681
5363
2145
2182
9664
9665
4424
632
4875
4641
6599
219
9660
300
9662
7577
1731
3409
247
5748
3492
5769
5885
5884
5886
2202
3027
3731
1646
353
9657
9658
4246
9659
6900
4795
5401
2471
992
2889
5467
9656
6261
2755
2423
1758
2703
2378
198
9651
9654
1899
4579
9652
5485
6901
6169
9655
9653
797
2487
3488
9649
9650
4704
4019
2366
3741
2981
1206
3207
1700
3037
3460
1569
768
4254
967
2092
751
9639
4931
2698
4687
3721
3279
9635
2070
9636
4799
2351
3755
87
382
5912
2042
9631
9633
5807
4425
4654
9632
4986
4352
4380
7576
1979
290
1397
3720
9630
1632
2013
7574
3642
1033
1882
606
5432
2758
5423
3390
2229
1193
169
9624
1549
6775
2766
9622
4375
1501
1989
9629
7323
9626
4644
1624
3756
4401
960
3719
5016
1126
4985
5806
9627
3465
2301
2785
5534
6065
5799
2051
5918
4369
4813
4300
4266
1213
3694
311
6899
1089
9621
4081
4367
2030
555
5932
5510
5216
709
5987
5959
474
3045
4656
4719
2492
4665
1440
2473
2670
1793
1802
1963
9619
6396
6077
2502
4945
9620
9618
683
2310
2749
216
5524
1889
876
4106
4611
3696
5286
9615
569
5215
5907
6131
6762
2053
88
35
2045
4359
9617
5012
7187
1858
3014
2652
4992
1435
4497
2225
4245
2204
7292
7293
1887
7291
531
182
4666
5860
4269
1029
3335
2657
2911
1424
2332
4353
2840
471
2482
9608
659
3214
3529
9607
9606
4798
9605
2036
2083
9604
5804
2794
1688
1276
9603
3751
9602
3752
9601
3289
6500
2886
4693
843
5890
3837
2288
4430
6638
9599
3835
6072
1389
895
2518
3889
1607
4913
9598
5591
1494
2040
9597
5917
468
507
4760
3499
1753
1685
506
3032
5609
4879
3722
9594
9595
6882
4177
3059
586
5214
1246
5913
1480
2867
5406
5145
3115
2505
3762
6890
2293
9588
2928
2834
9587
419
9586
1472
3238
5021
189
2952
9584
639
4642
808
1852
7570
7569
7571
5514
7572
5950
9582
9583
1645
2189
1897
306
3273
9585
3971
1835
1551
3506
4670
950
3552
7568
5554
1982
3628
1144
2233
590
888
5909
2553
1034
6133
6168
6888
2535
9579
269
1926
9577
4954
6014
2371
9578
4740
7186
9580
3564
9581
504
4683
1576
248
2002
1127
7322
1969
4385
4418
5598
5906
745
6100
1512
5935
749
3790
9576
1247
5523
4270
2847
5766
5767
1967
512
6055
3953
7567
9574
4794
6886
3331
3165
852
2374
1382
4943
9575
4653
2409
7217
1130
9570
9572
337
1464
9573
6274
9571
2381
448
6442
6444
4785
453
6051
4409
6241
2101
1248
2945
3375
2547
9569
9568
3040
4575
3850
3549
3873
325
9565
2443
9562
1716
9563
6126
9564
973
5937
1054
9560
9561
4108
2363
369
9555
1419
5975
9556
3317
3057
3313
539
7565
3665
4412
7566
9553
9549
6338
5938
5901
1121
2493
1414
9551
2500
9550
2504
630
3818
3870
3761
6164
1622
444
3826
1628
4356
9554
3527
2137
5963
7185
733
4364
274
7564
2444
1968
6112
5899
4680
3391
5801
2191
3876
2843
217
9546
6883
6394
2289
9542
2119
2904
515
3746
5047
1000
1450
1476
235
9544
6881
9545
9543
5538
1185
1717
5529
4662
3910
464
5490
755
9540
2679
6880
2454
4706
1660
7561
7559
5463
98
220
5572
7560
1156
3295
4556
5592
635
3137
9537
9538
2494
3804
1098
4030
4821
362
356
3763
3942
2844
4236
4667
5210
4657
1689
812
102
2712
124
323
7558
1902
3768
6951
5540
168
4372
818
4748
3498
201
9536
5923
2507
1007
3270
5328
594
1044
3010
315
3558
3021
5916
2194
3919
9532
636
1267
3829
1609
3769
3097
2838
4777
2980
183
5448
3770
2097
9531
2857
9529
6289
1855
9530
500
297
9528
4449
9526
5515
5528
1045
2490
5207
3749
3261
2259
53
2696
7289
7290
976
4411
5391
1114
7563
1745
1824
3189
4747
4701
3594
6022
5489
2782
1884
1883
5759
5758
4553
2308
7555
352
4793
3019
1906
5206
2501
1764
2016
9521
1755
1987
725
293
9519
9522
436
1770
3795
1221
9523
9524
3491
9520
40
1273
3742
3036
6309
6182
2243
6655
3422
2177
9511
4772
9513
9514
250
602
1142
1238
1163
5583
2477
1432
1143
2836
5904
3503
2416
9515
5429
408
2222
2664
2890
9508
4260
2084
9506
3528
9499
1057
9500
3018
9498
2019
2972
3129
6229
4843
5915
2684
9503
9502
3738
3384
2018
9504
9501
1553
3418
9517
6314
4919
3102
422
9516
5690
4769
9495
9496
6228
2915
2895
1557
5629
7554
6587
5931
2498
9497
4405
1857
1001
5409
3408
4357
74
3915
2387
2430
6874
509
1960
2483
2206
271
2632
3125
2683
3773
4361
314
44
4663
2358
6150
7552
7551
1900
273
1908
3356
4319
5202
2852
6028
4865
708
2212
727
241
1452
3807
5399
6159
3736
2035
698
4668
3449
9494
9493
3525
9492
7550
3643
1555
6753
4840
2129
2545
1068
3497
2975
2411
1373
3149
9487
4966
873
7549
3524
2261
1702
122
6042
3071
738
942
3325
2005
2367
5521
9483
9485
761
9484
1912
5552
5517
3753
2694
5201
5668
3502
5390
7548
2871
9488
3844
3074
5919
2377
2520
883
9481
4707
9482
5200
7255
2356
3395
1168
1196
4755
2382
4868
4724
9480
2497
3098
3678
5627
5965
3077
9479
4736
157
5796
1224
538
3055
5973
1470
9475
6659
9476
4302
9478
3956
6102
7183
1774
5618
9474
1923
7547
5525
7546
5526
6235
9470
2339
3035
3994
5675
1657
6872
1278
2639
9469
5969
466
5924
2527
5940
4016
3609
1528
1905
3730
3693
3025
5927
9471
4678
5081
5966
6141
6335
9462
6716
2850
545
9456
3193
5921
9455
6555
6865
9454
2393
3272
1258
4958
2985
5284
6864
4927
180
983
1539
4767
4982
3116
9453
4659
5058
6016
1257
1620
5958
7784
9451
1517
1055
3038
9452
4365
9450
2081
1369
2353
1125
4723
9449
1467
2974
3740
9446
4674
6504
9448
1915
6009
6120
2562
5532
2184
5199
2183
4144
5364
676
2334
1870
2160
9445
9444
6054
2522
1209
4318
1426
3980
9972
6007
1722
9970
2682
4779
4488
4228
5555
3058
9441
2246
5968
103
1822
463
1032
1026
2169
836
5197
648
9437
9434
9436
9435
1765
3265
4404
3744
1932
4728
775
6861
485
407
3016
7543
5749
2808
872
4271
2370
6516
1879
1970
1165
5585
4180
9431
5038
6233
1762
5793
9432
739
7541
324
7542
4514
609
6061
4871
4371
2055
1667
4322
415
1418
2780
5196
1096
1860
2406
7540
281
832
3428
4465
1019
3644
3412
5164
9428
9425
3958
9426
2523
7539
298
335
2640
9427
6859
9429
4259
5195
5792
2806
159
7207
7538
4279
2376
2267
4999
5194
9419
9421
1742
2567
3777
3103
9415
2063
6665
4731
2863
3666
313
2783
5941
9414
9422
9418
9423
4679
9424
2656
962
299
3572
4426
5383
735
7537
9416
1211
9411
9410
6121
4671
1434
9409
1922
1610
5791
1564
9412
726
3778
7288
1972
1411
9408
6856
6855
6451
5522
1650
1415
4544
5477
5533
855
2759
9413
6858
4758
2525
4560
9406
3758
2485
633
207
3891
447
6854
6832
6063
839
9394
737
9395
1232
6315
1274
9396
1778
1141
6850
9398
2054
5999
3885
9397
9399
2528
6004
9393
1652
5565
6097
5549
2017
1400
5535
4400
5365
7230
1148
10780
4124
10781
4210
802
4209
752
5948
2586
544
2420
9389
9387
3022
9386
6181
3661
7536
1186
2383
5396
4542
9388
3906
4789
1821
2152
253
3869
4403
4892
4366
9382
4332
4672
434
4677
5942
6707
849
1421
4686
9378
9381
679
9379
9380
576
9376
5137
2920
2165
5192
1696
6847
7535
5479
249
5745
2984
2849
5558
1017
551
450
5743
1049
508
1401
969
10743
1580
5296
7184
2168
9366
6144
2432
6225
9367
2296
6845
4812
5191
6138
4773
3856
6844
4258
3302
4252
7287
2751
285
3793
3810
4682
4272
3389
9363
9364
6052
5154
1999
9362
1925
1917
4298
2242
2875
4249
9361
6088
9358
788
9359
4770
963
339
3580
6015
9365
1013
9353
3557
6003
5134
1759
2753
3281
2362
527
7534
2064
4947
9356
9352
3156
822
4120
6739
1537
1691
724
2515
9350
9349
1804
2707
1510
9348
2148
1643
1653
5530
2408
5741
2077
2908
1416
1383
3089
3882
351
2913
4355
3427
6842
5724
3031
9347
4816
9344
9343
9342
3743
2336
498
3544
7533
5307
7532
6834
6334
1878
1966
3757
6836
9335
5187
1484
9334
9333
3237
3894
1707
9336
6050
4720
9345
9346
1644
2139
6091
5330
5329
1612
9330
4062
9331
4752
5186
6035
2856
2815
5427
2662
2940
3879
9323
4744
3945
489
4835
2004
4991
9324
3760
9322
6436
9321
2741
629
2681
2893
4307
4538
3908
6833
4410
1931
9332
354
2855
1219
9319
104
9316
760
4751
9318
1015
9320
3141
7529
3326
7527
7526
5551
1215
7530
1381
4416
7528
4373
4399
393
9314
4247
2173
2192
4160
176
2009
2067
9311
2633
1052
5736
5735
7525
57
3845
5055
4732
9309
6829
3060
2044
3759
994
2365
5183
5982
2531
9308
9303
9304
6826
9305
2544
6827
9302
6670
9306
2508
2056
4383
2149
5955
2100
6463
9301
9300
1690
7783
2511
4231
3903
5990
4393
3964
3781
1095
3788
9296
3765
5114
6824
4376
968
6320
2088
5929
5424
1377
4698
1112
2144
9294
756
2300
9295
854
4145
9290
3206
9288
1050
6265
9291
9289
6017
6256
3461
475
930
6822
7266
5181
34
9292
6106
6186
139
9284
568
4567
2264
1018
9282
9283
3779
5180
6536
9281
3815
2049
4129
5563
1909
6660
502
3566
1410
4967
1741
1732
3901
3775
2231
2050
3452
2761
6090
2900
3511
9276
4413
9277
4070
6820
1872
4071
1777
3348
4407
753
9274
9272
410
2606
3772
2896
9275
3539
9273
6817
1253
2069
211
3514
4712
921
3235
1846
6819
6818
1767
3415
5548
9268
4894
4011
4069
9267
6816
1229
2096
1254
2548
6058
4788
9264
1504
483
5957
3786
1488
2162
4068
4436
9263
9261
4433
9260
9258
487
9257
4761
9255
1776
2250
2853
2879
5998
2521
9254
3671
4688
1162
3973
7286
4248
3402
5392
2725
757
1692
6813
9247
2245
363
9253
1630
2719
5657
3868
9250
6742
9251
6465
4739
6153
3574
3211
821
9242
5943
3234
9243
6812
9244
2883
9245
9246
5934
1728
9241
2512
4606
2574
4050
3534
1191
2748
996
3550
1479
936
5536
3264
9237
4378
2199
1006
2754
1094
2244
9236
5175
1583
2880
7
3517
3304
1194
805
3233
6810
713
4227
7517
5730
949
4536
5731
7518
9230
9228
9229
9233
9231
9234
9235
9232
723
1647
9227
6809
6084
6043
4696
202
2555
1978
2269
2517
2236
5174
5995
5544
7516
154
3039
3114
2257
2023
3198
4458
3043
4684
4781
1763
3843
9221
4820
5457
4702
6031
2919
4817
2514
9219
2665
787
3507
9216
7254
2437
3232
3069
5171
9214
2187
6802
1733
1666
3522
9213
1597
9211
5546
5331
3297
5332
6034
3588
413
3586
1420
224
127
4163
5034
9210
3092
5099
5656
6236
1720
4710
9208
4374
3822
9206
9207
4324
101
173
5168
3880
2078
9201
5584
825
9197
9195
1239
9198
2873
6698
1977
4065
4164
4853
9193
9194
4718
2760
2410
4856
2899
3890
1159
3941
1648
3817
4727
2689
517
3874
1584
4287
234
9188
5945
2506
350
9191
2450
1183
1743
3816
5777
1390
5333
1817
3225
9186
9187
2375
6799
9185
1284
4850
1826
2226
2821
1259
9192
9184
3063
2000
1840
242
4323
5944
9966
2905
6227
6965
4729
9183
4848
9182
9181
428
3404
3697
4107
5300
5545
2740
2372
3410
1182
707
1921
4533
834
7515
9177
4063
3076
2302
2389
5638
4745
4845
631
3560
4692
2271
9174
9173
9175
3509
1021
4726
3263
5402
9172
2188
7261
2638
3839
9169
3825
5153
2268
279
6066
1255
2126
3157
5985
6395
1788
6797
9166
4306
1425
3508
1509
6792
5157
6012
1500
6238
6791
5301
2551
3771
3160
5293
4148
5138
3667
2074
5149
5165
3046
9164
431
9161
5772
3806
6029
5431
4036
2859
5949
4539
6794
5000
663
4397
5676
6438
6219
10866
5285
2059
2394
321
4852
7616
7615
1226
6000
2388
4006
4547
5483
5980
6427
6146
607
4944
1256
816
634
3895
1971
3459
3776
1760
3049
5960
4130
2885
9160
3820
4855
593
9153
1542
860
3523
4738
9150
9151
138
9152
4841
4381
3982
1936
1135
9148
5050
1629
5084
9147
2307
5954
4211
1417
4713
120
6341
9141
3162
4061
4522
4168
4819
9138
9140
9139
6787
303
3789
5117
9136
286
9135
2864
6226
2793
5601
6263
5372
6239
3086
2876
3538
3864
3392
9132
6556
6585
9130
3863
9129
3830
6593
3414
5721
7284
2726
5561
732
4780
6485
1404
6254
9123
7282
1820
7283
9121
9112
6781
9128
5978
6782
9126
9125
4997
9114
9115
9120
9122
9117
9118
9116
4854
6027
3936
2540
9111
9106
997
1260
933
2205
1189
5992
6204
9110
9109
9108
6021
9107
2091
327
6642
986
4243
6203
4285
7512
7511
1111
9104
2788
7510
1261
1613
3987
6772
3417
3914
2569
3590
901
650
4212
3359
2737
9095
1839
1796
5964
728
9093
4791
5566
4046
6764
2692
9092
5315
6765
7509
5576
4391
6506
9090
3300
6763
2752
1571
2932
6766
9089
3464
2093
6576
6038
9087
4753
9088
2058
3064
6634
4213
9084
9083
4711
9082
5412
9081
1812
9080
2716
2738
2739
894
1486
4800
9078
1214
1611
4214
1263
1262
2306
7505
4274
7506
2080
9076
4389
9077
3171
6151
6760
4058
2874
6206
2180
2593
9075
3959
9074
2065
3547
9073
5997
2870
2071
1041
5858
4965
6020
6171
2304
3888
3801
3253
10736
2964
1288
9069
9072
6198
5972
3435
2868
4810
7502
3783
2247
6529
5006
197
1910
1558
943
534
9062
6257
6323
1445
6245
6207
6081
2278
9058
1614
1649
9057
9061
1264
2598
3320
2279
2326
5568
7501
2325
5334
6756
4310
9053
6613
9054
2400
6026
549
9051
6757
5553
7507
4507
1489
5480
9739
2589
9740
164
690
5575
6154
4814
1719
3048
9049
4762
7500
26
2533
6458
9041
9042
9043
9044
9045
3913
90
2841
2415
9040
3784
4414
6566
658
2554
82
3453
5976
1188
6037
1724
2916
6754
814
3651
730
4304
449
4859
1589
6469
2068
1499
6067
6339
5979
1874
6623
3062
2584
9038
4827
3269
5590
2224
5692
5581
4823
1709
9036
2812
3892
741
6212
6111
6750
9037
6751
7260
9035
2763
3229
1598
9034
3851
4240
5574
9032
946
3148
759
1266
9031
9030
9029
9028
3519
4525
838
7497
5712
7498
4423
2426
4303
4396
2414
1023
414
9022
3394
651
2253
4557
4055
9021
1726
2153
212
9018
4717
9024
1307
7496
5693
2061
9017
6149
2273
6025
4379
6745
3143
891
9012
835
6384
9013
9015
9014
4052
4137
4161
186
9010
3078
4957
710
9007
9006
9011
105
9008
3601
10838
3286
4325
513
10839
1849
1004
10840
10837
1265
4461
5567
3803
4417
6075
3654
5760
3537
1914
9004
2789
4432
853
4004
2612
889
9002
9001
3809
268
4714
4239
5983
7495
5474
7262
4880
4832
1519
9824
7492
7493
1701
3633
5367
1885
8997
6738
6349
8998
3050
8992
4115
3327
4386
6247
6735
5146
8991
8990
1766
2572
2401
1975
7491
3838
4552
3540
4763
116
6033
6032
7250
3886
2559
8978
8979
8980
8987
8984
8981
8983
8989
8985
8986
5292
8988
1053
8966
8967
8975
8974
8973
8972
8971
8970
8969
8976
8968
4735
8965
8962
3571
8961
4937
8963
3068
8964
6580
6734
8977
4741
5559
8960
8958
2611
4757
2634
856
6176
5994
7197
8955
8957
8956
4721
4722
6005
473
6732
5755
4420
7490
7489
7488
2903
1656
8954
6103
6082
8949
8951
6200
6669
8950
7487
998
4463
6209
3584
900
3928
1876
1699
2213
6709
347
2534
2941
3344
7486
5570
7485
5557
3284
8938
3066
8937
6725
1535
4790
3792
1938
5996
1718
1442
3346
8936
5753
1862
4195
4818
5419
6018
1823
4382
1145
6326
3999
2541
7484
4520
2303
5603
7483
110
2164
1037
2878
1447
1638
3860
8929
8930
8928
4828
6287
766
4234
1582
5706
7476
5707
7475
2398
2203
456
3138
3611
2318
1773
8919
6010
8924
4174
162
8922
2272
4737
4421
3896
3862
1916
8925
8927
3546
8926
890
8916
2537
6109
8912
3190
4549
6045
3283
1837
3645
7474
5135
3828
4384
8913
6221
5613
7472
7473
8910
8907
443
8905
6214
8906
251
2881
3276
3542
4281
5594
893
4387
8899
2396
6194
2181
8902
8901
8900
3827
9753
2277
1076
3983
5132
8898
3377
8893
3911
6712
5701
2687
7463
5562
7464
4408
1161
7465
7277
7278
7276
7279
7281
7280
7274
7275
8891
6711
8890
4545
4783
6053
8889
4296
6211
6710
3073
8888
2538
5729
6199
701
8885
3176
6105
4201
5458
7460
2151
1829
2666
3378
3088
7573
4774
3202
492
628
8873
1976
5091
7459
5321
2305
5471
898
3425
4610
8875
907
6208
6130
1714
6439
1437
8868
2392
4543
6019
8867
785
6705
8866
8869
804
1866
932
8858
8860
558
8862
8871
2887
3591
8870
8872
8861
8859
8857
764
6699
3840
6700
8853
2570
3833
6104
8855
8854
4893
6689
5126
1725
5746
4830
2790
6246
5445
1154
2530
4609
2550
8850
5857
8849
3977
488
4734
8848
2807
8846
6696
4297
4998
2730
2327
1110
2565
3855
8841
8840
6693
8838
2577
2795
2973
1271
5742
3842
3834
8836
2610
3112
3142
4916
8832
6023
686
3930
8830
6113
6690
5579
7456
7457
8826
8827
6687
389
7455
7454
7453
4044
8825
4457
5589
6093
4511
653
3445
2384
3625
2107
8824
4043
8823
4448
2617
8820
6134
3081
2926
6682
6044
1376
6437
5122
6681
8818
3561
7451
7452
2957
2804
1395
3805
1863
5726
2539
2891
7259
8815
5104
8813
8812
4041
5571
1981
4509
7450
6024
1236
2417
1996
7449
5470
4395
3535
6501
3175
3288
8807
7448
7447
8808
18
6049
6679
5689
2403
6677
899
433
6078
8801
2765
6115
2113
7231
1220
2136
684
7446
4398
6333
6068
3551
3577
1789
868
3072
2631
4039
2822
6264
4889
1131
1873
8797
3553
587
4822
6213
252
3641
4453
7445
4519
1228
8795
1864
6674
3119
3648
8794
4139
1483
3576
6030
2583
8788
5416
619
8789
8790
6085
3468
6205
6137
6668
2262
7444
8787
6262
4232
1525
3285
368
823
1654
1842
1881
5649
7442
7441
7440
2241
858
3916
6041
8781
4241
5582
221
8780
711
861
478
668
7249
8775
6036
3897
6662
8774
5111
3091
6318
8779
8777
6197
8617
8618
8620
3100
4764
6071
2608
8771
7782
7779
7781
2452
5385
5856
7780
10854
10855
10858
4320
5481
5859
2451
944
10857
7182
10856
3267
8770
8769
3536
6040
897
1834
8768
6060
3555
8767
5108
8763
6201
4941
8764
8765
8762
7191
5106
6658
4192
6657
6554
8761
5438
5437
5610
8756
3563
3548
3120
3821
5107
8758
8757
6119
8753
3434
7436
1844
1669
8747
8748
3658
8749
8760
8759
9894
9893
8744
1832
2907
697
7226
6653
1865
3133
623
4838
8740
8741
4503
3581
3637
8742
8743
6429
6652
6258
5415
3819
8736
2764
567
6070
5101
3374
8725
4776
8724
364
3912
3568
6649
6191
3865
5086
8720
4766
6347
8719
405
6357
8718
3139
2629
8717
1275
4235
3878
1739
8714
1545
8715
8716
4009
8713
8711
6647
3859
6435
8712
4032
3146
4441
6440
1379
5366
1664
8708
5098
4018
1994
6644
2309
8704
3811
3556
5460
3365
8703
5008
1800
6640
8697
1085
2934
5433
10875
5644
1084
265
2433
4437
3220
8688
3117
6177
8695
8694
4978
8693
2658
6494
8692
8691
4886
8696
3918
3424
2003
2276
4844
10748
2313
8686
655
2195
3797
3343
7433
3362
3849
421
4782
8681
8680
8679
1192
6273
6635
8677
2953
1888
8674
6059
8673
3824
4464
4133
8671
8670
3858
8669
2958
2897
6521
3353
8668
8667
6173
304
6080
1986
8665
8664
8663
8660
8662
4444
1799
2312
4849
6632
2937
2249
4116
10742
10741
6567
9566
9567
5595
8658
1508
56
927
2549
7430
7431
1563
8653
1280
1918
912
8652
6302
6062
1706
2391
7428
7429
3436
5684
3630
2731
1990
7427
3258
8645
6562
2556
8644
1281
5602
2143
7426
5469
5661
3131
6069
5089
2621
196
5634
8642
5088
4815
10788
5362
2735
1572
10789
4143
7251
8643
4146
740
6185
5682
84
6622
8635
8634
6074
2082
8633
522
6620
8630
8628
4808
779
7425
1980
902
5166
1380
5004
3124
7420
7421
7419
5681
8621
8623
5083
3101
8622
3920
6617
1886
1282
8619
8616
6616
7418
1134
3575
8612
1231
3254
2418
4029
3401
5578
5306
8613
8610
6231
8609
3096
7265
4792
8603
8605
903
5680
8601
2591
8602
3592
6269
2552
6170
1005
1081
1250
6116
2625
783
1529
3965
7416
5678
5297
8592
8553
2252
4122
4291
3256
7415
2933
8587
7258
10796
7212
10797
5407
3210
4530
3421
1635
6530
8585
3990
5586
1056
8581
8579
8580
652
6608
863
5335
8578
6240
4872
2571
4787
5031
1665
2902
6450
8571
1984
7410
7411
7412
6089
908
772
8570
4784
8563
3177
8564
8567
2699
8560
8561
1223
1031
8562
882
8559
8558
8557
3857
8556
1009
7409
3104
5079
1992
5080
8552
4811
4994
4023
8551
1848
982
6152
4292
167
4233
3179
8550
5077
8549
904
5468
8548
5078
2947
8547
8546
3831
3832
7176
9465
6793
6416
294
2274
6128
8539
4431
657
4869
8540
4888
8536
2651
8537
5076
1152
6411
5075
8538
1772
6598
3613
8534
1060
1230
4988
8533
2939
8532
8531
6596
4021
5646
8530
3587
5073
8524
8529
8528
4020
1507
6099
8523
7334
2906
3836
3185
8522
1723
4339
5291
10740
5290
8517
8518
5713
8519
3183
8520
3216
2395
6592
6161
3349
8514
386
1830
537
9991
6968
9994
8511
1477
8508
8510
1729
8509
8506
1715
8505
8504
6243
9552
10792
4179
10793
10790
10791
8503
8498
8501
8500
8502
8499
3579
5070
2141
7404
605
5069
6589
4284
8494
8495
5336
394
1993
257
8491
1059
2802
8490
8489
4283
3442
780
3164
3398
5029
8487
6096
3301
8486
378
6581
4017
8484
8485
2176
6135
3251
3652
6234
3554
8480
2156
8477
2600
8478
6574
1845
4851
2429
8476
6578
8479
1153
4121
909
3866
6139
5064
4132
8472
6573
8468
6572
6110
8469
8470
3154
5709
7403
5662
5288
3621
8474
8473
8471
6571
1080
6570
6432
8465
6568
6255
2311
4803
4804
4805
3852
8466
3132
4523
6114
6569
2316
2167
1308
3636
6108
7402
2792
8461
2582
2440
179
2724
8463
2966
3877
794
8462
666
2561
4866
1566
947
8457
8458
1061
2232
8456
4825
6271
5487
4878
1520
6184
3646
4013
3438
7401
8450
3439
4012
3573
6560
4833
8452
8451
8447
8449
7264
6558
8446
2115
5384
8443
1854
8445
5683
6252
8448
6559
9351
5790
4024
3968
2280
8442
8441
8440
2120
8439
8438
8437
8436
8435
3271
2248
3620
2404
7399
2580
7398
712
3257
2315
5587
2963
5059
6143
5600
2962
6165
7397
3612
1022
1511
1079
8433
8432
2320
6142
3921
8430
6549
6189
1637
5704
7575
4562
6548
8428
3937
1368
8429
2108
5605
3126
3904
3212
2397
6509
4977
4010
3354
4836
4440
8427
4331
6123
3163
1795
7396
1867
4429
5655
4415
2566
1285
3585
6122
5032
5711
8417
8418
8414
2923
5703
8412
8413
6523
370
8405
8406
2251
4949
981
8411
1919
2263
2936
2425
7395
5599
1721
5604
132
8404
8403
3624
3448
2329
4884
5056
6132
5054
3108
2579
8401
4008
6174
3447
8398
6543
8397
4882
8396
4807
8395
8394
8400
521
8392
6539
6540
8389
8390
4996
8386
5052
1621
3383
10807
8380
8381
8382
6127
8383
3599
2791
1574
8387
5702
8388
8391
3569
3622
6537
3467
3854
4862
5051
4809
8385
769
5319
2578
1118
6148
1078
922
3881
486
8419
7190
7229
8371
7394
4111
147
1233
5652
2801
641
4472
5596
4471
5619
7393
8370
5048
6533
4506
9992
3255
3209
5537
8366
8368
8367
6532
8360
6145
8359
2678
7198
5400
10787
1523
1836
7391
140
2718
6531
2935
8356
8357
8358
1058
5699
2959
8354
8353
2223
5442
7285
2230
2728
8350
8348
4470
4469
7390
7389
7388
7387
2585
6136
3329
1286
5041
905
3565
6522
2573
8345
3379
3562
5035
906
5697
3871
8343
8344
5040
6160
8342
1658
617
4229
6140
1825
8341
2076
3635
2457
8340
5698
700
6528
8339
5635
2079
2620
8338
6520
3173
6517
6218
3610
7386
5304
3385
8337
1780
6175
3925
4005
6167
6519
3208
6275
8336
8330
8331
503
2668
5014
8328
8329
4510
8326
8325
6462
5033
3361
3180
2587
3396
1527
8323
4960
4921
6514
2613
6332
8322
3144
2220
8321
4147
3360
4001
8319
2674
2399
2723
6498
2150
6188
4963
8314
8311
3145
8310
813
4860
8306
6249
8309
6512
8308
8304
2154
5593
8305
8300
3998
8301
2925
8302
8299
4526
8298
8297
8294
2099
8295
8296
8291
3996
8281
8280
8279
2117
6507
4918
4528
6449
8288
4874
8286
8285
6510
8287
1391
8289
6511
8290
6505
4981
2435
8274
8276
6232
8292
8293
3194
4419
5027
8275
8273
5025
4216
6272
8270
8271
6415
8272
4286
3608
6502
8267
8268
8269
4496
7382
5641
7381
8266
8265
5005
3992
3342
6172
8264
3606
8263
915
6499
6157
2604
6183
1991
8262
3152
6358
8261
4839
3130
8258
8255
5023
2275
8259
2680
2217
8254
8253
3639
3989
8252
3872
4847
8247
7333
8246
6351
8240
8245
8248
8249
8250
8243
8242
8244
2138
10798
10799
7263
10806
10803
10801
3380
10805
5411
10800
10802
10804
778
4329
4242
8241
8239
5022
8251
203
8232
6612
6288
8233
4504
8234
2917
6492
6491
8235
8237
6493
8238
6646
8236
3290
6156
1814
5623
6488
8225
8226
2116
8227
8228
2010
2965
8223
8224
5019
7269
7326
8222
5018
8221
2208
6484
8218
8220
8219
6482
4837
6483
6481
6286
3986
8214
8215
770
661
3634
8213
6180
6423
5026
3618
6478
4482
1578
8211
5015
4864
2576
8208
8207
8204
3426
3432
3363
8201
3199
8202
8203
6476
8200
3274
8205
8206
9938
4873
1289
5434
2729
8196
667
8194
4906
6202
8195
6473
2087
6471
8193
8192
336
4976
6244
6771
4563
1738
9098
1927
6770
5808
2132
3593
3444
6467
5435
8183
6187
8189
8184
5010
550
5120
8185
8186
8180
8182
8181
10756
10757
7193
8179
2594
3578
5494
3875
8178
8177
8174
911
8175
777
9299
8173
465
6350
8170
8171
6460
8172
8166
8167
6461
8168
8169
163
5688
4000
8165
3582
5686
6459
8161
8162
7181
1801
3259
2705
8157
8154
3940
5685
662
2102
8155
3393
3984
2623
6248
3924
3923
8151
8152
8150
6456
6217
8149
8148
3583
3899
505
6454
1088
6597
3195
8146
6769
6768
8147
276
4498
660
8142
8143
6312
8141
6452
4959
1291
7178
7180
771
6179
8140
2991
8137
5622
7364
8138
2661
6446
8135
8136
5621
7362
4446
6447
1803
3197
3433
7319
8128
8129
3136
4495
430
8130
1544
7360
3595
8127
8125
8124
4883
8126
4956
6445
6422
6369
8121
3153
6443
4131
951
6441
8120
7199
8119
8118
491
4445
7357
1025
7356
2927
8110
2797
3184
559
3403
5679
7209
773
1443
8102
6250
2622
3978
5615
7350
7349
7348
5608
4443
8098
3626
4993
6428
8097
8096
4040
6426
8094
6259
8095
8093
5614
6424
6425
8089
8091
8090
3135
4489
1920
8080
4253
1290
8078
8074
4185
6223
4857
3315
6353
1787
8071
4876
2700
1562
8070
1514
8065
1998
8064
3134
6195
4858
4428
1292
4867
548
4257
6196
8063
7345
3570
5757
7344
4486
8060
8061
8062
6413
5462
7343
5339
5607
7342
6192
7271
7272
9000
8999
916
1730
4484
6410
8055
6230
3192
8054
7341
7340
917
4462
5636
6215
8043
8044
8046
1727
3893
5666
6401
8038
8039
4895
665
8033
2590
6398
6400
6402
6403
8034
6399
8031
1412
3900
4439
4877
8029
3932
121
6397
3902
2427
2924
8028
7325
2155
2946
5665
8027
3909
5664
4870
6796
2109
4922
7872
8025
6393
8024
4330
4480
4481
1997
4184
3158
7997
3187
4114
2931
8022
6843
604
6387
6224
1270
1294
8017
8016
8015
9713
9710
9711
6912
6914
8014
5488
6385
8012
2421
8013
925
4975
6381
8011
8010
6222
6242
3962
8009
6301
6380
2769
4964
7999
7998
6379
5663
8001
5294
1170
7992
6237
7995
7996
7990
6376
3186
8000
8004
8002
6378
8003
6377
7989
7988
4972
2455
7520
2805
7521
7522
4969
6373
6375
7987
7336
4288
1995
4435
7986
7337
7338
2603
6220
7982
7984
6371
6370
664
5461
7979
5394
1577
7977
7975
5612
4980
4961
3954
4166
3155
3938
6366
924
4217
5102
2967
7970
3952
7969
7968
6365
7971
7972
6253
7967
2944
7965
7966
7963
7964
6363
4881
7962
4289
7339
1403
2601
7961
4612
3322
7958
7957
7956
7252
7346
6360
2007
4951
4477
3614
1063
7951
4952
3170
7950
7946
4475
4476
9101
9100
9099
7347
5611
1024
1868
317
7941
481
9265
6814
7940
4165
4948
3178
4926
7273
1171
3147
809
6346
480
6344
7937
5654
1295
3218
7934
7936
6343
6251
7351
7928
6340
7927
6584
5370
1538
7924
2817
7921
3944
6337
5074
6336
3946
7917
7352
7915
7914
4473
7913
2799
6330
7355
5620
4936
7906
361
3070
4675
6853
7353
7354
5617
2717
7901
7903
7902
4890
1877
6327
7900
7358
7359
2798
3275
2599
6325
7897
7892
7894
4935
7891
7893
1064
7361
2174
7887
5464
3935
7883
6317
6319
7884
3934
1296
3430
4447
7363
5318
7882
4933
2198
9067
7189
7188
3429
10816
10809
10813
10829
10828
10830
10831
10822
10819
10821
10818
10810
10808
10817
10811
10812
10814
10815
10832
10820
10833
7268
10826
10827
10825
10824
10823
2819
10755
10754
618
1065
6680
7365
7880
7366
7368
7367
2970
720
4328
4928
4466
2001
7878
2596
4929
774
7369
7876
1515
5648
3311
6636
7875
2338
5340
2196
6639
1547
8687
2595
6310
6311
7874
4924
7873
4925
6811
5783
9238
2675
4923
3600
10844
7327
10843
10842
2814
10841
10744
3597
3172
7867
5624
3598
4451
5625
776
7868
7869
4920
10739
1534
7866
10880
3280
5342
3305
4452
10881
5738
8811
7865
6293
7864
1066
7857
7856
2770
2618
3431
1190
7855
6303
6270
1297
3299
7853
7851
7852
7845
7847
7849
226
7843
7370
7842
5645
1298
7839
1856
4150
4970
2424
148
7371
7837
3605
7836
6299
4910
6298
1028
1585
4459
4193
4907
6876
6877
3927
2104
5633
7373
4903
7827
2105
3159
3604
7821
7822
6292
7823
4290
7819
1783
7815
7814
6276
7813
7812
7810
7811
2103
4891
1490
4897
1067
7799
7374
4454
7375
5322
7793
4896
7802
7786
3204
3191
7787
1300
6278
6277
7788
5395
599
5439
3318
3350
3399
952
7790
3451
1301
8837
6695
8839
6694
4535
1302
7794
7796
7795
7800
7791
6280
5305
7797
6282
4540
8828
4256
5148
4899
7807
6285
4900
7806
7318
4901
7808
7809
864
1843
4172
7378
914
9149
2983
7201
6291
2131
3240
7820
5440
5441
6294
4904
3166
7824
5639
7825
7826
4455
4905
2676
6295
3926
7828
4182
1277
4908
6296
280
5295
7829
3167
5642
7831
7833
7834
7210
4460
7835
7832
4909
4911
4914
7838
742
7840
4915
3168
3357
7223
7841
7844
7846
7224
7848
7850
3169
7854
685
7858
7859
5341
7860
7861
6305
7862
7863
6306
1671
1002
7871
7870
4119
6308
591
7383
7384
7385
3033
5647
7877
1546
4603
2218
815
3400
4930
7879
5133
1811
6321
10835
5466
10836
10834
7253
7320
7321
6322
7885
7886
4468
2800
5650
4218
6324
2106
7888
4934
7889
7890
7895
2695
7896
7898
7899
5094
1069
6329
6328
4101
5651
7904
6331
3615
4333
7905
511
1831
7907
7908
7392
5465
7916
7922
7923
8607
8606
4940
3617
7925
7926
7931
7930
7933
7929
4942
7932
3947
7935
1030
4946
7938
6345
3181
10859
6362
7939
6348
4950
7943
7944
6352
7942
3948
7947
6356
6359
7952
3291
420
7945
6355
7953
3950
7948
6354
7949
6361
7955
4183
7959
3951
6364
5658
616
4478
743
7960
5659
7400
5660
10769
7215
7220
1137
3955
7973
7974
7976
7980
282
6368
7978
6367
3970
7983
7981
1590
7985
6372
4968
5751
4479
4971
6374
7991
7993
7994
4295
2110
8005
5403
8006
6383
3960
8007
8008
4974
3188
6382
8018
8021
8020
8023
8727
8735
8734
8733
8732
8730
8731
8729
8728
6386
8019
8026
1071
8030
8032
8035
8036
8037
5667
8040
1072
2323
8042
8041
7405
566
6405
7406
8045
8047
736
8051
8050
8048
8049
6406
1304
8056
744
8058
1074
8057
5308
2653
6414
6417
598
4487
2768
4987
4294
8067
8066
6418
8069
8068
547
7225
8072
8073
8076
8075
6420
2605
2948
4485
8088
8087
3303
8086
5674
8085
4491
8092
3975
866
7413
3366
3627
6430
8101
8100
3976
8103
4995
3979
7414
5677
1075
1785
8104
1734
8105
918
7417
8106
3629
8107
8109
8108
128
4494
3196
8122
8123
1319
8132
8133
8131
8134
7422
7423
7424
8139
3981
6448
4255
826
3943
8144
6453
3443
4499
8145
2951
1530
2720
7432
8153
1449
6457
3200
8156
8158
5001
1305
2114
8164
8163
5687
6464
8176
5007
1306
6466
8187
8188
4501
8190
8191
6475
8197
3203
8198
8209
6477
8210
6480
6479
5136
8212
8216
8217
5017
8230
8229
5020
6490
9239
7438
5694
3446
7437
8257
2955
8256
4505
7439
3440
8260
6497
3991
185
6496
2956
1710
8415
6544
8416
4898
4167
6472
6470
4299
7443
6503
3993
3995
8278
5028
8277
919
3640
5695
8282
1735
6508
5030
920
8312
8313
8307
264
621
3330
6513
8317
8316
8315
8320
8318
4219
4508
5696
8327
4003
6515
8324
8335
6518
8334
8333
8332
6651
6692
8842
3631
8426
9634
5036
5037
2011
5039
4512
7458
8347
8346
4513
6525
5042
6526
5043
5044
5045
5046
6527
8349
2558
8352
8351
1579
542
8355
1309
8721
8722
8361
8362
8363
4007
8364
8365
8369
6534
6535
4517
7462
2773
7461
869
4516
5700
2733
8373
4518
4953
8372
8375
8374
3466
8378
8379
8377
6538
8384
2960
7467
4456
7466
8376
8399
5053
6542
8393
8402
781
7469
7468
7471
7470
1736
8407
5057
8408
8409
8410
1077
8303
2774
6545
8425
8424
8423
8422
8421
8420
6547
7481
2961
5795
7477
7479
7480
7478
2439
7482
6550
8431
6551
2616
923
6553
4521
8434
7544
5750
3698
5708
6561
4015
5472
970
3321
7244
8113
8114
8115
8116
8111
8117
8112
8459
1705
8460
4261
8464
3649
7701
2619
5405
9079
8467
8475
6575
8481
5710
8482
2818
8483
4524
6577
8099
5065
6582
5066
6583
3215
5287
8488
8496
2021
8497
8493
6586
5670
7408
5671
5672
7407
5071
6591
6590
3616
4191
1570
7499
8513
8512
8516
8515
8521
583
4527
5714
6595
8527
8526
8525
7257
5716
5717
7177
5718
8535
8541
4022
5024
1737
8543
8544
8545
8542
5719
6600
7504
7503
5720
582
4204
8555
6601
8554
8566
8565
2624
4529
6603
8568
8569
4035
8575
8573
5317
8574
8577
8576
426
2015
6606
4027
6607
9091
8583
8584
3596
8586
8582
4028
8588
5082
3122
8589
8590
5723
1073
8591
6610
1310
8593
8594
6611
8595
8596
5475
8600
8599
8598
8597
4778
3094
6614
8611
5085
6615
8608
6964
8604
9240
8625
8624
8626
6618
8627
5725
6619
3323
8629
5087
8631
926
8638
2627
8637
8636
8640
8639
8641
6621
8632
2122
3655
5727
5090
6629
4336
8647
8648
8650
8651
6625
8649
6627
8654
5093
8655
784
8659
8661
6633
8672
8666
8676
8675
2969
8682
6637
3219
8678
8684
871
8835
3087
161
8689
8690
2434
3656
8699
8700
8698
3221
6641
1311
8701
8702
8707
8706
3657
6643
8705
8709
8710
1312
1567
6648
4110
2197
8737
8738
8739
4152
6654
5103
8746
141
6666
8079
5443
7519
1313
2630
8766
2626
5109
8772
6661
4989
8773
8778
5110
6664
5404
5325
2124
8782
8783
6667
5113
3224
7508
5722
8791
8792
8793
1086
6673
6672
3659
5734
8796
8798
6675
8799
5115
8800
687
8802
6676
5116
928
8804
8803
5118
8806
8805
6678
5737
8810
8809
4537
8816
8814
10775
3306
10774
10771
10773
1387
4467
7531
5739
3660
6684
6683
8817
6688
4308
4309
6691
2121
8831
8834
929
8833
8829
5125
1070
3619
6297
2742
6697
5744
8845
8844
8851
8852
931
5123
8856
4045
6706
6316
8874
6708
6701
6702
5127
8877
8878
8879
8876
8882
8881
8880
8884
8883
5129
8886
8887
5130
1234
5062
8892
5131
8896
8895
8894
8897
6713
4548
8903
8904
2982
6714
6715
8908
8909
8911
5752
8915
8914
8917
6718
8918
3226
8920
3662
8921
8923
6720
4550
2178
3663
4048
6721
6722
8934
4049
8933
8932
8931
6724
8935
7545
8942
6726
8939
8940
6728
6727
8941
8943
8944
5139
8948
6729
8947
8946
5140
8945
5754
867
4187
5141
4220
1316
6730
5142
1740
6731
5144
8953
8952
1090
6733
8959
5756
7553
5060
964
7818
7817
6290
10747
10746
7192
10745
2442
874
6737
8994
6736
8993
4554
6741
2977
9003
5763
7556
2743
5762
2125
9714
7557
5151
3227
2456
9016
9020
9019
3228
4054
6746
5072
9023
6748
9026
9027
3369
948
9025
5152
6749
786
9033
5764
7562
3602
4558
4559
2635
6752
875
1092
9039
9047
5198
9048
3230
9046
6546
5705
6155
6755
9052
2636
9050
2978
5765
9055
9056
9060
9059
9066
4569
9065
9064
6758
6759
9063
9068
934
9071
9070
1317
2321
5156
1491
9086
9085
5768
1093
5343
5177
6631
3328
6767
9094
2637
9167
9097
9096
6774
935
5158
9103
9102
6773
9105
6778
6777
6776
5159
6779
9119
9124
9127
3298
6783
9133
9134
6786
4500
9137
2024
5162
6788
9154
5160
9155
9156
9157
5163
9158
2968
5119
9159
3332
6790
5771
7594
2147
5373
5323
9162
9163
4042
2771
7881
4932
7595
7596
6795
9165
4263
9168
5447
1318
9170
9171
5374
4531
4311
7909
7910
4938
7219
7912
7911
5773
9176
9179
3405
9178
9180
540
5167
4205
6798
3367
9190
9189
562
5776
7602
7601
5778
592
3231
9196
4064
9200
9202
9199
9204
9203
9205
4565
9209
6800
3669
5170
6801
5780
7604
2322
4051
5173
6803
9212
5172
6719
6863
5491
9218
6804
9215
9217
6805
6806
4066
5781
6807
6808
9220
3670
3969
4169
694
9222
9223
9224
9225
9226
7614
1385
7613
5176
2127
5784
1083
5161
9643
5185
6995
9953
5798
9252
3368
4313
7620
6468
5011
4067
9256
5178
6815
9262
9259
2161
6279
7789
9266
9270
9269
9271
1592
3699
5179
4566
9279
9278
4072
9280
4073
387
6823
6409
3236
9286
6821
3674
9249
9248
9293
1293
9298
9297
6825
5182
670
9307
6828
1320
5208
6831
5289
6830
9313
9312
9310
5184
9317
9315
4568
4237
7633
3677
6663
9325
9328
9329
9326
9327
9339
9338
3676
9340
9337
5413
1321
6838
5371
6837
5061
9354
9357
9355
9360
10772
2022
5348
5346
7298
7297
4571
9368
4025
2179
5761
9372
9371
9373
6846
9374
5345
5344
9375
9370
9369
5193
9377
4186
9384
5495
9385
6848
5375
9383
2979
1322
9391
9390
6849
9392
10879
5376
9400
9401
4075
2235
6851
6852
6857
9405
9407
1554
9403
9402
9404
9420
9417
6281
6431
4112
9430
6860
7637
6862
9439
9438
9440
7638
7639
9433
1323
3239
9447
1097
9142
6564
4337
1324
9460
2210
6868
9461
7236
9464
6869
6870
9458
6866
6867
9459
9457
4574
9466
9467
6871
5243
9468
7435
7434
4293
6873
9473
9472
3929
9477
4078
9489
9491
9490
2642
9486
3454
1818
5797
3679
3647
10794
3373
1618
10795
937
1784
6875
9507
9505
5203
5204
9509
9512
2986
9510
9518
5205
7640
1325
3650
9525
4188
9463
2641
4076
6878
9527
2130
5377
9534
9535
4265
6879
9539
9541
6784
5211
9442
5794
4338
9443
5800
3352
7641
7642
4079
9548
9547
9559
9557
9558
6884
1326
6885
1327
5212
6474
9589
6889
9590
6891
5213
7646
5803
9591
9593
6893
6892
9592
9596
6895
7645
7644
7643
9600
6894
6896
4576
9609
9610
6412
5299
8059
9611
6898
9623
9625
9628
5092
3217
9638
9637
9640
9646
9645
9644
8656
6630
6628
9641
5217
9642
9647
9648
5218
10752
10753
4142
3282
7211
4572
6902
4532
5418
3653
3680
1591
6904
9669
9667
9666
6903
9672
9674
9682
9683
9680
4153
5379
5378
2447
482
7830
3455
3988
6910
5223
5225
5224
6913
9712
6915
9718
9721
9720
6916
9722
8492
9719
2335
9730
6917
5013
6268
6267
1315
6918
4084
6919
204
1328
9758
9761
6923
7270
1600
5436
3345
1794
5810
7648
5811
5812
1791
1790
958
6929
6926
9779
7194
5813
6930
6928
6927
9784
8646
6624
2628
9789
4194
6934
6933
4085
9807
9808
9809
6936
4917
5446
8982
7377
7379
7376
9817
9814
9816
9818
9803
6935
5815
1929
9822
7649
7650
6937
6938
6939
9826
1329
4086
9841
6941
9842
9843
9839
9838
9837
6686
6943
1303
9846
4582
3243
10877
10130
4037
9850
3314
4301
5770
7652
7651
5230
9855
4583
7328
5816
5231
6946
9861
4584
6945
9862
9863
6947
9864
5817
9870
4585
8776
9871
9874
9875
9876
9872
9873
9883
9879
2281
9144
9145
9146
9143
669
8754
8755
8752
8751
8750
6656
9886
9889
9887
9888
5234
9896
3457
6949
6950
5337
5818
9910
5100
9903
5242
9917
6952
2734
5397
9914
5728
6953
5237
2123
7653
7654
1331
1330
9936
6789
7655
5819
6956
6958
6959
6957
9950
4502
4117
6962
8723
3222
3351
4088
5244
6966
1314
5822
4140
7657
4587
7656
7659
7658
6969
6970
9996
6971
10002
6972
2708
10003
5247
2673
6973
806
7662
4586
5478
7660
7661
6975
6976
6961
6960
6978
10015
10017
10029
10030
6979
10027
10026
10025
4314
7663
5823
2809
10031
243
10032
10861
7032
10864
4305
7688
5831
7015
3244
4091
10089
7005
10090
7010
7001
10863
7033
10164
10860
4092
7034
3245
10165
10033
10034
3333
1332
5669
3437
3684
10035
10036
4589
10037
6980
5824
10038
10039
6981
10040
10041
6982
939
10043
10044
10042
595
6983
6984
6985
10045
7213
3685
7664
3381
6988
6987
6986
10046
6307
6990
3974
6989
5380
10047
1333
10554
10180
8199
7300
7301
7299
4264
7666
7665
6991
10048
10051
10050
10049
6993
10052
7335
6992
4170
10056
10053
10054
10055
5347
987
10058
10057
10060
10059
7302
6994
10061
1334
5825
7667
4154
10062
10063
5248
2133
6996
6997
10064
10065
5826
4578
9009
6780
10066
5249
10067
10882
1335
10068
5827
6998
10069
5250
10070
6557
10071
5828
8572
6604
5112
4983
6999
5492
7670
7669
7668
7671
5450
5449
4222
2744
8726
6650
7673
7672
4315
7000
10073
10075
4590
10074
4592
10077
4267
7002
3308
10078
10079
4591
10076
7003
10080
2746
10081
7004
10082
6487
6486
8231
6489
10083
7006
10084
5493
6685
5124
10086
10087
10085
7494
5473
7195
10088
7008
7007
10093
3334
10091
10092
5003
10094
10095
10096
5829
10097
7012
7011
1815
8507
9113
8077
10098
7303
10100
1337
7009
2602
5350
5349
1336
10104
1099
10103
10102
10101
7524
7523
10105
7304
4125
4334
10109
10110
2645
10106
10107
10108
10853
10852
10851
10850
10849
7016
10112
7017
10114
10113
5252
7674
10117
10116
10115
7018
10120
7019
10119
10118
10123
10122
10121
5369
3370
10124
10125
8685
10127
10126
7020
10129
7021
10128
10131
7022
10132
4093
2075
10134
10133
7677
7676
7675
1338
10135
10136
10139
10138
10137
7023
5253
5359
7679
7678
7680
3324
4593
2219
4094
7024
10140
5326
6704
7026
7025
10141
10142
10143
1339
10144
8843
5691
7027
10146
10145
7028
10149
10148
10147
10150
5096
10154
10153
10155
7682
7683
7681
4109
7029
8657
7030
4541
5830
746
7684
2706
10157
3603
7380
10156
6743
7031
10158
7687
7686
7685
10159
10160
4594
643
10161
10162
10163
10166
5832
10167
10168
7691
1933
5833
7689
7692
7690
7035
2200
10170
5255
5254
10169
3246
10171
10172
7200
5302
5834
5398
5256
10173
1100
3688
7037
7038
3686
7693
3687
1101
10176
10177
10178
7039
7036
10174
10175
5835
5258
10181
10182
7697
7696
10183
3689
10184
3277
10185
10186
5259
3638
4490
4595
7040
10187
7041
2134
10188
1102
7042
10189
5260
7043
5261
7044
6921
6922
7045
7046
10192
10191
10190
7047
7048
10847
10845
1195
7329
10848
7332
4238
10846
7331
7330
10193
7698
184
4095
10194
10195
5327
10196
3690
7049
10198
10197
4224
10199
1103
7050
7051
10200
10202
10201
10203
5836
10204
5451
7305
2646
10208
10207
1340
953
796
7202
7053
10212
10211
6744
10206
10205
10213
10214
10210
7052
10209
5262
7699
5837
7054
1341
4074
10215
8444
10216
10217
7055
3371
1342
10218
6740
4181
10221
7056
5452
10220
10219
7700
5838
3364
10883
7085
10295
7057
5263
10222
7058
7059
10111
10874
7060
10873
7087
7203
4555
5150
9005
5733
8785
8784
8786
10223
782
7063
7062
10224
7061
8614
8615
5264
6563
8454
8453
8455
10225
7064
10226
5002
10229
2190
10228
4189
10227
10872
8159
8160
10230
7065
10231
789
10234
10236
10235
10238
10237
7066
10233
10232
10240
10239
7702
7067
4596
5265
10241
10242
7068
10243
10244
10245
10246
4096
10247
1343
10249
10250
10252
10251
4097
5453
7306
7307
1344
10256
10253
10254
10255
10262
10263
10257
7069
10260
10259
10258
6703
7703
8865
5747
8864
8863
10265
6391
7071
10264
5381
7237
7074
10266
4098
4136
7704
7073
7072
10268
10267
2688
10271
10270
10269
5839
5267
10272
7075
7076
10273
3691
7077
4225
1345
722
7078
10274
10275
10276
10765
10764
1138
7221
7079
10277
7080
5361
7081
10278
10749
5496
10750
6433
6434
4492
7705
7706
1346
10279
4597
10282
10283
10280
10281
7082
10865
7101
10867
10370
10369
7707
7708
7709
1104
6342
10285
10284
10286
7014
7083
1105
10287
2976
7084
10289
10288
10291
10290
10293
10292
7954
8084
8083
8082
8081
10296
10294
10297
10298
7086
5368
940
10302
10303
10304
5188
10305
7090
10307
10308
7088
4598
7089
10306
4014
10309
10310
5251
10311
10299
10301
10300
10312
1106
10317
10316
6407
10315
10314
10313
1347
7710
7092
7093
10318
10322
10321
10320
10319
1107
4262
2745
7094
7712
5840
7711
10328
10327
10323
10324
4099
10325
10326
10330
10329
10333
1348
10331
10335
10334
10332
10336
10337
10338
6390
5268
7091
10339
10340
10342
10341
2128
10344
10345
10343
10346
10347
10348
7095
10349
3252
5351
3309
10350
7096
10351
5269
10352
7296
10353
5270
7097
5841
7098
10354
10355
10356
10358
10357
4123
10360
5842
10362
4100
10363
1350
1027
7100
4599
5209
10364
10365
10366
8819
8821
8822
5732
10367
10368
2234
7713
7714
7715
6404
1351
10371
10372
10373
1352
10375
5843
10376
2667
7214
10374
10378
10377
4577
10381
5271
10380
10379
7716
2810
7245
972
10782
7246
7102
10382
10383
10384
1139
4600
5097
5352
4141
10385
10387
10386
10391
10390
5121
7104
10388
10389
10400
6541
10392
10403
10401
10402
10399
10398
10404
10393
10395
10396
10394
10397
10099
7013
10248
1353
10409
10405
7105
10407
10408
7204
5311
7107
10406
7106
7108
10413
10411
10414
10412
10410
7109
10415
7816
4902
6389
6392
6388
10416
7719
4316
5845
5844
7718
7717
10417
10418
7110
4601
10419
10420
7238
7239
5324
4602
10072
7111
10421
10422
10425
10423
10424
7112
5266
6932
9798
9797
10426
10428
10427
10429
7113
5353
1349
10430
10431
2647
7114
10432
3213
5063
4155
5846
10433
5273
7115
9844
7721
10436
10435
10434
5847
10437
10438
10439
7116
1108
10441
10440
7117
10442
10443
7724
7727
7726
7725
5274
10444
10447
10445
10446
1354
7723
7722
7694
7695
5257
10448
7222
5310
5309
10779
10778
10777
10776
10449
10451
10450
7118
7119
10762
10763
10761
10760
10759
10758
9287
9285
10452
7103
5272
3105
7728
7120
1355
1109
10453
7121
7309
7308
10454
7122
10455
10456
7123
7729
7730
7731
10457
10459
10458
10461
5275
10460
7124
10179
7205
7310
5454
941
7126
7125
10261
7070
10462
10463
10464
1356
10465
10466
10467
9533
7235
10468
10469
6785
9131
10470
10471
4604
1357
10472
10473
1358
10474
10475
5354
4171
5355
8284
8283
10534
10508
10507
7127
7647
10477
7129
10478
7128
10479
7312
7311
7130
9616
9614
6897
9613
9612
7805
7804
7803
7732
7313
10480
8745
4034
8996
8995
5147
1091
1586
7132
10484
10485
10486
10482
7131
10483
7372
5632
5631
10481
10868
10869
10522
10521
6840
6839
9341
10487
10870
10528
10527
10526
10525
7733
7735
7734
10494
10493
10492
10491
10490
10495
10489
10488
10496
5277
7133
2648
10497
10498
10499
10500
10501
10502
10503
1359
3127
10504
10505
10506
7134
10871
7135
10509
10510
7136
10511
10513
10512
5476
7736
7737
7738
1360
10514
7139
10515
10516
7918
7920
7919
10738
10737
10517
10518
10519
8683
624
7141
7140
4573
7142
7138
7137
5278
5279
10520
7740
7739
3247
10524
10523
7143
7144
10529
10530
10532
10535
10538
10539
10536
10540
10537
4226
10541
10531
7145
10533
10544
7146
10543
10546
10547
10542
7741
10545
10548
10549
10550
7147
10552
10553
10551
10555
7148
7149
10556
10557
10559
10560
10561
10564
10563
10558
10562
10567
7150
10565
10566
10568
10569
7151
1361
10570
10571
10572
7153
10574
7152
10573
5848
7742
10577
10576
10575
7743
10578
2135
7745
4605
7744
3248
10580
10579
10876
10605
10604
10152
10151
10581
7155
6283
10584
10583
10582
7154
7241
7240
10585
10586
7314
10587
7156
10589
5276
10588
10590
7158
10596
10595
10591
6284
10592
10593
7157
10594
1362
7720
7746
5849
7160
10597
7159
10599
10598
10878
10602
7162
7161
10601
10600
10603
7798
7792
7801
10606
7748
5850
5851
10607
10608
9940
9941
9942
5820
7750
7749
7751
7163
5280
10609
10610
5281
10613
10611
10612
10615
10614
7752
10617
10616
7747
10618
10619
10620
10622
10621
10625
10623
10624
10626
10627
10628
5852
10629
10630
10631
7164
10633
10632
10634
10635
10359
10361
7099
1363
6408
8053
8052
10636
10637
8847
10638
10640
10639
10641
10642
5282
10645
10646
2649
10647
10648
10649
5853
7166
7165
10644
10643
7753
10650
10651
10652
7167
10654
10653
5356
5358
5357
10655
10656
7756
7755
7754
10657
10658
10664
10663
10662
10661
10659
10660
5854
10667
10666
10476
10665
10668
10671
10669
10670
7514
7513
10672
10673
10674
7757
7758
5740
7759
7760
7761
10675
5855
7762
10676
10677
7243
7242
7168
10680
10679
10678
10681
10682
10683
10684
10685
7169
10686
10688
10690
10687
10689
10691
10692
10693
1364
7763
7764
10694
7170
3041
10767
10768
10770
7171
5283
1365
10695
7765
7766
7768
7767
7317
7316
7315
10698
10697
7769
7770
7771
7772
10704
10700
10703
10701
10702
10705
10706
10708
10707
5338
10709
10711
10710
7775
7773
7774
3249
10713
10712
10715
10720
10719
10718
10714
10717
10716
7206
7776
7777
7778
10699
10696
7172
7173
10721
10723
10722
10725
10724
10726
3250
10727
10728
10729
10731
10730
10732
10733
7174
10862
10734
10735
1366
4223
261
260
262
258
259
