1809
4173
1566
2465
63
1975
1555
2828
10750
450
3364
966
7189
998
4475
3928
1499
2928
996
3948
2678
10749
2469
4074
10748
1697
1785
3277
10747
5468
183
906
10746
197
2373
1216
3572
3721
3489
2327
2993
2990
4109
10743
417
2025
1472
7188
1423
10744
943
4614
1087
2599
2124
3648
10741
1997
505
7186
10738
3204
10739
4879
10740
1462
811
707
7185
415
4881
446
4922
2756
1434
1088
2864
941
4880
339
3715
2056
10742
759
3724
2015
2013
376
4882
1167
525
1796
402
653
632
7184
10736
2484
1466
25
3506
2702
90
3293
10737
2745
385
1474
3574
3573
620
7792
5870
5493
288
2292
7793
1307
152
10734
799
203
4433
4878
1311
264
7183
9
289
127
222
48
178
145
695
10732
2600
631
2345
5469
294
1918
4133
3327
10745
3038
57
30
327
82
2418
1094
4010
10731
4890
449
10735
2354
7182
1522
4877
193
1819
10733
1941
11
5869
86
113
2706
371
10
2986
4876
403
1112
1122
461
823
7791
1196
5868
1116
1919
944
62
530
948
10728
1550
394
3927
913
3020
5079
3158
4875
7181
2819
1228
97
4874
490
3159
1912
49
2048
10726
3352
2536
10727
3569
10729
1681
4893
5867
2666
343
10730
4872
42
1850
1983
556
1935
1807
3035
5865
3477
2755
2026
10721
744
1898
1653
5866
2968
589
1614
832
1827
397
5864
1458
1152
1177
2899
3441
2900
1916
179
4869
1006
10718
2898
10717
2342
3067
3016
10716
60
4
1298
12
3041
350
472
282
3739
7176
469
10715
2989
2483
4871
648
2994
1953
7175
4983
3598
3925
927
10719
4429
4515
3511
4430
283
3484
331
3354
2489
1634
7180
4868
125
10722
3926
4866
7174
1482
2452
3283
3727
4870
4867
2598
1236
933
2772
686
10723
2754
406
977
2759
2753
5467
442
2339
5423
2155
212
5331
1126
181
1940
1120
27
242
10766
1805
2902
7173
419
10713
4193
5298
3924
275
10714
958
205
68
13
196
216
45
4294
416
3744
7172
7169
579
4619
1332
10712
7171
3730
2202
4205
5492
5491
3531
2343
7789
1617
10709
3564
5863
2518
3355
3044
584
1486
3478
7167
78
1004
4863
256
384
4216
3729
1693
4428
7339
1016
3405
621
3422
1637
501
2596
2348
561
138
10711
831
3396
3157
1226
2649
7168
101
10708
3
23
2419
5
491
38
3156
10707
4865
2306
7170
4864
7165
4148
2987
1968
3983
1194
10702
3308
7160
3922
1191
520
1716
2255
1376
10706
4861
1234
199
3923
3054
1024
10710
3335
174
1739
5057
10696
1425
7161
7192
3749
2661
10698
8
638
1683
349
7162
7157
310
5862
4246
10699
2062
7158
10700
523
1781
2790
1430
361
10704
10701
3804
4862
3921
3919
2897
1588
2597
3920
61
3706
3668
7166
4859
1988
1061
2531
7164
4230
980
3376
2595
1792
47
10695
807
2503
2058
379
5207
2168
2017
3687
243
4068
5860
3918
7151
3387
4426
325
4858
10693
676
2318
1399
3407
10694
137
411
7144
5029
7149
10692
3917
3307
7152
10691
7148
7150
4115
3737
582
5404
10689
1737
250
3568
1600
10690
713
7147
1620
1017
1535
1672
1248
5859
2393
1403
5858
7146
2822
10687
5271
10688
2214
5857
237
692
153
10685
527
70
46
215
58
989
1172
5431
1582
7142
2121
10684
1262
1429
2594
7143
2592
1770
1303
1175
7145
1690
10686
2996
2895
4058
2039
3249
498
716
3030
2593
1407
4452
380
10682
1190
4425
1495
3788
3596
2072
1202
10680
1713
7141
1118
4279
4857
1523
455
979
1939
2894
3321
4424
725
961
3736
1441
99
2824
1507
2529
37
4969
160
1412
7800
587
2383
2832
1337
859
184
2458
386
1768
608
574
312
10677
519
1786
155
740
1496
10676
2076
2033
750
10675
10678
2823
2172
2340
1670
534
10679
1591
84
1775
3468
5466
7140
116
2477
7139
1153
5220
1485
482
4982
347
4856
1479
1439
5856
10674
3916
4293
2227
1229
252
3514
4241
5855
3501
1861
176
335
51
81
248
169
28
500
1218
2362
1404
10672
2394
7136
7137
10673
1763
1201
2211
5295
4980
348
10681
10683
2516
2605
2389
382
2158
2132
3567
2003
5052
1421
1720
10669
10668
619
1851
2471
2927
439
198
1154
10670
2296
3720
7138
2893
147
617
4616
4855
2258
10666
10667
4130
1977
10665
990
814
1237
4928
528
467
4333
862
2267
59
578
16
2467
79
374
10664
3566
7787
7788
4423
381
5854
2291
7135
10661
2973
10662
4854
10663
255
2882
7134
577
4217
156
2205
1661
1648
2238
2681
5852
1800
72
673
389
1484
5853
5851
4292
984
5433
1663
401
10660
7133
5043
4456
2850
3275
4852
22
10659
3915
296
10654
10655
10657
119
4873
4936
5850
672
390
4164
1811
3404
4500
3782
3490
10658
1772
677
336
1457
4927
2480
1377
3565
657
2664
3945
5335
5465
7332
1601
3353
4264
3517
969
1056
1625
2827
1501
904
1471
7131
10652
3551
148
4421
5500
1551
2341
751
3912
41
10651
3153
363
2655
5327
7236
601
2650
5328
7224
4171
4172
1557
10781
7235
1828
5329
1934
2778
2145
3450
77
3577
3704
2713
298
3011
563
7130
2282
4850
5849
835
848
5077
480
1733
2758
10650
2293
639
4032
569
1729
2519
1963
4422
10656
7132
5113
10649
2590
1187
1373
3716
611
7129
1905
2884
3914
117
2466
4851
1450
1789
1455
154
1414
10648
319
3040
1609
2821
3520
908
2253
10647
73
1512
1230
2427
564
5846
5848
1694
3057
10645
3462
4848
2235
249
10644
2485
247
10643
3431
2351
1245
834
4120
7786
3421
109
4190
4419
964
5845
830
443
1676
593
4232
4291
2286
14
1445
132
445
266
15
32
19
4842
7283
1518
158
7120
10641
855
7121
2415
10640
7116
2083
10636
702
2138
600
428
7122
2008
671
7123
727
3725
4849
545
539
1397
7126
3745
4896
345
230
1844
10653
1489
1607
438
2761
10646
4844
4846
464
7125
7124
4845
10638
2298
324
10637
535
7117
1508
605
10639
7118
1388
4843
2346
7119
960
108
10642
3913
779
0
24
1
567
134
7115
1443
3111
524
4104
10631
4841
7785
2360
7784
1595
3702
7783
1235
1627
2685
1654
10635
1719
272
867
3719
10634
3805
3786
2837
3909
2589
2184
678
1532
1032
92
7331
337
7781
4417
7782
5844
7780
871
3678
1923
793
583
5843
1500
4418
1666
1860
718
3563
2689
2697
7114
405
2492
67
942
1368
5403
10798
4212
7263
4213
10799
3325
4188
7242
5402
7243
2705
10800
5375
7262
2225
4211
3351
1806
5401
10801
3908
220
2645
135
2444
1890
2109
10626
3726
10627
3561
162
1964
4182
4840
302
664
2283
1942
3488
1574
10630
10629
10628
33
364
2050
2833
1764
1604
10625
2280
1478
10624
5842
803
136
3753
2891
2325
7113
10623
2587
2316
4839
311
80
7112
1099
10622
1790
2896
4334
10621
1225
10620
407
3485
6
2359
10619
4901
1678
1185
3718
749
7779
794
7778
5841
1726
1132
5115
7110
7109
7111
1810
192
2001
3497
10617
3907
3062
1502
4486
3050
2472
3560
2838
537
1192
1612
1375
1611
3424
2723
4415
10614
4837
2588
805
7108
4113
2473
769
10618
7107
1920
87
2493
7106
3393
1569
10616
2241
128
10615
3152
430
795
7105
560
3226
7104
3150
5256
3049
2742
2213
4168
7257
7258
1537
7256
3302
2675
4221
7221
554
1527
1371
1966
31
3610
7776
7777
4290
7775
2125
10612
7101
5243
10611
7102
739
1613
3810
4836
10610
466
4457
10613
7103
3743
1461
3906
1221
4838
1847
2068
1367
3151
4835
3486
2815
681
2731
1972
2857
3776
360
3013
396
94
377
1159
7100
434
2165
10609
796
10606
4215
4341
2007
7099
1769
4833
1594
5504
463
1526
1561
10608
2716
983
10607
708
5839
5838
5837
5836
3496
1231
2696
7772
161
4832
10604
1638
10605
7098
2284
7771
5397
280
5834
1747
1991
2288
10600
10601
3683
2585
5835
2881
4118
2907
5833
7196
7770
10603
618
10602
3701
875
2271
10596
4831
7097
10597
1533
10598
3487
10599
1127
4413
4412
114
2955
1408
1894
5832
4414
4152
2507
2116
4175
293
1179
3359
489
1160
10593
2708
4220
553
1465
3905
2457
10595
1390
7096
2686
1742
4007
2460
4305
2014
1660
1921
7767
1876
2366
7766
1899
7768
7769
7765
2811
456
1603
4827
4828
4830
5831
7093
7094
5297
2586
3149
675
3955
10594
5058
1560
54
7095
3018
531
5313
2807
3742
5830
7091
10592
7092
2122
2849
1176
3026
1510
880
3147
1698
1580
3943
3007
10590
10589
321
3747
10588
558
7090
3904
3146
395
10586
3281
10587
365
4411
4826
7086
7089
3494
7085
10585
4573
3148
200
175
110
557
10584
115
10582
4825
2344
10581
10583
1093
4342
3061
3241
3004
10580
5267
10579
2855
3558
4446
7084
10578
3000
1111
100
227
112
346
5829
700
246
52
65
2
39
1027
10576
10575
3902
10574
7081
4939
3707
4609
840
1626
2414
404
36
375
170
7082
2114
4504
7083
2868
10577
3145
4623
734
4410
5285
4350
4823
10573
641
7080
790
440
7079
10570
400
1350
10571
10572
3903
241
1633
3595
2499
1431
2972
4885
2808
10568
3024
2501
3901
10569
2047
1272
10567
626
5435
3963
50
3898
1541
4820
7077
1791
2775
748
1200
1776
4818
3144
3900
1965
3143
846
338
10563
240
10564
10565
4822
4409
7078
4821
3899
10566
1428
1741
3015
3601
3037
869
4150
444
957
1542
235
1563
4816
2524
1658
10562
4408
10561
3005
4407
10557
3992
962
571
10560
10558
10559
409
10556
1843
2194
2338
95
2461
458
3009
5827
5828
1161
1149
1677
368
644
7075
2016
351
10555
7074
1777
10553
4076
2206
5278
2557
10552
3047
3841
3647
7072
10554
3002
7073
1244
7071
2818
3767
4545
2032
10550
3896
10551
7271
514
2938
218
492
1480
10548
7070
3017
3403
3897
10545
462
3309
2667
213
3310
2412
682
7068
1208
441
1778
2326
7069
2491
1123
2831
1546
613
7764
5826
2161
1169
1745
1400
2997
938
10546
10547
10549
7067
3263
2358
1897
309
4898
706
1863
4815
2584
858
4813
10544
2294
318
2914
10543
7063
1025
10542
3773
3142
1990
2169
7066
4814
2387
699
570
2156
4502
10541
277
1143
1131
2725
860
1629
7064
3141
314
408
7065
2505
4819
3735
4817
7076
1413
3710
1878
1973
471
2404
4406
7763
4598
2779
585
4319
982
764
3895
2625
4622
1487
10538
5824
1937
1189
1992
4811
1503
10536
4458
7062
2254
1385
4957
1818
752
485
4812
2922
5823
5073
10540
581
5269
2041
3557
5425
10539
2141
4143
1867
3613
7762
120
1437
5822
3681
2890
4809
2010
2236
4897
10528
1944
2212
2865
4810
5293
2070
684
2619
3333
5821
74
2957
3555
693
5820
1062
3741
2653
144
7060
10526
4147
1239
232
10525
3001
2309
770
10534
10529
10532
10535
10530
10531
2334
10527
7061
10533
604
696
7760
1165
7761
5284
10521
797
3734
2448
2170
7059
7058
3996
3554
3731
1981
333
10524
2525
2018
265
307
10519
1493
10517
3931
679
1922
3993
10520
3138
1813
4289
4298
223
837
10518
822
21
1449
2644
1106
10516
1369
7056
1736
2425
4807
292
2045
131
2423
299
7054
3140
7057
1243
2391
10513
66
7055
10514
1521
3722
10515
802
7053
10512
10510
1031
3738
2992
10511
10509
1214
20
388
4141
146
71
1136
7052
4883
5499
195
459
1366
29
5818
1657
576
2274
4017
7049
10508
7048
5819
2370
3084
2126
3137
642
4228
2710
1675
7047
10507
10506
5816
5164
4282
877
1833
4119
2350
5817
7757
7758
1438
7759
5413
3553
533
421
7050
4605
313
1150
7051
940
1110
4803
5280
2074
96
10501
7044
5186
2281
10499
5876
10502
2787
10500
899
2364
7043
698
10494
4802
1475
10497
10492
1125
10496
4804
7042
10495
3892
5290
3135
69
10491
10493
2096
5814
3499
4191
5185
1139
7040
7039
7037
4613
503
7038
2385
5813
1757
10490
1453
7034
3056
2921
1696
2820
3523
4847
4404
7041
353
826
2699
10498
2719
4801
10488
7036
5289
5812
10487
4800
1598
1173
238
1394
1395
425
3473
7035
3043
10489
64
3032
3456
7756
5811
7754
2844
7753
7755
7752
10486
2183
3618
7033
10485
5292
1463
529
10484
2447
2093
3504
10483
2435
10482
2456
7127
1914
3686
3091
10481
1217
2490
7750
5810
2332
2422
2788
7749
5809
7751
2777
856
7748
1380
2411
2798
1951
1135
1002
3232
7030
10479
10478
7031
1220
274
2295
974
4797
2985
1119
10480
3781
3460
7029
4003
7027
10476
2219
1490
7028
4798
239
4117
10477
10475
3941
5321
3890
2252
76
3889
43
7025
815
2067
10474
5807
7747
804
7746
592
10473
474
2468
876
2508
5291
93
107
139
1467
10471
7024
4796
3768
3370
999
7026
10472
3134
2983
7023
10470
997
267
1999
5806
121
4402
1665
7744
7745
3425
1003
5805
362
1109
10468
1083
3754
10469
7022
334
1710
1930
5296
2892
4795
1852
3136
2924
2694
2110
1929
878
10467
2107
231
7018
7016
2836
5464
2065
1782
7020
10466
3552
7019
4794
3021
663
1602
1699
7021
2869
5804
5802
18
10463
4114
555
7010
4111
5463
685
5378
2143
2180
10464
10465
4594
633
5007
4793
7017
225
10462
305
10461
7743
1704
3443
261
5801
3665
5800
7015
7011
7014
2200
3027
3717
1640
358
10458
10455
4263
10456
7008
5009
5417
2496
1005
2853
5490
10459
7009
2750
2384
1750
2698
2357
204
10457
10460
1924
4473
10451
5498
7007
7006
10452
10450
801
2575
3629
10453
10454
4792
3965
2410
4096
2976
1207
3132
1740
3133
3476
1570
786
4262
970
2104
792
10447
4935
2692
4791
3784
3294
10448
2037
10449
4790
2409
3885
88
387
7005
2127
10445
10446
5799
4398
4789
10443
4788
4400
4401
7742
1947
295
1398
3752
10442
1624
1984
7741
3588
1037
1883
612
5461
2752
5462
3402
2228
1178
173
10439
1552
7004
2767
10436
4397
1498
1976
10440
7338
10441
4907
1635
3884
4396
963
3832
4786
1129
5040
5794
10437
3480
2302
2786
5795
7003
5796
2128
7002
4395
4925
4321
4270
1203
3709
316
7001
1089
10438
4086
4394
2080
559
6999
5792
5065
711
6996
7000
478
3071
4784
5014
2463
4785
1444
2459
2665
1793
1802
1958
10435
6997
6998
2520
5049
10433
10434
687
2300
2744
221
5793
1889
879
4121
4626
3711
5301
10431
575
5168
6994
6995
6993
2053
89
35
2024
4392
10432
4913
7204
1871
3131
2647
4783
1447
4393
2223
4274
2199
7329
7330
1888
7328
536
186
4782
5875
4288
1033
3350
2652
2915
1426
2330
4617
2854
477
2498
10426
661
3072
3600
10428
10430
4780
10429
2059
2066
10427
5791
2793
1687
1339
10424
3883
10425
4093
10423
3304
6990
2954
4781
863
6992
3769
2304
4391
6989
10421
3758
6991
1391
887
2511
3939
1605
4779
10422
5790
1519
2131
10420
6988
473
511
4778
3630
1765
1673
510
3090
5789
4940
3882
10418
10419
6987
4192
3189
590
5206
1365
6986
1464
2826
5422
4914
3203
2476
3760
6985
2290
10416
2974
2871
10417
427
10415
1470
3194
4777
194
2939
10413
656
4776
812
1854
7738
7737
7736
5815
7735
6984
10412
10411
1659
2187
1927
306
3288
10414
4080
1837
1554
3507
4775
953
3549
7734
5788
2005
3550
1147
2231
595
937
6983
2515
1036
6980
6982
6981
2583
10410
271
1909
10409
4750
6929
2437
10408
4774
7203
10407
3495
10406
508
4768
1579
259
1993
1130
7337
1979
4388
4531
5787
6979
735
6977
1506
6978
753
3950
10405
1364
5786
4287
2888
5785
5784
1955
516
6976
3868
7733
10401
4771
6973
3344
3129
857
2365
1387
4772
10404
4773
2434
7237
1133
10403
10402
342
1460
10399
6972
10400
2408
451
6970
6971
4769
457
6974
4612
6975
2043
1363
2887
3389
2582
10397
10395
2998
4470
3806
3548
3790
330
10392
2417
10393
1728
10394
6968
10391
976
6966
1103
10390
10389
4124
2361
378
10387
1415
6964
10384
3331
3230
3328
540
7731
3684
4481
7732
10385
10386
6962
6969
6967
1124
2462
1419
10382
2479
10381
2510
637
4106
3757
4083
6961
1623
447
3880
1628
4387
10388
3633
2134
6965
7202
736
4592
279
7730
2439
1962
6959
6960
4953
3419
5783
2191
3888
2834
224
10380
6958
6956
2303
10376
2064
2856
518
3740
5013
991
1452
1491
245
10379
6957
10378
10377
5782
1183
1703
5781
4767
3879
468
5508
784
10375
2674
6955
2449
4763
1655
7727
7728
5489
98
226
5779
7726
1158
3312
4485
5780
630
3068
10373
10374
2526
3732
1080
4094
4765
367
359
3763
3800
2886
4251
4762
5286
4764
1688
816
103
2707
126
328
7725
1891
3911
7128
5847
172
4385
821
4761
3513
208
10372
6954
2522
1010
3285
5363
598
1107
2984
322
3637
3243
6952
2193
3982
10369
640
1330
3995
1618
3748
3162
2847
4760
2975
187
5460
4030
2061
10367
2919
10368
6951
1853
10370
504
300
10366
4476
10365
5777
5778
1105
2495
5038
3750
3276
2257
53
2691
7326
7327
978
4386
5412
1117
7729
1746
1823
3128
5151
4757
3589
6950
5503
2785
1887
1886
5775
5776
4527
2307
7724
357
4758
3033
1895
4906
2517
1767
2006
10361
1788
2012
738
297
10359
10362
437
1779
3765
1232
10364
10363
3547
10360
40
1313
3866
3023
6947
6944
2249
6945
3427
2177
10353
5172
10354
10355
257
606
1145
1240
1162
5774
2581
1440
1146
2829
6943
3491
2406
10356
5459
414
2220
2658
2918
10351
4276
2118
10352
3546
10350
1100
10349
3190
10344
1989
2920
3220
6941
4756
6942
2679
10348
10345
3876
3399
2002
10346
10347
1553
3426
10358
6946
4948
3127
424
10357
5773
4755
10341
10342
6938
2917
2885
1558
5772
7723
6939
6940
2502
10343
4383
1857
993
5424
3430
4384
75
3957
2355
2443
6936
513
1946
2470
2204
276
2580
3126
2680
4102
4382
320
44
4754
2347
6935
7722
7721
1917
278
1925
3371
4335
5279
2863
6937
4915
715
2209
731
251
1454
3873
5415
6934
3874
2113
704
4752
3439
10340
10338
3498
10339
7720
3624
1556
6931
4929
2079
2487
1097
3545
2934
2421
1374
3125
10336
4751
850
7719
3544
2259
1721
124
6932
3014
726
945
3340
1985
2381
5771
10333
10335
767
10334
1915
5768
5769
3761
2688
5258
5770
3543
5411
7718
2941
10337
3871
3029
6930
2353
2543
902
10331
5111
10332
5228
7270
2380
3410
1174
1199
4747
2363
5107
4749
10330
2513
3124
3640
5765
6928
3101
10326
4748
159
5766
1215
547
3211
7178
1483
10329
6927
10328
4312
10327
3798
6926
7201
1766
5767
10325
1896
7717
5764
7716
5763
6924
10323
2337
3123
3870
5762
1646
6920
1322
2602
10322
6925
475
6923
2578
6922
3968
3623
1529
1911
3783
3708
3075
6921
10324
4746
4745
6916
6917
6915
10320
6914
2835
542
10319
3121
6912
10318
6913
6911
10317
2402
3287
1242
4744
2980
5300
6910
4743
185
986
1540
4739
4741
3120
10316
4742
4923
6909
1323
1621
6908
7799
10315
1497
1101
3045
10314
4381
10313
2081
1372
2379
1128
4740
10312
1476
2952
3751
10310
4738
6907
10311
1901
6904
6903
2506
5760
2182
5098
2181
4159
5380
680
2329
1869
2160
10309
10308
6905
2474
1233
4332
1442
3867
10705
7163
1692
10703
2677
4860
4445
4243
5861
3025
10305
2239
6902
104
1826
460
1029
1034
2166
839
5095
674
10304
10303
10302
10301
1748
3280
4380
3865
1932
4735
780
6901
499
413
2988
7714
5755
2792
849
4286
2356
6900
1880
1967
1168
5754
4195
10300
4892
6899
1761
5753
10299
737
7713
329
7712
4469
614
6898
4734
4378
2027
1668
4338
420
1416
2773
5048
1068
1872
2441
7711
286
836
3428
4463
1013
3571
3429
4904
10298
10295
3864
10297
2576
7710
303
340
2621
10294
6897
10296
4269
4987
5752
2796
163
7223
7709
4285
2400
2269
4731
5092
10291
10290
1743
2497
3863
3048
10289
2052
6895
4732
2911
3586
317
2774
6896
10284
10287
10286
10293
5110
10292
2651
967
304
3524
4435
5398
742
7708
10285
1227
10281
10283
6893
4730
1446
10282
1904
1610
5751
1565
10280
730
3862
7325
2019
1409
10279
6892
6891
6890
5750
1641
1417
4607
5488
5749
874
2751
10288
6894
4729
2481
4444
10278
3861
2528
627
214
3860
452
6886
6889
6887
842
10274
741
10273
1219
6884
1316
10272
1751
1144
6883
10277
2030
6885
4107
10275
10276
2478
6881
10271
1644
5748
6882
5840
1969
1401
5747
4376
5379
7245
1151
10796
4139
10795
4227
806
4226
791
6879
2551
550
2445
10268
10267
2999
10269
6878
3705
7707
1184
2349
5410
4552
10270
3859
4889
1825
2150
263
3755
4375
4728
4583
10266
4347
5050
436
4727
6876
6877
843
1424
4726
10265
10264
683
10263
10262
580
10261
4725
2880
2162
5262
1711
6875
7706
5496
260
5745
2979
2842
5744
1019
548
454
5743
1104
512
1402
972
10758
1581
5311
7200
2167
10259
6871
2401
6870
10260
2314
6873
5051
5054
6874
4724
3857
6872
4265
3313
4273
7324
2746
290
3858
3795
4941
4303
3401
10258
10257
6869
4733
1956
10256
1910
1928
4296
2237
2879
4261
10255
6868
10253
773
10252
5099
968
344
3587
7159
10254
1030
10249
3510
6867
4723
1752
2748
3296
2352
532
7705
2071
4722
10251
10250
3115
825
4135
6866
1538
1691
746
2568
10247
10246
1804
2701
1516
10244
2149
1656
1650
5740
2377
5739
2084
2916
1418
1386
3155
3929
354
2925
4427
3436
6864
5741
3114
10245
4721
10240
10239
10238
3855
2335
502
3642
7703
5326
7704
6860
6859
1881
1945
3856
6857
10237
5288
1468
10234
10236
3250
3762
1695
10235
6863
4719
10243
10242
1664
2137
6858
5361
5362
1608
10231
3999
10232
4720
4963
6856
2905
2810
5458
2657
2858
4014
10228
4716
3854
493
4715
2011
5046
10229
3852
10230
6854
10227
2736
636
2673
2845
4320
4534
3853
6855
4373
1931
10233
356
2960
1224
10223
105
10226
771
4717
10225
1011
10224
3113
7702
3341
7701
7700
5738
1213
7698
1383
4571
7699
4371
4372
398
10222
4260
2171
2189
4174
180
1982
2049
10221
2627
1085
5737
5736
7697
56
3851
4805
5229
10220
6853
3003
2119
3849
995
2403
5112
6852
2574
10219
10217
10216
6849
10215
2573
6851
10214
6850
10218
2486
2082
4503
2147
6848
2120
6847
10212
10211
1684
7798
2572
4245
3845
6846
4580
3848
4015
1075
3850
10210
3953
5276
6845
4370
971
6844
207
6843
5457
1379
5147
1114
2142
10203
772
2287
10209
852
4163
10204
3161
10208
1102
6842
10206
10205
6841
6839
3475
479
907
6838
7281
5217
34
10207
6840
6836
141
10200
568
4568
2262
1018
10199
10198
3844
5246
6837
10197
3837
2028
4142
5735
1926
6835
506
3521
1410
4714
1686
1727
3843
3869
2226
2035
3452
2763
6834
2877
3540
10196
4369
10195
4084
6832
1866
4105
1756
3357
4479
789
10194
10193
412
2534
3842
2967
10192
3508
10191
6833
1361
2055
217
3492
4712
924
3247
1845
6830
6831
1758
3423
5734
10189
4713
3840
4002
10190
6829
1222
2085
1360
2571
6828
4711
10188
1520
488
6825
3838
1469
2157
3976
4600
10181
10186
4439
10185
10184
484
10183
5059
10182
1759
2242
2840
2966
6824
2512
10180
3675
4708
1164
3839
7323
4259
3420
5409
2720
763
1707
6822
10178
2244
373
10179
1639
2715
5733
3771
10177
6820
10176
6821
4707
6818
3585
3110
827
10172
6819
3251
10169
6817
10170
2852
10171
10173
6816
1708
10168
2475
4624
2570
3933
3493
1186
2743
1000
3662
1456
889
5731
3279
10165
4368
2197
1009
2749
1054
2246
10163
4972
1584
2825
7
3500
3314
1197
810
3223
6814
710
4242
7691
5728
952
4541
5729
7690
10161
10156
10157
10160
10162
10155
10159
10158
732
1643
10154
6813
6812
6811
4706
211
2569
1950
2263
2500
2234
5166
6809
5727
7689
157
3036
3109
2256
2023
3217
4367
3112
4704
4705
1787
3835
10153
5089
5487
4703
6810
2932
5275
2541
10152
2659
762
3537
10149
7269
2440
3234
3108
4979
10151
2185
6808
1689
1667
3509
10150
1597
10148
5726
5359
3311
5360
6807
3536
418
3525
1422
229
129
4176
4824
10147
3028
4911
5725
6806
1734
4702
10146
4366
3973
10145
10144
4337
102
177
4986
3958
2042
10143
5724
829
10138
10139
1241
10140
2874
6805
1949
4078
4177
4699
10141
10142
4700
2757
2375
4701
2851
3834
1166
3881
1647
3728
4698
2684
521
4103
1585
4284
244
10132
6803
2464
355
10137
2446
1193
1744
3893
5723
1392
5358
1816
3236
10135
10134
2396
6802
10133
1314
4697
1822
2224
2817
1318
10136
10131
3006
1957
1841
253
4339
6804
10697
2846
7154
7155
4696
10129
4695
10128
10130
429
3412
3712
4122
5315
5722
2735
2407
3449
1182
717
1902
4602
838
7688
10127
4062
3074
2317
2368
5721
4693
4692
634
3658
4694
2270
10126
10125
10124
3590
1021
4691
3278
5416
10123
2186
7276
2628
4108
10122
3833
5105
2275
284
6800
1359
2101
3106
6793
6801
1755
6798
10121
4315
1427
3535
1513
6797
5138
6794
1514
6795
6796
5320
2560
3746
3104
5310
4162
4759
3619
2129
4718
5261
3105
10120
433
10119
5720
3764
6790
5455
3940
2873
6792
4474
6791
4990
669
4489
5677
6432
6742
10889
5299
2073
2399
326
4690
7774
7773
150
6789
2374
3831
4497
5497
6785
6786
6788
610
5150
1358
820
629
3780
1943
3474
3723
1762
3019
6787
4146
2872
10118
3886
4687
597
10117
1543
868
3638
4688
10116
10115
140
10114
4686
4365
3935
1936
1138
10111
4975
1636
4955
10113
2285
6784
4225
1420
4685
122
6783
10108
3103
3991
4615
4179
4684
10109
10107
10110
6782
315
3830
4900
10105
291
10104
2862
6778
2797
5718
6780
5394
6779
3102
2861
3617
4049
3413
10103
6774
6775
10102
4011
10101
3894
6776
3433
5717
7321
2721
5719
733
4806
6777
1406
6770
10100
7319
1820
7320
10096
10092
6768
10099
6773
6772
10098
10097
5081
10087
10088
10089
10090
10091
10094
10093
5143
6771
3829
2514
10081
10082
994
1357
920
2203
1188
6767
6766
10083
10084
10086
6765
10085
2038
332
6764
987
4257
6763
4295
7685
7686
1115
10080
2783
7687
1356
1616
3872
6760
3435
3791
2542
3515
886
643
4224
3372
2734
10075
1838
1799
6759
743
10074
4680
5715
3937
6754
2687
10073
5330
6753
7684
5714
4377
6752
10071
3320
6751
2747
1572
2929
6749
10070
3479
2111
6750
6747
10069
4679
10068
2031
3100
6748
4223
10067
10063
4678
10064
5427
10065
1812
10066
2709
2733
2732
935
1481
4677
10062
1210
1606
4222
1354
1355
2289
7681
4283
7680
2097
10059
4562
10060
3088
6746
6745
4112
2830
6744
2178
2567
10057
3799
10058
2036
3505
10056
6741
2839
2130
1108
5873
5083
6743
6740
2301
3978
3827
3268
10753
2950
1333
10054
10055
6738
6739
3454
2843
4676
7679
3826
2250
6737
5283
202
1906
1559
946
538
10052
6732
6735
1436
6733
6734
6736
2277
10051
1615
1645
10049
10050
1353
2626
3334
2279
2308
5711
7678
2315
5357
6730
4310
10048
6731
10047
2416
6729
549
10045
6728
5712
7682
4491
1492
5495
10522
2521
10523
168
694
5710
7179
4675
1735
3167
10046
4674
7677
26
2535
6726
10042
10040
10043
10041
10044
3875
91
2841
2405
10039
3733
4405
6727
662
2547
83
3469
6723
1195
6724
1709
2931
6725
818
3562
721
4308
453
4967
1589
6718
2112
1511
6719
6720
6722
1873
6721
3094
2601
10038
5227
3284
5709
2221
5708
5707
5195
1706
10037
2806
3825
724
6717
6715
6716
10036
6714
7275
10035
2762
3202
1599
10033
3934
4255
5706
10034
949
3099
788
1351
10032
10031
10030
10029
3534
4560
841
7676
5705
7675
4420
2442
4311
4364
2424
1012
422
10028
3418
659
2251
4542
4027
10027
1682
2152
219
10025
4672
10026
1280
7674
5704
2103
10024
6713
2264
6712
4363
6711
3188
934
10016
833
6710
10021
10022
10023
3932
4154
4178
191
10020
3258
5036
712
10014
10015
10018
106
10017
3559
10854
3301
4340
517
10852
1849
1007
10853
10855
1352
4440
5703
3824
4453
6709
3594
5702
3649
1893
10013
2781
4436
873
3969
2527
936
10012
10011
3823
273
4671
4254
6707
7673
5486
7277
5055
4829
1494
10591
7669
7670
1731
3533
5391
1882
10007
6705
6704
10006
2995
10008
4128
3342
4611
6706
6703
5116
10004
10005
1753
2546
2371
1978
7671
3822
4544
3538
5287
118
6702
6701
7266
3967
2566
9994
9995
9996
9997
10001
10003
10002
9993
10000
9999
5309
9998
1098
9988
9987
9986
9985
9981
9991
9982
9983
9984
9992
9989
4682
9977
9978
3528
9979
5268
9980
3010
9976
6700
6699
9990
4670
5701
9975
9974
2604
4668
2624
872
6698
6697
7220
9971
9972
9973
4667
4669
6696
476
6695
5700
4498
7668
7666
7667
2860
1649
9970
6694
6865
9968
9967
6693
6692
9969
7665
1001
4399
6691
3582
921
3821
1875
1725
2210
6690
352
2530
2944
3356
7664
5698
7663
5699
3299
9966
3098
9965
6689
1536
4666
3942
1938
6688
1700
1433
3358
9964
5697
1858
4208
4665
5434
6687
1821
4362
1148
6686
3820
2565
7662
4578
2297
5696
7661
111
2163
1058
2910
1448
1632
3759
9961
9962
9963
4664
6685
754
4248
1583
5694
7660
5695
7659
2386
2201
465
3097
3602
2299
1749
9956
6684
9955
4189
165
9957
2265
4663
4403
3971
3756
1903
9960
9959
3512
9958
932
9954
2482
6880
9952
3221
4471
6682
3298
1836
3659
7658
5128
3803
4361
9953
7032
5808
7656
7657
9950
9951
448
9948
7156
9949
258
2909
3290
3606
4331
5693
931
4359
9944
2398
6681
2179
9947
9945
9946
4020
10537
2268
1057
4013
5067
9943
3392
9941
3990
6680
5691
2682
7653
5692
7654
4360
1163
7655
7311
7317
7313
7315
7314
7318
7316
7312
9942
6678
9940
4606
4662
6758
9938
4318
6679
6677
3095
9939
2494
5690
6676
705
9937
3119
6675
4214
5484
7652
2146
1831
2660
3391
3096
7739
4661
3200
497
635
9933
2000
4736
7651
5336
2313
5483
930
3434
4625
9936
905
7088
6674
1714
6673
1435
9927
2372
4488
6669
9931
774
6670
9925
9926
808
1859
891
9919
9921
572
9924
9932
2971
3604
9934
9935
9923
9922
9920
787
6667
3938
6668
9917
2623
3817
6823
9916
9918
4660
6666
5281
1732
5688
4659
2780
6665
5454
1157
2548
4621
2563
9915
5872
9912
3815
494
4978
9913
2805
9911
6664
4316
5167
2722
2323
1113
2523
3816
9909
9907
6659
9906
2611
2791
2963
1348
5687
3777
3814
9903
2533
3242
3059
4658
9902
6657
688
3796
9900
6655
6654
5686
7649
7650
9899
9898
6652
393
7648
7647
7646
4069
9897
4553
5685
6653
4434
670
3448
2428
3580
2091
9896
4055
9894
4455
2579
9895
6647
3042
2926
6646
6649
1378
6645
5080
6644
9893
3663
7645
7644
2951
2794
1396
3813
1862
5684
2550
2912
7274
9892
5277
9890
9889
4040
5683
1980
4526
7643
6643
1238
2376
1959
7642
5482
4358
3696
6641
3092
3303
9888
7640
7641
9887
17
6640
6639
5681
2413
6638
919
435
6637
9886
2764
6799
2069
7255
1223
2135
691
7639
4357
6636
6635
3529
3591
1760
866
3008
2603
4044
2816
6634
4656
1134
1874
9885
3581
591
4657
6633
262
3615
4618
7638
4438
1212
9884
1868
6632
3031
3635
9883
4153
1488
3583
6631
2488
9880
5430
623
9881
9882
6630
3483
6629
6627
6628
2260
7637
9879
6626
4247
1525
3300
369
824
1662
1839
1879
5680
7634
7635
7636
2240
870
3947
6624
9878
4256
5679
228
9877
709
844
481
668
7265
9876
6623
3944
6621
9873
4989
3046
6622
9875
9874
6570
9776
9775
9774
3160
4853
6620
2562
9872
7797
7795
7796
2450
5400
5871
7794
10873
10872
10871
4336
5494
5874
2451
947
10870
7197
10869
3282
9871
9870
3578
6619
909
1834
9869
6618
3654
9868
5192
9866
6617
4654
9867
9864
9865
7207
5163
6614
4207
6616
6615
9863
5452
5453
5678
9858
3526
3503
3058
3997
5266
9859
9860
6613
9857
3432
7633
1842
1669
9856
9854
3645
9855
9861
9862
10633
10632
9853
1832
2906
701
7241
6612
1870
3089
624
5102
9849
9850
4441
3530
3670
9851
9852
6609
6610
6611
5429
3811
9848
2760
573
6656
4949
3390
9838
4653
9836
372
4021
3650
6602
6603
3960
4673
9834
4652
6604
9833
410
6605
9830
3086
2609
9829
1347
4250
3988
1715
9828
1545
9827
9826
3987
9825
9824
6599
3809
6600
9823
3961
3212
4356
6598
1381
5381
1652
9822
5236
3891
1948
6597
2322
9820
3793
3502
5481
3386
9821
4946
1798
6596
9819
1063
2904
5451
10879
5676
1077
268
2397
4379
3209
9814
3083
6595
9811
9813
4753
9815
2654
6594
9817
9816
4770
9818
3964
3447
1952
2273
4886
10763
2312
9810
667
2192
3770
3361
7632
3377
3779
426
4651
9809
9807
9808
1180
6592
6591
9806
2889
1884
9805
6590
9804
3819
4532
4149
9800
9799
3807
9803
2923
2848
6589
3369
9802
9801
6588
308
6587
1961
9798
9797
9794
9796
9795
4390
1797
2320
4650
6586
2935
2245
4129
10756
10757
6585
10396
10398
5674
9793
1517
55
910
2559
7630
7629
1564
9791
1345
1892
912
9790
7013
6580
1718
2382
7631
7628
3446
5675
3671
2724
1998
7627
3271
9788
6579
2504
9787
1344
5673
2140
7626
5480
5672
3034
6577
5139
2617
201
5671
9785
5199
4649
10803
5377
2730
1573
10804
4158
7264
9786
4160
719
6576
5670
85
6575
9784
9783
6574
2100
9782
526
6573
9781
9780
4648
778
7625
2009
929
4952
1382
5002
3227
7622
7624
7623
5669
9778
9779
4926
3081
9777
4073
6572
1885
1343
9773
9772
6571
7621
1137
3576
9769
1209
3270
2378
4018
3411
5668
5318
9768
9767
6569
9766
3080
7280
4646
9764
9765
928
5667
9760
2558
9761
3599
6567
2553
6568
1008
1051
1362
6566
2606
776
1530
3802
7620
5666
5312
9759
9739
2247
4137
4297
3273
7619
2883
9758
7273
10812
7227
10811
5421
3246
4599
3451
1630
6564
9757
4095
5665
1096
9755
9754
9756
649
6563
865
5355
9753
6826
5015
2556
4937
4934
1651
2901
6562
9752
1960
7617
7618
7616
6560
926
782
9750
4645
9749
3116
9748
9747
2693
9745
9744
1204
1015
9746
939
9743
9740
9742
3801
9741
1035
7615
3078
5060
1974
4945
9737
4918
5000
4008
9738
1848
985
6559
4302
171
4249
3087
9735
5219
9736
895
5479
9732
5245
2970
9734
9733
4110
3887
7191
10321
6918
6919
301
2266
6558
9731
4442
655
5270
9730
5282
9729
2646
9728
5231
1155
6557
5130
9727
1754
6556
3539
9726
1092
1206
4787
9725
2969
9724
9723
6555
4089
5746
9722
3584
5272
9719
9720
9721
3974
1515
6554
9718
7350
2866
3766
3076
9717
1730
4354
5307
10755
5306
9713
9716
5661
9715
3191
9714
3139
2392
6553
6552
3367
9712
391
1829
541
10724
7177
10725
9711
1477
9708
9709
1680
9710
9707
1674
9706
9705
6963
10383
10808
4194
10805
10806
10807
9701
9700
9699
9704
9703
9702
3519
4884
2139
7612
609
5062
6551
4307
9697
9698
5354
399
1971
269
9694
1091
2782
9695
9696
4301
3467
785
3197
3409
5008
9693
6550
3315
9692
383
6548
4097
9690
9691
2173
6549
3266
3666
6547
3592
9689
2154
9688
2549
9687
6544
1846
5212
2388
9685
6545
9686
1156
4136
916
3797
6546
4902
4144
9684
6543
9680
6541
6542
9679
9678
3208
5660
7611
5659
5303
3643
9683
9682
9681
6538
1078
6540
6539
9676
6534
6535
2319
5005
5006
5004
4023
9677
3073
4492
6536
6537
2310
2164
1246
3593
6533
7610
2776
9675
2564
2426
182
2718
9674
2913
3774
798
9673
647
2509
4647
1568
950
9671
9672
1095
2229
9670
4932
6532
5502
5016
1505
6531
3627
4022
3455
7609
9661
3438
3994
3611
6529
4643
9666
9665
9663
9664
7279
6525
9660
2089
5399
9657
1855
9658
5658
6527
9662
6528
10248
5742
3847
3772
2278
9655
9653
9652
2075
9651
9649
9650
9654
9656
3286
2248
3664
2367
7608
2545
7607
714
3272
2305
5657
2945
5068
6524
5656
2964
6523
7606
3570
1028
164
1070
9648
9647
2311
6521
3792
9646
6519
6520
1631
5797
7740
4620
6518
9644
3836
1370
9645
2133
5655
3085
3930
3163
2395
6517
4995
4064
3368
5003
4467
9643
4345
6516
3093
1795
7605
1865
4355
5653
4432
2544
1342
3522
6513
4961
5825
9639
9640
9634
2903
5652
9635
9636
6512
370
9632
9633
2243
4968
981
9637
1907
2261
2962
2390
7604
5651
1701
5650
133
9630
9631
3621
3466
2324
4933
4931
6511
5201
3052
2618
9629
3998
6509
3437
9625
6510
9627
5070
9626
4642
9624
9623
9628
522
9617
6507
6508
9618
9619
5042
9616
5156
1622
3398
10822
9613
9612
9614
6506
9611
3532
2800
1575
9621
5649
9620
9622
3673
3644
6505
3482
4100
4641
5035
5076
9615
768
5334
2552
1121
6504
1076
898
3966
496
9642
7206
7244
9610
7603
4126
149
1211
5646
2802
660
4536
5647
4533
5648
7602
9609
5265
6503
4460
10720
3269
3077
5758
9608
9606
9607
6502
9604
6522
9605
2672
7219
5414
10802
1524
1835
7601
142
2712
6501
2875
9602
9603
9601
1090
5645
2961
9600
9599
2222
5456
7322
2233
2726
9598
9597
4523
4480
7600
7598
7599
7597
2540
6499
3343
1341
5097
925
3518
6498
2539
9596
3394
3541
4808
923
5643
3778
9595
9594
5179
6497
9593
1642
615
4244
6496
1824
9592
2034
3609
2455
9591
5644
703
6500
9590
5642
2108
2616
9589
6495
3066
6953
6494
3694
7596
5317
3400
9588
1780
6493
3794
3846
6492
6491
3244
6490
9585
9586
9587
507
2663
5090
9583
9584
4494
9582
9581
6489
5094
3375
3130
2538
3406
1528
9580
4888
4639
6488
2631
6487
9579
3118
2218
9577
4161
3374
3984
9578
2669
2369
2717
6486
2148
6485
4710
9576
9575
3166
9574
817
4887
9571
6601
9572
6484
9573
9570
2151
5641
9569
9567
3951
9568
2867
9564
9565
4431
9563
9562
9558
2040
9561
9560
9559
4046
9551
9547
9550
2077
6479
5091
4447
6481
9549
4637
9552
9548
6483
9557
1393
9556
6482
9555
6478
5117
2433
9543
9546
6480
9554
9553
3198
4478
4908
9544
9545
5056
4229
6477
9541
9542
6476
9540
4304
3679
6475
9537
9538
9539
4437
7594
5640
7595
9536
9535
5274
3977
3362
6474
9534
3556
9533
897
6473
6471
2629
6472
1954
9532
3064
6470
9531
4635
3192
9529
9528
5183
2272
9530
2676
2217
9527
9526
3698
3878
9525
3989
4655
9514
7349
9515
6469
9516
9523
9522
9517
9518
9521
9520
9519
2136
10818
10814
7278
10819
10813
10820
3395
10821
5426
10815
10816
10817
755
4343
4258
9513
9512
5137
9524
210
9507
7012
6467
9508
4535
9509
2859
6466
6465
9506
9510
6468
9511
7087
9505
3305
6464
1814
5639
6463
9504
9502
2123
9501
9503
1996
2870
9499
9500
4998
7309
7342
9497
5178
9498
2208
6462
9496
9495
9494
6461
4634
6460
6459
6607
3910
9493
9492
783
666
3626
9491
6458
6457
5096
3622
6456
4416
1578
9490
5174
4632
2532
9485
9487
9486
3444
3472
3378
9484
3079
9483
9482
6455
9481
3289
9488
9489
10671
4709
1340
5447
2729
9478
651
9479
5045
6453
9477
6454
2117
6452
9475
9476
341
5020
6451
6762
4574
1712
10076
1908
6761
5803
2105
3516
3457
6450
5446
9473
6449
9472
9474
5264
551
4973
9471
9470
9468
9467
9469
10777
10778
7208
9466
2555
3653
5510
3775
9465
9464
9462
922
9463
757
10213
9461
470
6447
9459
9460
6448
9458
9457
9454
6446
9455
9456
167
5636
3936
9453
3575
5635
6445
9452
9451
7195
1801
3274
2700
9448
9446
3785
5634
665
2060
9447
3408
4047
2577
6442
3787
4081
9443
9445
9444
6443
6444
9442
9441
3603
3828
509
6441
1086
6757
3122
9439
6755
6756
9440
281
4524
652
9438
9437
6440
9436
6439
4640
1296
7194
7193
781
6438
9435
2982
9434
5633
7591
9431
2656
6437
9432
9433
5632
7590
4511
6436
1803
3207
3445
7336
9430
9429
3165
4505
432
9428
1544
7589
3641
9427
9424
9426
5022
9425
4942
6435
6648
6608
9423
3060
6434
4145
956
6433
9420
7218
9421
9422
495
4519
7588
1026
7587
2878
9412
2784
3117
565
3415
5631
7222
777
1432
9411
6431
2607
4006
5629
7586
7584
7585
5630
4389
9408
3680
5108
6427
9407
9409
3877
6425
9405
6426
9406
9404
5628
6422
6423
9401
9403
9402
3069
4443
1900
9396
4268
1338
9394
9392
4201
6421
4633
3329
6419
1773
9391
5028
2695
1562
9390
1509
9388
1994
9389
3053
6420
4920
4559
1336
4628
552
4271
6418
9387
7583
3527
5798
7582
4508
9386
9385
9384
6417
5478
7581
5349
5627
7580
6424
7308
7307
10010
10009
917
1679
4525
6415
9382
6414
3201
9379
7578
7579
915
4448
5625
6408
9376
9377
9378
1738
3949
5624
6404
9374
9372
4630
658
9373
2537
6403
6406
6407
6405
9375
6402
9371
1411
4026
4449
4994
9370
3818
123
6401
4028
2432
2876
9369
7341
2153
2933
5623
9368
3789
5622
4683
6933
2054
4910
8960
9366
6400
9367
4346
4466
4597
1987
4196
3107
9352
3245
4131
2943
9365
7187
607
6393
6394
1349
1334
9362
9363
9364
10503
10504
10505
7046
7045
9361
5501
6392
9358
2429
9360
918
4981
6391
9359
9357
6389
6390
3946
9356
6387
6388
2766
4638
9355
9354
6386
5621
9353
5305
1170
9346
6382
9345
9344
9347
6383
3231
9349
9351
9350
6384
9348
6385
9342
9343
5041
2453
7693
2801
7692
7694
5177
6380
6381
9341
7577
4306
2020
4477
9340
7576
7575
2622
6379
9339
9338
6377
6378
646
5477
9337
5407
1577
9335
9336
5620
5187
5173
3952
4181
3199
3812
6376
883
4231
5093
2908
9331
4029
9330
9333
6375
9334
9332
6374
9329
2942
9328
9327
9326
9325
6373
4631
9324
4299
7574
1405
2620
9323
4627
3337
9322
9321
9320
7268
7573
6372
2004
4689
4549
3579
1084
9317
4962
3205
9318
9316
4521
4514
10078
10079
10077
7572
5619
1020
1864
323
9315
486
10187
6827
9314
4186
5144
3237
4894
7306
1171
3051
813
6371
483
6370
9313
5618
1331
3193
9311
9312
6369
6368
7571
9310
6367
9309
6642
5387
1539
9308
2813
9307
3981
6365
5061
6366
4024
9306
7570
9299
9304
4601
9305
2795
6364
7567
5616
5084
9298
366
3254
4766
6888
7569
7568
5617
2711
9297
9295
9296
4681
1877
6363
9294
7565
7566
2799
3291
2614
6362
9293
9292
9290
4909
9291
9289
1082
7564
2176
9288
5476
3808
9286
6360
6361
9287
4037
1329
3440
4513
7563
5333
9285
4954
2195
10053
7199
7198
3471
10848
10847
10846
10845
10844
10841
10840
10839
10823
10826
10842
10843
10838
10836
10835
10834
10833
10832
10831
10830
10829
7282
10828
10827
10825
10824
10837
2814
10775
10776
622
1081
6064
7562
9284
7561
7559
7560
2930
747
4344
5018
4518
1970
9283
2635
4737
775
7558
9282
1504
5615
3326
6661
9281
2336
5347
2190
6593
1548
9812
2561
6358
6359
9280
4965
9279
4971
6815
5730
10164
2670
4916
3607
10858
7340
10859
10857
2809
10856
10762
3542
3065
9278
5614
3597
4374
5613
765
9276
9277
5126
10754
1534
9275
10888
3295
5344
3318
4459
10893
5682
9891
9274
6357
9273
1079
9272
9271
2765
2637
3442
1181
9270
6355
6354
1328
3316
9269
9268
9267
9266
9265
9264
236
9263
7557
9262
5612
1327
9261
1856
4165
4636
2436
151
7556
9260
3692
9259
6351
5031
6350
1023
1586
4487
4209
4912
6948
6949
3985
2046
5611
7555
4644
9257
2087
3055
3632
9254
9255
6348
9256
4300
9253
1771
9251
9252
6347
9247
9250
9248
9249
2106
4629
1473
5039
1073
9245
7554
4484
7553
5338
9244
4921
9246
9240
3256
3070
9241
1326
6345
6344
9239
5408
603
5444
3332
3360
3414
955
9243
3464
1325
9905
6660
9908
6658
4516
1324
9230
9231
9232
9233
9234
6343
5316
9235
6340
4610
9901
4266
5260
5087
9225
6338
5145
9226
7335
5259
9223
9224
864
1840
4187
7549
914
10112
2978
7216
6336
2088
3195
9219
5442
5441
6335
4950
3238
9218
5610
9216
9217
4461
5120
2671
6334
4051
9215
4202
1346
4924
6333
285
5308
9214
3196
5609
9213
9212
9211
7225
4506
9210
9209
4930
5037
5026
9207
728
9208
5010
3082
3373
7240
9206
9205
9202
7239
9204
9203
3063
9201
690
8992
8993
5356
8995
8997
6105
9008
8998
6104
1671
992
8278
8262
4134
6072
594
7405
7396
7397
3164
5558
8299
1547
4593
2215
819
3416
4899
8191
5225
1808
6125
10849
5471
10851
10850
7267
7334
7333
6088
9006
9007
4569
2789
5582
4239
6090
2044
8983
5146
8982
8961
8467
2690
8962
8964
8965
4985
1074
6301
6328
4116
5587
8967
6218
3612
4349
8968
515
1830
8412
8402
7403
5472
8376
8969
8970
9762
9763
4977
3636
8971
8972
8973
8974
8414
8360
5053
8456
4042
8460
1022
4799
8452
6306
3154
10881
6071
8976
6299
5240
8431
8446
6297
8977
4000
8440
6077
6268
8978
3306
423
8417
6272
8979
3954
8980
6281
8981
6039
8337
4203
8229
4038
6291
5547
616
4454
729
8254
5553
7400
5554
10782
7234
7232
1142
3959
8910
8996
8187
8186
287
6046
8909
6231
4075
8210
8206
1592
8895
6229
4891
5757
4564
5121
6227
8309
8308
8835
4309
2063
8329
5418
8323
6054
4031
8836
8837
4834
3210
6055
8838
8839
8840
8277
9841
9840
9839
9843
9845
9842
9846
9844
9847
6058
8279
8415
1072
8841
8842
8267
8335
8317
5560
8301
1069
2328
8201
8204
7395
566
6059
7390
8844
8845
723
8847
9010
8848
8849
6318
1320
8851
720
8852
1041
8853
5319
2648
6319
6224
602
4587
2769
5088
4313
8854
8855
6222
8856
8833
543
7238
8831
8810
8811
8372
6061
2591
2958
4586
8813
8814
3317
8815
5540
8468
4499
8445
4012
853
7509
3380
3690
6057
8816
8817
4035
8818
4944
3970
7428
5529
1071
188
8819
1717
8259
911
7426
8820
3672
8821
8822
8823
130
4520
3233
8274
8824
1247
8825
8826
8827
8828
7422
7421
7420
8294
3975
6053
4278
828
3980
8829
6216
3459
4464
8857
2937
1531
2714
7417
8284
1451
6051
3222
8886
8887
4938
1319
2057
8888
8889
5531
6048
8265
5184
1317
6207
8891
8892
4468
8271
8272
6205
8893
3248
8894
8319
6044
8321
6043
6042
4988
8327
8328
8896
5027
8331
8332
4903
6041
10166
7411
5524
3461
7410
8907
2940
8897
4465
7476
3453
8307
6066
3979
190
6248
2953
1724
9641
6514
9638
5152
4183
6311
6303
4329
7409
6036
4004
4057
8200
5141
8203
900
3614
5522
8216
1702
6035
5176
894
8898
8899
8900
270
628
3347
6256
8901
8192
8193
8194
8195
4233
4483
5590
8902
3956
6253
8903
8904
6249
8905
8906
8884
6663
6662
9910
3608
8882
10444
5171
4943
1995
5066
4450
7378
8255
8239
4543
6070
4976
6246
5071
4905
4895
4958
6242
8860
2608
8236
8862
1576
544
8865
1315
9832
9831
8338
8458
8461
4045
8470
8473
8866
6323
6312
4510
7375
2770
7518
861
4539
5575
2728
8867
4591
5012
8868
8437
8438
3481
8439
8441
8442
6075
8870
2947
7382
4558
7351
8871
8424
5165
6234
8872
8429
758
7523
7524
7525
7526
1685
8482
5160
8479
8477
8474
1055
9566
2771
6087
8873
8874
8875
8876
8877
8878
6032
7371
2936
5761
7374
7381
7379
7380
2430
7366
5955
8359
5933
2630
903
5932
4567
8880
7715
5756
3713
5588
5931
4039
5473
973
3336
7259
9413
9414
9419
9417
9415
9418
9416
8343
1705
8344
4267
8346
3660
7534
2610
5420
10061
8908
9009
6239
8808
5583
9011
2812
9145
4451
6324
9410
4917
6240
5124
6241
3206
5302
9148
9149
2021
9150
8405
5929
5662
7614
5664
5663
7613
5085
5927
5926
3625
4206
1571
7536
8392
8378
8380
8382
8383
588
4462
5574
6243
9152
8387
8388
7272
5525
5526
7190
5577
9153
9154
4077
4964
1723
7882
7883
7884
7885
5530
6247
7439
7436
5538
586
4219
7887
5924
7889
7890
7891
2615
4522
5923
9162
9163
3986
7895
7896
5332
7898
9166
9167
431
1986
6250
4061
6251
10072
9120
9121
3620
7866
7857
3962
7855
5175
3214
7858
9123
5598
1038
7861
5922
1312
9125
9126
6254
9128
9130
5475
9131
9132
9133
9134
5159
3235
6255
9136
5047
6257
9138
7153
9139
10167
7903
7904
7905
6258
9140
5608
6259
3338
7935
4991
7936
893
9168
234
9169
9189
9171
9187
9188
6260
9191
2099
3628
5597
4947
6583
4351
7946
7947
9196
9193
6261
9184
5934
9183
4956
7951
760
7930
9185
6262
9181
9186
9195
9192
2948
9177
6263
3218
7908
9172
845
9904
3012
166
9182
9175
2420
3661
7916
7917
7918
3213
5937
1310
9176
9179
9180
9200
3605
6033
7925
9199
9198
1309
1567
6232
4125
2196
7815
7814
7812
4166
5953
4919
7805
143
6625
9395
5448
7433
1308
2639
7822
2638
5224
9173
5952
4984
9118
7842
5127
5950
5419
5342
2086
7833
7832
5949
5188
3240
7683
5713
7824
7850
7807
1046
6202
6203
3631
5564
7830
7854
5947
7834
4997
7837
689
7840
5954
4960
884
9038
9039
5064
9040
9041
6204
5607
9042
9043
4472
7847
7848
10787
3322
10788
10789
10790
1389
4548
7482
5606
3669
5946
5944
7811
6206
4314
4325
5943
2115
7819
7950
901
8177
7955
5148
1067
3667
6349
2739
6209
5600
8097
8098
8099
8100
881
4951
8102
4005
5942
5941
9051
6211
6304
6313
5226
8109
8110
8111
8112
8113
8114
8115
9052
9053
5136
9054
9055
4996
1205
5140
9056
5211
9057
9058
9059
9060
6212
4538
8068
8069
2977
6213
5940
8073
8074
8075
5591
9037
9036
9035
6215
9022
3215
8077
3655
8078
8080
5939
4495
2175
3651
4082
6330
6329
8081
3972
8083
8084
8085
5938
8087
7503
8089
5918
8091
8093
5917
5916
8122
8123
8152
5034
8153
5897
8155
8156
5244
8158
5546
854
4198
5074
4234
1304
6266
5161
1722
5895
5193
8167
8168
1059
5894
8171
5585
7504
4970
965
9220
9221
6337
10760
10761
7205
10759
2431
847
5892
8149
5890
8124
4512
5889
2946
8125
5578
7469
2740
5555
2092
8130
7458
5154
3229
2454
9019
8133
8134
3216
4056
5888
5001
9020
6223
9021
9023
3382
951
8137
5100
5886
766
8141
5533
7457
3616
4581
4540
2636
5885
851
1066
8147
8067
5044
8066
3224
9026
6515
5654
6565
5884
7985
2613
7987
2949
5557
7989
9030
9031
7990
9032
4517
9033
7994
5883
5882
7996
9061
892
9063
9064
1302
2331
5129
1459
7998
7999
5552
1065
5343
5011
6582
3346
6226
9093
2612
9117
8002
8003
5898
885
5119
9095
9096
6228
8006
5915
5899
6314
5182
6300
9099
7983
7995
3319
6288
7956
7957
5913
4509
7959
2029
5209
6293
7961
4974
9102
9103
9104
5170
9105
2959
5196
9106
3345
6298
5543
7377
2144
5382
5337
9108
9109
4025
2768
7972
4959
7358
7406
6273
9111
4272
9112
5445
1301
9113
9114
5393
4528
4322
9302
9303
5106
7231
9300
9301
5567
9115
8040
3417
9090
8041
546
5072
4218
6275
3381
9088
9065
562
5596
7481
7507
5595
596
3219
8050
4009
9066
9067
9068
9069
9070
8056
4530
9071
6277
3656
5134
6279
5592
7501
2321
4001
5019
5910
8051
5109
6683
6906
5507
9075
6302
8014
8015
5909
5908
4070
5565
5907
6269
9076
3676
4052
4184
697
8022
8024
9077
9078
9079
7489
1384
7488
5104
2102
5517
1064
5149
9080
4992
5906
9081
5512
9082
3385
4317
7486
5905
5101
4019
9084
5237
5904
8031
8032
2159
6346
9242
9085
9086
9087
8035
1593
3714
5032
4482
8533
8534
4050
8034
4041
392
5903
6412
3252
8545
6296
3646
10175
10174
8020
1335
8520
8529
5902
4966
645
8054
5900
1300
5162
5945
5304
5956
8011
8010
7981
4993
8582
7979
4608
4253
7790
3639
6022
8592
8593
8575
8563
8556
8558
8559
3699
8573
8566
5428
1299
6289
5383
6285
5033
8504
8493
8503
8008
10786
2022
5367
5370
7294
7290
4546
7988
4043
2174
5534
8732
8734
8741
6278
8743
5345
5346
8175
8704
8705
5189
8707
4204
8597
5509
8792
6280
5386
8795
2965
1297
8804
8805
6295
8781
10877
5385
8780
8759
4088
2232
6270
6010
6294
8703
8702
1549
8626
8627
8628
8630
8631
6339
6428
4127
8644
6199
7437
6009
7801
7808
8601
7446
7449
7922
1295
3262
7920
1060
10106
6781
4352
1294
8612
2207
6098
8615
7247
7906
6008
6007
8618
6096
6095
8620
8649
4501
7941
7940
6094
5082
8681
7453
7455
4323
6005
7873
7872
4016
7869
4034
7877
7867
7865
2642
8696
3463
1817
5580
3688
3634
10809
3388
1619
10810
896
1774
6089
8659
7899
5063
5021
8663
8664
2981
8666
8667
5239
7440
1293
3703
8178
4197
8665
2633
4090
6002
8397
2078
5384
8655
8654
4280
6083
8353
8342
6102
5017
10307
5759
4353
10306
5515
3363
7372
7370
4048
8678
8677
8463
8465
8478
5999
1292
5998
1291
5255
6127
8436
5997
8480
5996
5075
7516
5571
8233
8623
6119
6116
8624
8638
6112
7364
7363
7354
8634
6106
6011
4561
8198
8199
6416
5314
9383
8763
6103
8761
8767
8782
5023
3225
8799
8798
8790
8276
8289
8288
9792
6584
6581
8753
5132
8724
8722
8720
5142
10768
10767
4157
3297
7226
4490
6012
4547
5432
3652
3695
1590
6013
8750
8748
8742
6107
8347
8738
8350
8351
8375
4167
5388
5389
2438
487
9258
3470
4033
6108
5024
4999
5030
6014
8492
6109
8507
8486
8572
6110
8570
8295
8291
2333
8568
6305
5025
6352
6353
1305
6309
4072
6030
209
1290
8579
8578
6113
7310
1596
5450
3366
1794
5569
7487
5568
5566
1783
1784
959
6029
6028
8551
7209
5603
6114
6117
6118
8462
9789
6578
2641
8518
4210
6120
6027
4059
8430
8234
8225
6026
5123
5440
8241
7552
7551
7550
8561
8562
8564
8494
8182
6025
5539
1913
8366
7387
7386
6122
6123
6124
8384
1289
4054
8180
6024
8349
8739
8746
8747
8751
6650
6031
1321
8714
4596
3228
10882
8712
4036
8726
3330
4330
5716
7465
7466
5203
8263
4493
7346
5536
5103
6021
8282
4572
6126
8800
8801
6020
8326
5537
8762
4507
8316
8205
8775
8777
8778
8701
8700
8181
8184
2276
8207
8217
8242
8243
654
8637
8640
8641
8645
8646
6129
8226
8235
8602
8604
5180
8611
3458
6128
6100
5353
5521
8469
5215
8679
5194
8682
6079
2727
5405
8684
5513
6080
5069
2094
7353
7356
1287
1288
8661
6084
7412
5519
6099
6086
6091
6093
8670
4604
4132
6317
9835
3255
3365
4060
5122
6097
1306
5599
4155
7529
4570
7527
7540
7521
6018
6017
7880
6115
8674
6016
2704
7864
5252
2668
6015
809
7547
4496
5474
7473
7472
5995
5994
6131
6166
6167
8606
8603
7856
7809
5993
7806
7820
7853
4328
7445
5556
2803
7839
254
7849
10895
6168
10886
4324
7444
5545
6169
3260
4053
8708
5972
8752
6170
6171
10883
6173
8745
10880
4067
5971
3239
8146
8754
8009
3348
1286
5626
3465
3674
7992
7993
4579
8502
6174
5579
8500
8484
6175
8571
8569
6176
890
7963
7980
8576
599
6332
6331
6177
8591
7228
3657
7384
3397
5970
5969
6179
8584
6356
5968
4063
5967
5395
8527
1285
8047
8049
9480
7301
7288
7295
4281
7407
7394
5966
8522
8039
8023
8018
6181
8517
7348
6196
4180
8515
8514
8513
8531
5348
988
8550
8549
8025
8027
7286
5965
8030
1284
5559
7361
4169
8536
8532
5155
2098
6182
6183
8524
8553
5551
4551
10019
6769
8007
5118
8506
10896
1283
8632
5573
6185
7926
5223
8616
6526
7939
5542
9751
6561
5086
5263
6186
5506
7548
7541
7543
7544
5437
5436
4235
2737
9837
6606
7362
7360
4327
5964
8345
8357
4565
8691
4529
8369
4275
6189
3323
8224
8208
4550
8770
5963
8283
2741
8264
5962
8716
6190
6191
8727
6192
8485
6193
8491
5505
6651
5235
8464
8352
8399
7672
5485
7210
8546
6194
6195
8583
3349
8594
8555
5078
8260
8275
8293
5532
8505
6180
6164
1815
8253
10095
9393
8297
7292
8725
1281
6146
2554
5351
5352
1282
8764
1048
8185
8219
8238
7695
7696
8605
7299
4140
4348
8471
8453
2632
8358
8361
8364
10864
10865
10866
10867
10868
6132
8660
6133
7878
7862
5247
7432
7927
7914
8599
5960
7846
5959
7845
7821
7802
7953
8079
5390
3383
8092
8121
8721
8709
8729
5958
8128
5973
8598
8065
6136
8490
4066
2051
8585
8574
7480
7505
7496
1279
8544
8542
8730
8535
8540
6137
5198
5374
7431
7352
7528
3339
4556
2216
4087
6138
8116
5340
6671
6307
6308
8643
8621
8697
1278
7859
8652
5586
5975
8339
8413
5992
8613
8607
8600
8633
5157
8758
8757
8797
7418
7385
7388
4123
5976
8521
6141
4588
5576
722
7493
2703
7868
3697
7593
8131
5991
5990
8179
7408
7424
7419
8587
8590
4555
650
7991
8145
8163
8636
5584
8635
8609
7442
1933
5528
7448
7434
7454
6142
2198
8472
5257
5238
8222
3253
8246
8244
7217
5325
5520
5406
5230
8755
1053
3700
6143
6144
3685
7392
3689
1052
8296
8258
8211
5989
6147
8539
8807
5523
5125
8459
8466
7490
7492
8525
3677
8554
3292
8588
8589
5202
3682
4589
4590
6162
8731
5988
2090
8408
1049
5987
8188
5213
5986
5153
6148
6149
6150
6322
6325
8324
8333
8306
5985
6151
10860
10861
1198
7345
10862
7347
4252
10863
7344
7343
8448
7367
189
4065
8687
8688
5341
8676
3691
6153
8396
8400
4237
8409
1050
5984
6154
8675
7860
7871
8690
5594
7931
5443
7296
2634
7912
7919
1277
954
800
7214
5983
7835
7844
5982
7852
7803
7810
7813
8774
6156
8766
5131
7460
5548
6157
1276
4101
8718
9659
8154
8159
5981
3384
1275
8713
6708
4200
8728
6158
5438
8737
8733
7517
5570
3379
10878
5980
8000
6159
5200
8004
5979
5978
7968
10898
5977
10874
6161
7212
4575
5254
8038
5589
8547
8543
8538
8537
761
5878
5879
8595
6160
9771
9770
5135
6530
9669
9668
9667
8771
6152
8557
5133
8483
2188
8001
4199
8698
10885
9450
9449
8368
5961
8426
756
8580
8565
8744
8127
8103
5974
8699
8647
8298
8214
7485
6111
4537
5114
8692
8694
6085
8656
8653
8610
8625
4079
8802
1274
8497
8511
8519
8809
4091
5439
7285
7303
1273
9062
9028
9027
9017
9016
9015
9014
6208
9046
9045
9044
6672
7511
9928
5689
9929
9930
9178
6395
6233
9194
5392
7246
6252
9119
4092
4151
7537
6238
6237
8879
8257
2683
8864
8863
8861
5516
5232
8883
6201
6040
8281
3693
6056
4238
1271
745
6063
8850
8846
8843
10779
10780
1140
7230
6287
8975
6284
5376
6068
8220
10764
5511
10765
6430
6429
4603
7462
7463
1270
8209
4566
8930
8929
8919
8916
6178
10894
6049
10892
7932
7933
7477
7471
7470
1042
6410
8914
8913
7949
6188
6134
1044
8955
2956
6135
8954
8953
7823
7804
7817
7818
9319
9397
9398
9399
9400
8117
8119
8952
8094
6065
5396
888
8088
8157
8162
5294
8950
6074
8174
8176
6139
4554
6145
8005
4071
7977
8045
5181
8046
8936
8937
8945
8055
1045
8476
8451
6413
8927
8421
8218
1269
7491
6219
6200
8248
8189
8228
8362
8166
1047
4277
2738
6225
7443
5550
7365
8318
8443
8433
7886
4098
7945
7976
8948
8946
7816
1268
8938
8942
8943
8956
8935
8957
8932
6396
5218
6121
8911
8912
8921
8991
2095
8963
8966
8033
8026
7958
7997
6140
8999
3267
5364
3324
8395
5877
8256
5250
8949
7291
9170
5204
6197
5593
6290
8915
8918
8373
8070
8172
4138
9000
5518
8994
4085
8990
1266
1014
6221
4563
5273
8986
8958
8933
8931
8928
8924
5732
8923
8920
2230
7450
7425
7399
6409
1265
8944
8053
8042
1264
7978
5549
7974
2662
7229
8939
8940
8941
4584
8947
5208
8951
7843
7494
2804
7261
975
10797
7260
6047
7924
7923
7944
1141
4576
5242
5365
4156
7938
7902
7888
8917
8922
5169
6163
8925
8926
8416
6062
8215
8212
8959
8987
8988
8989
9001
9002
9003
9004
9005
8985
8984
6092
8411
1263
8385
8381
6078
8341
8454
7215
5322
6073
8447
6037
6271
8420
8232
8230
8221
8247
6045
8183
9222
5191
6397
6399
6398
8310
7398
4326
5562
5563
7393
7391
8348
8404
6067
4557
8834
8812
7251
7254
5339
4577
8450
6060
8223
8196
8197
8213
8313
6217
5158
6034
8287
8285
8231
8830
8832
8858
6052
5366
1267
8859
8885
2640
6050
8292
3257
5251
4170
5604
8890
5253
6210
8269
7414
8273
8320
8322
5527
8330
8334
8303
6214
1043
8305
8315
6038
8314
8237
7510
7512
7546
7545
5216
8249
8250
8251
8252
1261
7539
7538
7513
7514
5210
8881
7233
5323
5324
10791
10792
10793
10794
8432
8434
8435
6069
6236
10772
10774
10773
10769
10771
10770
10202
10201
8869
6327
5234
3022
7369
6076
1260
1040
8428
6130
7293
7302
8457
6235
8365
8370
5930
7532
7533
7535
9094
9146
9147
8401
5221
8410
5928
9151
7211
7305
5449
882
6244
6245
7881
5925
9155
9156
9157
1259
9158
9159
9160
10371
7250
7893
9161
6264
9164
9144
7900
4595
1258
9143
9142
1257
9129
9122
5368
4185
5369
9124
9127
9141
9135
9137
5921
7522
7934
5920
7937
5919
7943
7298
7304
5935
7929
7910
5936
7911
7915
9229
9228
9227
7438
7289
9197
7928
4099
9190
9174
5190
1039
1587
5951
7841
7838
9165
9116
5948
7828
7592
5638
5637
9089
10897
10890
7827
7829
6862
6861
10241
7851
10887
9047
9048
9049
9050
7495
7497
7498
8104
8105
8106
8108
8120
8095
8107
8071
8072
5222
6230
2643
9012
9013
8082
8086
8090
8160
8161
1256
3039
8164
8165
8170
5893
10884
6220
9018
8150
5891
8129
8132
8136
5470
7451
7456
7441
1255
8148
5887
8138
8139
8140
8143
8144
10752
10751
9034
9024
9025
9029
625
5880
5881
4585
5896
6316
6315
5197
5205
9092
7368
7373
3259
9097
9098
6265
5914
7982
7967
9100
9101
7960
7962
7964
7965
7966
4240
9107
7969
5912
7970
9110
6274
9091
8037
8043
8044
7427
8048
8052
8057
8059
5911
8060
8061
8062
9072
6282
6276
9073
9074
8013
8016
8017
8019
8021
8036
8029
9083
6283
8934
8548
8012
8063
5901
1254
8058
8064
8528
6286
8596
6267
8581
5601
7506
8510
8552
8489
7459
8499
206
7531
4582
7435
3261
8173
8169
10875
8786
8794
8076
7954
8118
5957
6341
8769
8772
8776
6292
7248
7249
7836
7921
7300
7909
6172
7952
5214
7948
8650
6006
7875
7874
7870
6342
7879
7901
6004
8658
1253
7519
7520
5572
6003
8672
6198
8673
8662
10876
8355
6001
6000
8695
8693
8363
9236
9238
9237
8444
7376
5514
5541
8240
8311
8302
8270
8266
5535
7464
7461
7479
6101
5241
8711
8710
5249
8736
8735
8508
8371
8367
7389
8488
8280
7500
8567
8560
8304
8202
8577
8523
8512
8356
8354
8374
8398
5602
8526
8530
8487
6320
8475
8403
8495
8407
8386
8190
6023
1252
6411
9381
9380
8717
8719
9914
8788
8793
8760
8422
8418
5233
8427
8449
233
8683
8685
8686
5605
6082
6081
8669
8671
7447
8389
8390
8290
6019
7894
7897
5373
5371
5372
7863
7876
7475
7474
7468
8622
8619
8608
8642
8803
8791
8787
8715
5544
8151
8126
8142
7984
7986
8498
8496
8501
7430
7355
7971
7973
7975
7413
7416
5581
7429
7423
7401
8028
5561
7404
8541
8516
7253
7252
6184
8135
8101
7831
8639
7907
8680
7892
8668
6187
8651
8455
8481
8261
8268
8312
8377
8423
1251
7452
7402
8586
6165
2991
10783
10784
10785
6310
5248
1250
8806
7415
7383
7357
7359
7297
7287
7284
8785
8740
7530
7478
7484
7542
8749
8706
8784
8789
8796
8096
7826
8657
8614
5350
8419
8425
8340
7467
7483
7515
3264
7825
7913
7942
8393
8336
8227
8325
8245
8300
7213
7499
7502
7508
8379
8286
6321
6326
8723
8756
8783
8768
8779
8773
3265
8406
8394
8391
8509
8689
8648
8617
6155
10891
8629
8765
1249
4236
3179
3182
3183
3184
3178
3174
3169
3168
3173
3186
3176
3171
3185
3181
3180
3177
3175
3172
3170
3187
