1810
4151
1566
2638
68
1968
1555
2966
7818
450
3337
966
5889
1000
4527
3896
1508
2868
1004
3880
2683
7817
2632
3768
7814
1729
1773
3257
7813
5447
191
934
7812
202
2417
1217
3607
4091
3681
2288
3235
3237
3720
7819
417
2116
1472
5887
1425
7816
943
4396
1093
2507
2125
3536
7828
1967
505
5891
7825
3056
7824
5079
7820
1462
811
707
5890
408
5086
446
5045
2766
1438
1098
2934
940
5082
339
4095
2055
7815
763
4087
2018
2020
368
5080
1167
524
1799
400
671
638
5892
7821
2618
1482
26
3668
2699
99
3273
7826
2745
384
1460
3605
3608
616
7362
5522
5480
288
2326
7361
1317
160
7823
799
208
4560
5078
1339
257
5894
9
287
135
226
51
184
150
696
7829
2506
635
2440
5448
294
1902
4114
3310
7811
3193
59
31
327
91
2381
1082
3826
7830
5074
447
7822
2433
5893
1522
5087
198
1819
7827
2019
11
5524
95
122
2707
372
10
3242
5091
403
1112
1122
462
823
7363
1196
5528
1116
1912
944
67
530
948
7845
1554
394
3897
925
3208
4914
3085
5085
5895
2973
1216
106
5084
490
3086
1909
52
2056
7833
3347
2570
7842
3609
7835
1723
5067
5527
2666
343
7834
5083
44
1850
2011
539
1935
1809
3199
5525
3455
2767
2110
7840
736
1898
1650
5523
2827
589
1609
837
1827
397
5526
1474
1153
1189
2897
3435
2899
1928
185
5098
1006
7832
2898
7844
2443
3171
3211
7837
65
4
1310
12
3190
345
472
282
4072
5896
474
7836
3239
2619
5095
667
3234
1998
5897
4988
3580
3904
939
7843
4563
4492
3665
4565
283
3686
331
3345
2614
1639
5898
5089
133
7838
3902
5088
5905
1487
2448
3263
4084
5090
5092
2508
1207
924
2805
686
7831
2769
406
979
2763
2768
5449
442
2339
5433
2155
215
5341
1126
187
1940
1120
28
242
10776
1805
2895
5901
423
7851
4173
4638
3903
275
7847
958
210
71
13
201
219
47
4330
415
4066
5904
5908
579
4380
1344
7848
5907
4080
2201
4185
5481
5482
3649
2442
7364
1618
7850
3635
5529
2587
3344
3187
584
1489
3454
5902
87
1005
5101
253
385
4198
4081
1737
4564
7347
1021
3396
618
3452
1638
501
2512
2437
570
147
7849
836
3377
3088
1233
2649
5914
110
7866
3
23
2373
5
500
41
3087
7868
5097
2289
5909
5096
5918
4123
3241
1989
3853
1179
7867
3303
5917
3906
1190
520
1715
2256
1376
7853
5103
1235
204
3898
3179
1030
7862
3315
181
1735
4929
7854
1426
5906
7200
4064
2659
7855
8
639
1718
348
5915
5916
315
5530
4256
7861
2057
5930
7864
525
1776
2790
1447
356
7859
7857
4024
5099
3899
3900
2900
1588
2511
3901
66
3466
3524
5911
5100
1969
1106
2573
5913
4244
984
3362
2509
1792
49
7858
807
2602
2123
369
4814
2169
2014
3504
243
3773
5534
3907
5920
3367
4568
317
5102
7860
676
2303
1399
3395
7863
146
416
5934
4951
5922
7871
3905
3304
5925
7876
5929
5931
3696
4074
582
5411
7873
1714
249
3614
1601
7875
715
5927
1620
1028
1535
1672
1336
5532
2400
1401
5533
5919
2971
7879
4761
7880
2215
5535
237
693
158
7878
527
76
48
218
62
989
1174
5439
1583
5936
2128
7877
1323
1437
2515
5937
2514
1772
1340
1176
5924
1726
7874
3232
2902
3786
2078
3012
482
712
3201
2513
1407
4539
380
7870
1194
4567
1517
4032
3582
2132
1202
7872
1740
5938
1118
4275
5104
1523
455
978
1939
2901
3292
4569
729
960
4075
1433
108
2968
1514
2574
38
5003
167
1412
7804
587
2415
2964
1362
867
188
2643
383
1752
609
572
309
7889
519
1783
162
743
1513
7888
2058
2090
750
7885
7884
2969
2175
2445
1670
532
7886
1591
93
1781
3410
5450
5939
125
2623
5932
1152
4805
1484
498
4987
346
5106
1491
1431
5537
7883
3908
4331
2233
1230
254
3657
4202
5536
3670
1872
182
335
54
90
248
175
29
481
1228
2423
1404
7882
2398
5935
5933
7892
1762
1224
2216
4666
4989
349
7869
7881
2588
2500
2402
382
2160
2083
3612
1962
4942
1421
1688
7897
7890
619
1851
2631
2869
437
203
1154
7891
2321
4090
5940
2903
155
620
4386
5107
2258
7894
7896
4109
1993
7893
990
814
1238
5035
528
466
4345
862
2277
63
578
16
2633
88
378
7895
3615
7366
7367
4570
381
5538
2304
5941
7901
2823
7905
5111
7900
252
2921
5942
560
4197
163
2208
1653
1641
2241
2680
5539
1800
78
674
389
1486
5541
5542
4333
983
5442
1666
401
7902
5947
4948
4536
2943
3255
5112
22
7898
3910
298
7899
7903
7904
127
5093
5028
5540
670
390
4140
1811
3397
4499
4035
3680
7909
1790
677
336
1461
5037
2622
1377
3616
665
2665
3884
5345
5453
7294
1599
3346
4287
3655
969
1085
1631
2967
1500
935
1478
5945
7912
3646
156
4572
5507
1550
2444
751
3911
43
7911
3090
355
2655
5339
7240
601
2650
5340
7232
4153
4152
1559
10789
7241
1828
5338
1934
2800
2145
3429
83
3602
3478
2712
302
3219
569
5946
2332
5114
5546
839
876
4912
480
1727
2764
7906
2312
637
3799
567
1736
2582
2005
4571
7910
5944
4884
7908
2516
1180
1373
4094
610
5943
1903
2920
3912
39
2634
5108
1450
1779
1492
161
1413
7920
324
3189
1612
2970
3654
895
2254
7923
79
1516
1223
2361
563
5545
5547
1730
3176
7922
3415
5109
2250
250
7918
2617
247
7916
3446
2435
1322
835
4100
7368
3453
119
4170
4573
964
5543
830
443
1722
593
4242
4332
2314
14
1445
140
445
266
15
33
19
5120
7292
1521
165
5952
7924
858
5958
2379
7915
5951
2093
7925
703
2138
600
425
5957
2001
672
5956
742
4086
5113
553
554
1397
5948
4065
5063
347
234
1843
7907
1480
1605
440
2762
7913
5118
5115
464
5954
5949
5110
7914
2319
320
7917
538
5953
1518
604
7919
5959
1388
5116
2439
5960
961
117
7921
3913
784
0
24
1
571
142
5961
1435
3156
523
3727
7930
5117
7372
2425
7371
1596
3481
7374
1236
1634
2685
1654
7929
1716
269
859
4089
7926
4021
4033
2958
3915
2519
2183
678
1532
1034
101
7295
337
7369
4575
7373
5548
7370
861
3513
1917
793
583
5549
1503
4574
1655
1865
718
3618
2688
2704
5962
405
2608
73
942
1368
5414
10809
4192
7273
4191
10808
3305
4168
7253
5412
7252
2705
10810
5385
7272
2225
4193
3331
1806
5413
10811
3916
223
2645
143
2341
1925
2129
7935
4085
7932
3617
168
1981
4160
5122
303
669
2331
2017
3682
1574
7934
7936
7937
34
364
2059
2962
1777
1615
7931
2333
1493
7933
5551
803
144
4059
2905
2290
5963
7938
2517
2305
5121
311
89
5964
1092
7942
1771
2904
4344
7941
1229
7940
404
3685
6
2426
7939
5053
1733
1195
4092
749
7375
794
7376
5550
1701
1133
4880
5973
5969
5965
1808
197
1994
3673
7950
3917
3172
1498
4514
3181
2629
3619
2957
533
1193
1604
1374
1611
3451
2728
4576
7949
5123
2518
805
5974
3707
2628
782
7951
5972
1929
96
2607
5971
3373
1569
7946
2246
136
7943
3091
439
795
5970
574
3032
5968
3092
4787
3180
2742
2214
4149
7256
7258
1537
7257
3285
2673
4201
7221
551
1528
1372
2009
32
3567
7377
7379
4334
7378
2096
7945
5967
4796
7947
5975
733
1614
4019
5126
7944
465
4535
7948
5966
4067
1456
3919
1214
5125
1848
2126
1367
3093
5124
3684
2817
681
2741
2013
2937
4037
354
3217
396
103
370
1159
5979
433
2165
7955
796
7952
4199
4348
1947
5976
1775
5127
1594
5511
463
1526
1561
7954
2719
982
7953
714
5552
5557
5555
5554
3674
1231
2696
7383
170
5132
7956
1635
7960
5978
2329
7384
5407
280
5560
1785
2004
2327
7957
7964
3506
2520
5558
2922
4098
2894
5556
7203
7382
7965
615
7966
3482
868
2268
7961
5135
5977
7962
1533
7959
3683
7958
1127
4577
4578
124
2845
1408
1904
5561
4579
4136
2595
2131
4165
293
1192
3340
483
1165
7963
2708
4194
547
1490
3920
2642
7967
1390
5986
2686
1742
3825
2640
4322
2008
1658
1916
7386
1875
2421
7385
1907
7389
7387
7388
2811
456
1617
5129
5130
5133
5559
5983
5982
4647
2521
3095
675
3866
7968
4927
1560
58
5981
3209
536
5323
2808
4068
5563
5984
7979
5985
2127
2944
1188
3204
1519
914
3094
1683
1579
3887
3221
7978
7977
316
4063
7976
558
5987
3921
3096
395
7980
3258
7974
365
4582
5134
5988
5991
3676
5993
7973
4446
3099
205
180
118
557
7975
123
7971
5128
2441
7970
7969
1083
4347
3173
3018
3223
7992
4764
7990
2941
3620
4546
5992
7988
3230
1110
109
230
121
350
5562
700
246
56
70
2
40
1033
7987
7981
3927
7986
5994
5026
3689
4406
840
1630
2374
407
37
377
176
5995
2130
4495
5990
2926
7989
3097
4633
744
4583
4709
4363
5139
7982
641
5999
789
430
5998
7983
402
1348
7984
7985
3923
241
1637
3583
2604
1440
2824
5071
2806
7993
3205
2601
3924
7991
2060
1318
8001
626
5444
3863
53
3925
1541
5137
6000
1791
2802
748
1221
1765
5141
3098
3926
1992
3103
875
338
7995
240
7997
7999
5136
4580
5997
5138
3922
8003
1446
1738
3214
3577
3192
857
4131
444
957
1542
84
1563
5145
2578
1665
8002
4581
8000
3222
4584
8005
3842
962
559
7998
7996
7994
414
8004
1844
2193
2338
104
2639
459
3220
5566
5564
1164
1149
1728
375
655
6005
2015
351
8016
6003
1778
8009
3766
2207
4731
2562
8010
3182
4010
3534
6004
8006
3227
6002
1347
6010
2974
4046
4474
2100
8011
3929
8012
7281
516
2858
221
485
1471
8013
6001
3210
3398
3930
8014
461
3302
2668
216
3301
2384
682
6009
1232
441
1774
2291
6008
2610
1124
2961
1546
617
7390
5565
2161
1168
1745
1403
3231
936
8007
8015
8008
6013
2992
2427
1905
308
5056
706
1862
5148
2522
873
5144
8022
2322
318
2889
8024
6006
1027
8020
4040
3102
2016
2170
6007
5147
2403
699
577
2158
4496
8019
277
1143
1131
2725
869
1628
6012
3101
306
410
6011
2596
5140
4078
5142
5996
1411
3690
1881
1951
473
2390
4585
7391
4429
2798
585
4310
981
767
3931
2481
4634
1479
8017
5570
1936
1186
1982
5143
1499
8025
4534
6016
2253
1385
5012
1818
752
487
5149
2871
5569
4911
8018
581
4758
2106
3622
5434
8023
2141
4128
1867
3565
7392
128
1439
5572
3508
2906
5146
1990
2243
5062
8039
2012
2213
2932
5154
4680
2120
683
2488
3311
5568
81
2841
3621
692
5571
1102
4069
2652
151
6015
8028
4124
1239
232
8031
3228
2292
786
8030
8036
8038
8040
8032
8033
2335
8034
6014
8037
606
695
7393
1166
7394
4708
8029
797
4077
2450
2168
6018
6020
3839
3623
4079
1984
333
8035
2577
2006
265
314
8050
1488
8046
3889
679
1927
3841
8043
3104
1813
4335
4326
225
838
8049
821
21
1449
2457
1103
8047
1369
6021
1741
2362
5151
292
2089
139
2363
299
6019
3106
6030
1341
2401
8044
72
6024
8045
1520
4088
8042
801
6017
8041
8051
1031
4071
3233
8052
8048
1211
20
388
4121
154
77
1137
6026
5070
5508
200
458
1366
30
5576
1646
561
2270
3818
6025
8055
6027
5577
2418
3162
2122
3105
642
4245
2714
1709
6028
8059
8068
5574
4841
4270
877
1834
4099
2434
5578
7396
7397
1443
7395
5417
3624
535
426
6029
4418
307
1150
6031
941
1109
5152
4713
2084
105
8067
6032
4822
2330
8054
5881
8070
2792
8069
928
2422
6041
698
8066
5158
1475
8062
8058
1125
8056
5150
6034
8060
3935
4687
3107
25
8065
8063
2092
5573
3671
4171
4823
1139
6036
6039
6043
4391
503
6040
2404
5582
1753
8080
1453
6035
3175
2872
1719
2972
3652
5119
4587
6022
353
825
2702
8061
2716
5155
8074
6044
4695
5581
8071
5156
1600
1173
238
1396
1395
419
3403
6038
3186
8078
69
3198
3419
7398
5583
7405
2949
7402
7403
7404
8072
2182
3561
6037
8073
4684
1466
529
8075
2451
2094
3667
8076
2355
8077
2644
5950
1891
3501
3158
8079
1234
2611
7406
5580
2284
2364
2791
7401
5579
7400
2801
846
7399
1380
2375
2781
1971
1136
1003
3025
6045
8083
8081
6053
1203
272
2320
974
5157
3240
1119
8082
4034
3417
6033
3831
6048
8089
2219
1473
6049
5159
239
4097
8084
8093
3885
5331
3933
2252
82
3934
45
6050
815
2061
8086
5585
7409
804
7410
592
8090
470
2630
872
2593
4686
102
116
145
1483
8088
6046
5161
4044
3366
997
6047
8087
3109
3244
6052
8085
1001
273
1963
5586
129
4589
1664
7408
7407
3449
1002
5589
363
1108
8091
1096
4057
8092
6054
334
1691
1930
4651
2896
5160
1856
3108
2870
2694
2113
1919
878
8100
2097
235
6056
6058
2956
5455
2104
1754
6057
8095
3626
6055
5163
3207
653
1602
1732
6059
2925
5587
5588
17
8097
3695
556
6066
3712
5454
685
5388
2143
2180
8098
8099
4430
629
4969
5162
6064
229
8096
305
8094
7411
1702
3434
264
5590
3521
5592
6063
6065
6060
2202
3202
4093
1651
359
8101
8104
4288
8107
6070
4967
5426
2605
996
2940
5483
8110
6067
2750
2405
1786
2703
2428
209
8109
8111
1920
4525
8105
5509
6069
6068
8108
8103
802
2553
3554
8102
8106
5164
3857
2376
3734
2975
1227
3110
1731
3111
3456
1570
783
4289
970
2075
792
8117
5025
2695
5166
4030
3276
8115
2086
8116
5167
2377
3936
97
387
6074
2121
8118
8113
5593
4595
5169
8112
5165
4590
4591
7412
1983
295
1398
4058
8121
1633
1973
7414
3595
1036
1884
612
5456
2770
5457
3399
2232
1178
179
8123
1553
6079
2755
8122
4596
1510
1972
8120
7348
8126
5047
1629
3937
4592
963
4009
5170
1129
4941
5595
8119
3459
2293
2793
5599
6075
5597
2119
6073
4593
5031
4308
4281
1225
3687
325
6071
1081
8124
3742
4598
2062
575
6080
5598
4913
713
6082
6081
478
3169
5168
4961
2636
5172
1429
2641
2664
1793
1802
1965
8125
6078
6072
2581
4939
8129
8128
687
2299
2744
224
5600
1889
879
4104
4637
3692
5310
8130
564
4834
6076
6077
6086
2102
98
36
2124
4594
8127
5043
7208
1871
3112
2647
5171
1444
4597
2224
4279
2199
7296
7297
1886
7298
534
192
5178
5882
4336
1023
3330
2653
2888
1424
2287
4378
2938
471
2606
8137
654
3167
3578
8136
8138
5173
8131
2085
2088
8135
5601
2786
1713
1346
8134
3939
8132
3739
8133
3283
6083
2846
5174
874
6084
4042
2294
4599
6087
8142
4055
6085
1391
911
2589
3886
1613
5176
8141
5603
1506
2087
8139
6088
475
511
5177
3553
1755
1739
510
3159
5602
5023
3938
8140
8143
6089
4172
3072
591
4808
1365
6091
1468
2965
5431
5042
3054
2625
4051
6090
2324
8145
2818
2924
8144
422
8146
1458
3064
5175
199
2856
8147
651
5180
813
1854
7419
7416
7417
5575
7418
6092
8149
8148
1661
2187
1923
310
3268
8150
3752
1837
1552
3666
5179
956
3627
7420
5604
1988
3628
1146
2230
595
937
6097
2586
1037
6096
6095
6094
2523
8156
267
1895
8154
5205
6147
2353
8153
5181
7209
8151
3675
8155
508
5186
1580
262
1974
1130
7349
2000
4600
4481
5608
6102
726
6093
1496
6100
753
3864
8152
1364
5606
4337
2908
5607
5605
2010
515
6103
4006
7421
8158
5184
6099
3327
3113
871
2419
1387
5187
8159
5182
2356
7242
1132
8157
8161
342
1485
8162
6106
8160
2378
451
6104
6101
5185
457
6098
4392
6109
2063
1363
2907
3370
2524
8170
8169
3229
4528
4016
3629
4027
330
8164
2370
8165
1704
8163
6105
8168
976
6111
1099
8172
8180
4102
2424
373
8179
1415
6115
8171
3313
3029
3309
550
7423
3502
4516
7422
8173
8174
6113
6108
6107
1123
2637
1419
8178
2621
8177
2591
633
3718
4054
3750
6114
1623
448
3940
1627
4602
8175
3551
2135
6112
7210
739
4432
279
7424
2349
1996
6116
6117
5020
3385
5609
2197
3918
2959
227
8181
6120
6119
2317
8185
2077
2935
518
4070
4960
992
1452
1477
245
8184
6118
8183
8182
5610
1185
1696
5611
5188
3941
468
5515
779
8187
2674
6121
2449
5192
1643
7426
7428
5484
107
228
5613
7427
1158
3299
4513
5612
627
3168
8186
8188
2575
4076
1068
3733
5191
367
357
4047
4020
2909
4260
5196
4696
5194
1721
817
112
2706
134
328
7429
1924
3914
5955
5544
178
4603
822
5195
3658
214
8189
6122
2576
1010
3266
5367
598
1105
3243
323
3545
3015
6124
2195
3847
8194
640
1329
3838
1616
4062
3078
2947
5197
2976
193
5458
3796
2051
8193
2875
8192
6125
1855
8196
504
297
8191
4523
8195
5614
5615
1104
2603
4940
4060
3256
2257
57
2691
7299
7300
977
4601
5418
1117
7425
1746
1824
3114
4843
5198
3585
6126
5512
2794
1887
1888
5616
5617
4484
2306
7430
360
5199
3195
1926
5049
2584
1756
1966
8205
1789
1979
730
300
8199
8201
429
1784
4045
1226
8197
8198
3634
8200
42
1338
4007
3203
6129
6131
2239
6130
3447
2176
8206
4831
8207
8208
261
605
1145
1240
1160
5618
2525
1441
1147
2960
6132
3679
2380
8204
5459
411
2222
2662
2877
8217
4277
2052
8216
3630
8214
1094
8213
3067
8211
1942
2873
3040
6138
5200
6135
2682
8215
8209
3943
3380
1949
8212
8210
1551
3448
8202
6128
5017
3115
418
8203
5619
5201
8218
8219
6137
2876
2910
1557
5620
7433
6134
6136
2600
8220
4605
1857
995
5435
3443
4604
80
3859
2430
2343
6140
513
2002
2627
2204
276
2526
3116
2681
3725
4606
321
46
5202
2438
6141
7432
7431
1921
278
1918
3365
4343
4715
2931
6139
5038
717
2217
738
251
1454
3944
5424
6143
3945
2064
704
5203
3436
8221
8223
3672
8224
7435
3555
1556
6142
5029
2036
2612
1089
3631
2864
2366
1375
3117
8225
5204
844
7434
3632
2259
1695
131
6145
3213
721
945
3321
1976
2406
5623
8228
8227
768
8226
1922
5621
5624
4049
2689
4762
5622
3633
5419
7436
2855
8222
3946
3197
6144
2432
2564
933
8229
4869
8230
4795
7279
2407
3393
1172
1199
5208
2420
4872
5207
8231
2590
3119
3542
5629
6148
3154
8232
5206
166
5625
1204
555
3047
5899
1481
8233
6153
8239
4313
8238
4018
6149
7211
1780
5627
8235
1911
7437
5628
7438
5626
6151
8234
2337
3118
3947
5630
1652
6156
1334
2502
8236
6150
477
6152
2527
6155
3854
3556
1529
1915
4029
3688
3163
6154
8237
5211
5210
6159
6161
6160
8241
6164
2955
545
8244
3120
6163
8242
6162
6168
8243
2383
3267
1350
5215
2980
5311
6167
5213
189
986
1540
5214
5209
3121
8245
5212
5032
6165
1333
1621
6166
7805
8246
1505
1097
3184
8251
4607
8247
2065
1371
2408
1128
5217
8249
1476
2848
4056
8250
5216
6169
8248
1896
6172
6174
2594
5631
2184
4885
2181
4139
5390
680
2283
1858
2159
8256
8255
6173
2626
1222
4346
1436
3949
7856
5912
1712
7852
2677
5094
4551
4253
5531
3200
8252
2248
6171
113
1825
460
1018
1026
2167
834
4887
673
8260
8258
8259
8257
1782
3259
4608
3950
1931
5218
774
6177
497
413
3238
7442
5637
2788
843
4338
2429
6176
1879
1999
1169
5636
4184
8261
5059
6175
1758
5635
8262
731
7440
329
7441
4526
621
6178
5220
4609
2111
1668
4351
424
1416
2804
4926
1058
1864
2345
7443
286
833
3445
4531
1020
3603
3444
5046
8266
8267
3952
8268
2529
7444
296
340
2487
8269
6181
8263
4285
4978
5640
2782
169
7233
7445
4339
2391
2276
5221
4895
8281
8275
1743
2599
3951
3178
8272
2066
6180
5222
2890
3596
322
2803
6179
8271
8270
8279
8265
4873
8264
2654
968
304
3650
4555
5408
737
7446
8274
1219
8280
8278
6185
5223
1442
8273
1897
1606
5641
1565
8276
734
3955
7301
2003
1410
8283
6190
6184
6186
5643
1660
1417
4405
5485
5642
870
2771
8277
6182
5219
2616
4544
8282
3953
2572
625
217
3954
452
6183
6187
6188
842
8284
735
8290
1205
6193
1326
8285
1757
1144
6195
8288
2112
6191
3715
8289
8286
2620
6192
8287
1648
5644
6194
5553
1954
1402
5645
4610
5389
7255
1151
10806
4119
10805
4246
806
4247
791
6196
2558
552
2340
8291
8294
3225
8292
6199
3471
7447
1183
2436
5420
4459
8293
3956
5061
1826
2152
258
4053
4611
5225
4434
8300
4359
4922
431
5226
6200
6198
866
1423
5224
8299
8295
684
8296
8298
580
8297
5237
2912
2164
4752
1720
6201
7448
5504
263
5649
2981
2952
5647
1029
540
454
5648
1101
512
1400
972
10764
1581
5322
7212
2166
8303
6202
2385
6206
8302
2308
6204
4918
4915
6203
5239
3966
6205
4286
3298
4280
7302
2746
290
3968
4023
5021
4325
3400
8301
8305
6535
5230
1985
8306
1894
1910
4328
2249
2913
4290
9910
6462
9909
764
9905
4876
967
344
3587
5910
8304
1032
9898
3661
6808
5286
1764
2748
3274
2431
537
7543
2074
5300
9926
9925
3149
826
4116
6867
1539
1706
746
2552
9924
9923
1804
2700
1512
9922
2149
1662
1656
5751
2411
5844
2073
2881
1418
1386
3089
3895
362
2886
4566
3439
6662
5762
3151
9889
5276
9784
9677
9646
3977
2334
502
3539
7613
5329
7471
6778
6729
1878
1986
3965
6245
9644
4675
1470
9643
9642
3006
4048
1707
9641
6274
5281
9640
9649
1663
2137
6810
5368
5377
1603
9633
3827
9632
5273
4996
6840
2892
2810
5461
2657
2933
3814
9627
5282
3978
491
5234
1958
4924
9652
3971
9675
6844
9673
2736
632
2676
2946
4307
4475
3992
6796
4618
1932
9671
358
2839
1210
9670
114
9669
772
5307
9664
1024
9663
3148
7577
3320
7530
7538
5666
1220
7540
1383
4439
7477
4623
4624
399
9657
4291
2177
2196
4166
186
1957
2068
9656
2474
1091
5849
5867
7506
60
3985
5069
4788
9654
6350
3224
2117
3986
999
2382
4863
7171
2546
9653
9626
9676
6338
9625
2547
7184
9623
6369
9595
2613
2080
4491
2148
7149
2101
7146
9593
9587
1734
7809
2543
4257
3963
6302
4437
3961
3812
1064
3991
9596
3862
4720
7182
4615
971
7152
74
7118
5471
1379
4840
1115
2142
9581
787
2325
9580
854
4142
9579
3075
9576
1100
7130
9574
9584
6413
6411
3457
479
896
6383
7291
4794
35
9598
7189
6391
149
9599
562
4441
2262
1017
9620
9619
4003
4771
7185
9618
4004
2109
4129
5853
1901
6207
506
3651
1414
5295
1680
1700
3974
3948
2231
2107
3423
2760
6288
2916
3639
9616
4630
9613
3736
6981
1861
3714
1761
3342
4515
790
9612
9611
409
2566
3996
2832
9608
3660
9607
6967
1360
2082
220
3677
5288
915
3007
1845
6964
6292
1770
3450
5778
9605
5241
3999
3822
9604
7007
1209
2069
1359
2549
7003
5231
9678
1515
495
6993
4001
1464
2157
3849
4419
9753
9752
4550
9751
9748
488
9747
4907
9745
1763
2244
2951
2835
6653
2585
9744
3512
5301
1161
4000
7335
4292
3381
5422
2720
771
1717
6702
9742
2242
379
9741
1636
2709
5708
4039
9740
6640
9739
6641
5236
6629
3589
3126
827
9737
6683
3005
9743
6687
9756
2936
9757
9780
6941
1692
9767
2624
4632
2530
3883
3678
1177
2743
993
3519
1459
880
5688
3260
9765
4620
2192
1009
2749
1043
2238
9764
4982
1584
2963
7
3669
3297
1197
810
3031
6491
710
4252
7545
5814
952
4469
5673
7583
9759
9782
9731
9699
9698
9697
9695
9694
741
1645
9693
7110
7108
7114
5284
213
2531
1975
2279
2598
2234
4830
6586
5792
7599
164
3191
3142
2255
2023
3041
4625
3129
5265
5260
1787
3995
9685
4888
5503
5268
6581
2863
4717
2561
9684
2661
757
3637
9683
7280
2347
3022
3135
4975
9682
2185
7098
1689
1667
3659
9681
1598
9680
5677
5375
3300
5376
7065
3640
428
3648
1422
233
137
4164
5065
9690
3196
5033
5681
7027
1725
5271
9705
4627
3851
9728
9727
4352
111
183
4974
3856
2091
9726
5682
829
9725
9723
1241
9722
2918
7061
2007
3751
4163
5252
9721
9720
5256
2765
2412
5250
2939
3998
1163
3892
1644
4082
5262
2684
521
3717
1587
4340
244
9717
6216
2635
361
9716
2452
1182
1744
3932
5684
1393
5381
1817
3021
9712
9711
2394
6271
9710
1328
5294
1822
2223
2815
1343
9708
9707
3218
1955
1841
256
4350
7047
7865
2948
5923
5921
5293
9706
5248
9148
10456
436
3390
3691
4103
5325
5687
2737
2371
3426
1191
716
1900
4416
832
7476
9709
3771
3165
2300
2416
5685
5290
5255
630
3526
5274
2271
9713
9714
9715
3579
1025
5232
3261
5427
9718
2186
7284
2472
3710
9719
3964
4864
2273
284
7060
1358
2053
3128
7039
7038
1768
7017
9724
4311
1427
3645
1504
7019
4848
7021
1509
7022
7025
5336
2559
4061
3122
5320
4141
5073
3557
2118
5190
4746
3124
9704
434
9703
5802
4041
6544
5478
3869
2915
6541
4521
7037
4973
664
4508
5679
7092
7095
10905
5312
2105
2386
326
5278
7381
7380
50
6602
2410
3983
4497
5510
6614
6615
7100
611
4832
1357
820
628
4028
1997
3458
4083
1788
3206
6583
4126
2917
9686
3890
5267
597
9687
1543
856
3538
5269
9688
9689
148
9691
5272
4614
3876
1937
1138
9702
4979
1626
5006
9692
2328
6476
4249
1420
5279
130
7090
9696
3139
3837
4370
4161
5280
9700
9701
9729
7073
313
3989
5044
9732
291
9760
2928
7078
2779
5672
6467
5400
6468
3133
2929
3558
3780
3388
9761
6493
6494
9762
3811
9763
3928
6521
3442
5801
7322
2729
5671
724
5153
6523
1406
6524
9766
7326
1820
7310
9768
9769
7063
9770
7012
6515
9771
9772
4894
9773
9774
9775
9776
9777
9778
9779
4837
6940
3957
2583
9781
9758
998
1356
909
2203
1184
6945
6948
9733
9734
9735
6952
9736
2070
332
6953
988
4268
6954
4329
7552
7559
1114
9738
2795
7544
1355
1608
3894
7116
3441
4022
2569
3653
923
663
4250
3364
2738
9755
1840
1798
6925
740
9746
5245
5787
3873
6696
2687
9749
5337
6694
7603
5783
4562
6695
9750
3291
6989
2747
1572
2861
6243
9754
3460
2079
6217
6211
9679
5305
9730
2115
3131
6997
4251
9624
9600
5244
9601
5437
9602
1812
9603
2715
2739
2740
930
1469
5292
9606
1212
1610
4248
1353
1354
2323
7480
4341
7457
2108
9609
4447
9610
3155
6977
6979
3705
2953
6265
2178
2545
9614
4013
9615
2103
3664
9617
7173
2950
2114
1107
5884
4892
7160
6241
2316
3843
3969
3250
10761
2844
1313
9621
9622
6410
7154
3421
2945
5303
7607
3993
2235
7120
4685
207
1913
1558
946
531
9597
7172
7166
1428
6417
7191
7131
2265
9575
1607
1647
9577
9578
1352
2473
3314
2264
2302
5695
7635
2301
5373
6316
4314
9582
6320
9583
2367
6332
546
9585
6329
5866
7612
4501
1463
5506
8026
2580
8027
171
694
5877
5900
5297
1698
3068
9586
5296
7609
27
2563
6308
9588
9589
9590
9591
9592
3891
100
2954
2368
9594
4073
4586
6364
658
2557
92
3408
7188
1187
6339
1703
2860
6344
818
3600
727
4319
453
4986
1592
6348
2076
1511
6347
6342
6740
1873
6352
3153
2501
9655
4781
3264
5863
2221
5848
5817
4800
1686
9658
2807
3984
728
6335
6307
6723
9659
6317
7286
9660
2759
3050
1597
9661
3871
4265
5665
9662
949
3147
788
1349
9665
9666
9667
9668
3643
4443
841
7576
5829
7534
4557
2344
4312
4617
2360
1019
427
9672
3384
659
2251
4465
3794
9674
1699
2151
222
9651
5249
9650
1304
7478
5834
2072
9637
6394
2275
6830
4621
6238
3066
931
9628
831
6791
9629
9630
9631
3879
4134
4162
194
9634
2993
4916
708
9635
9636
9638
115
9639
3601
10864
3281
4349
517
10865
1849
1007
10862
10863
1351
4542
5845
3975
4538
6720
3573
5815
3532
1914
9645
2797
4553
865
3846
2571
932
9647
9648
3994
268
5277
4266
6907
7604
5499
7283
4931
5131
1501
7972
7645
7591
1710
3644
5405
1885
9785
6761
6651
9918
3226
9919
4111
3328
4376
6716
6722
4853
9920
9921
1766
2556
2409
1995
7581
3962
4463
3610
4665
126
6639
6621
7274
3852
2540
9927
9928
9929
9930
9931
9932
9933
9934
9935
9936
5315
9937
1095
9938
9939
9940
9917
9916
9915
9902
9892
9893
9894
9895
5283
9896
9897
3647
9899
4726
9900
3212
9901
6823
6826
9903
5263
5767
9914
9904
2496
5257
2478
864
6530
6794
7223
9906
9907
9908
5240
5243
6466
469
6812
5714
4494
7619
7620
7621
2930
1657
9911
6885
6473
9912
9913
6891
6899
9941
7638
994
4559
6901
3590
922
3967
1876
1705
2212
6868
352
2568
2853
3343
7596
5822
7598
5819
3279
9943
3132
9994
6600
1536
5253
3865
1938
6786
1697
1434
3341
9944
5846
1869
4190
5251
5445
6759
1823
4619
1148
6565
3972
2541
7495
4431
2315
5725
7488
120
2163
1111
2884
1448
1624
4052
9971
9972
9973
5291
6837
769
4259
1582
5744
7451
5730
7450
2392
2200
467
3143
3570
2318
1769
9974
6351
9975
4169
174
9976
2278
5299
4588
3858
4050
1906
9977
9978
3656
9979
929
9980
2615
6197
9981
3033
4519
6814
3278
1836
3518
7802
4846
4011
4628
9982
6051
5584
7800
7792
9983
9984
449
9985
5926
9986
260
2879
3272
3564
4299
5861
927
4616
9987
2388
6562
2179
9988
9989
9990
3802
8021
2269
1078
3805
4898
9991
3375
9992
3832
6543
5713
2679
7770
5740
7769
4613
1162
7760
7328
7304
7316
7305
7324
7323
7309
7319
9993
6585
9970
4404
5302
6871
9969
4309
6589
6590
3137
9968
2597
5741
6875
705
9955
3083
6855
4200
5489
7692
2147
1831
2660
3374
3130
7415
5308
3051
486
631
9945
1961
5068
7651
5346
2310
5488
926
3438
4631
9946
916
5980
6848
1693
6846
1432
9947
2413
4505
6806
9948
765
6526
9949
9950
808
1870
883
9951
9952
576
9953
9954
2822
3572
9956
9967
9957
9958
9959
785
6617
3867
6828
9960
2483
3970
6697
9961
9962
5304
6799
4677
1708
5780
5306
2796
6805
5477
1157
2555
4635
2542
9963
5886
9964
3979
489
4972
9965
2773
9966
6900
4304
4765
2727
2295
1113
2567
3981
9891
9942
6709
9890
2489
2785
2836
1342
5789
4031
3982
9836
2565
3009
3166
5238
9812
6700
691
4012
9813
6741
6748
5732
7780
7775
9814
9815
6765
393
7701
7677
7700
3758
9816
4445
5806
6280
4552
668
3428
2358
3593
2035
9817
3774
9818
4533
2504
9819
6869
3183
2865
6856
6254
1378
6898
4883
6889
9820
3515
7670
7733
2842
2784
1394
3958
1868
5803
2560
2874
7285
9821
4701
9822
9823
3785
5723
1978
4479
7723
6818
1237
2399
1977
7716
5495
4626
3483
6857
3134
3284
9824
7713
7711
9825
18
6792
6800
5719
2365
6401
913
432
6816
9826
2758
6881
2046
7266
1213
2134
689
7715
4629
6902
6904
3641
3584
1760
855
3215
2497
3782
2816
6862
5275
1134
1874
9827
3597
590
5270
6708
259
3560
4377
7754
4554
1215
9828
1866
6304
3194
3544
9829
4135
1465
3581
6764
2609
9830
5441
623
9831
9832
6365
3463
6784
6772
6353
2261
7739
9833
6737
4255
1525
3280
374
824
1659
1842
1880
5748
7671
7669
7666
2247
863
3855
6343
9834
4264
5798
231
9811
711
860
499
662
7276
9810
7138
3860
6371
9809
4959
3177
7147
9796
9786
7141
9787
9788
9789
3071
5055
6298
2548
9790
7810
7807
7808
2447
5410
5885
7806
10883
10882
10881
4342
5505
5883
2446
947
10880
7207
10879
3262
9791
9792
3594
7161
900
1833
10421
6433
3516
9793
4793
9794
7169
5235
9795
9797
9808
7216
4813
6437
4187
6435
7196
9798
5469
5473
5788
9799
3638
3662
3164
3823
4718
9800
9801
7183
9802
3437
7767
1838
1669
9803
9804
3530
9805
9806
9807
7927
7928
9835
1832
2885
701
7251
7140
1863
3123
636
4856
9837
9888
4540
3625
3511
9838
9865
6224
7124
6237
5440
3976
9866
2761
565
7162
5002
3369
9867
5254
9868
376
3797
3522
7115
6285
3850
5075
9869
5261
6264
9870
412
6262
9871
3138
2491
9872
1337
4261
3829
1678
9873
1544
9874
9875
3830
9876
9877
6286
3997
6282
9878
3848
3042
4612
7004
1381
5391
1649
9879
4745
3888
1991
6994
2297
9880
4014
3663
5498
3352
9881
5004
1797
6990
9882
1055
2882
5468
10893
5729
1067
270
2372
4558
3045
9883
3145
6678
9884
9885
5060
9886
2651
6931
9887
9864
5058
9863
3844
3430
1970
2274
5048
10769
2309
9862
661
2191
4043
3338
7678
3359
4025
420
5298
9849
9839
9840
1181
6667
6699
9841
2893
1883
9842
6932
9843
3909
4468
4122
9844
9845
3973
9846
2862
2942
6916
3348
9847
9848
6915
312
6914
1953
9850
9861
9851
9852
9853
4556
1796
2298
5289
6935
2857
2240
4110
10767
10766
6955
8167
8166
5823
9854
1507
61
901
2536
7737
7738
1564
9855
1332
1908
902
9856
6061
6958
1694
2395
7744
7747
3432
5753
3505
2726
1950
7755
3254
9857
6507
2592
9858
1331
5842
2140
7704
5490
5669
3185
6512
4828
2486
206
5854
9859
4776
5285
10813
5387
2730
1573
10812
4138
7275
9860
4144
722
7086
5838
94
7082
9573
9572
6516
2067
9571
526
6492
9465
9282
5259
775
7759
1987
921
5013
1382
4966
3028
7745
7741
7736
5651
9283
9284
5016
3150
9285
3748
7072
1882
1330
9286
9287
7068
7763
1135
3592
9288
1201
3248
2393
3798
3389
5869
5333
9289
9290
6474
9291
3127
7289
5227
9292
9293
920
5879
9294
2532
9295
3574
7106
2551
7105
1008
1044
1361
7103
2494
766
1530
4002
7727
5856
5321
9296
9297
2236
4117
4327
3252
7714
2911
9298
7287
10821
7237
10822
5432
3001
4407
3422
1632
6603
9299
3719
5704
1090
9300
9301
9302
647
6547
853
5369
9303
6545
4934
2535
5007
5008
1640
2878
7028
9304
1980
7661
7657
7652
7023
919
777
9281
5242
9280
3076
9279
9266
2693
9256
9257
1218
1015
9258
938
9259
9260
9261
3960
9262
1035
7795
3140
4881
1956
4997
9263
5019
4943
3801
9264
1847
985
7043
4323
177
4258
3084
9265
4744
9267
888
5487
9278
4725
2819
9268
9269
3699
3882
7201
8240
6157
6158
301
2272
7041
9270
4541
646
4702
9271
4699
9272
2646
9273
4735
1155
7045
4829
9274
1767
7048
3599
9275
1086
1206
5052
9276
2820
9277
9305
6281
3724
5646
9307
3588
4700
9358
9308
9335
3836
1502
7053
9336
7360
2914
4036
3146
9337
1690
4364
5318
10765
5317
9338
9339
5674
9340
3053
9341
3069
2387
7058
6588
3332
9342
391
1829
549
7839
5903
7846
9343
1467
9344
9345
1684
9346
9347
1711
9348
9349
6110
8176
10815
4174
10816
10817
10818
9350
9351
9352
9353
9354
9355
3636
5040
2139
7659
607
4874
6568
4317
9356
9357
5380
398
1960
274
9334
1087
2789
9333
9332
4324
3407
781
3035
3391
4930
9319
6537
3296
9309
386
7030
3713
9310
9311
2173
7033
3246
3507
6542
3571
9312
2154
9313
2533
9314
6553
1846
4748
2396
9315
6549
9316
1156
4115
903
3990
7089
5024
4127
9317
6551
9318
7093
6552
9320
9331
3043
5706
7753
5705
5313
3531
9321
9322
9323
7097
1070
6605
6606
9324
6608
6609
2296
4938
4936
4937
3791
9325
3141
4493
7099
6616
2311
2162
1305
3569
6578
7708
2799
9326
2538
2359
190
2717
9327
2866
4026
798
9328
643
2579
5077
1567
951
9329
9330
1088
2229
9255
5010
7104
5514
4919
1494
7107
3541
3792
3420
7673
9254
3433
3816
3559
6594
5287
9253
9252
9177
9178
7290
6513
9179
2050
5409
9180
1853
9181
5871
6478
9182
7091
9183
5670
4005
4038
2267
9184
9185
9186
2043
9188
9199
9189
9190
9191
3265
2237
3509
2414
7764
2537
7803
709
3253
2313
5818
2850
4868
7070
5820
2826
7071
7681
3591
1022
55
1065
9192
9193
2307
6457
4008
9194
7074
6458
1625
5594
7413
4365
6470
9195
3988
1370
9196
2098
5661
3144
3878
3059
2369
6465
4971
3754
3349
4928
4517
9197
4355
7080
3079
1795
7725
1860
4622
5662
4547
2534
1327
3606
6517
4977
5567
9198
9176
9187
2867
5650
9175
9161
7085
371
9151
9152
2245
4965
980
9153
1892
2260
2838
2389
7706
5843
1685
5653
141
9154
9155
3546
3409
2286
5000
5005
6936
4747
3170
2485
9156
3809
6497
3440
9157
6499
9158
4862
9159
5228
9160
9162
9173
522
9163
6506
6939
9164
9165
4935
9166
4799
1622
3378
10832
9167
9168
9169
6944
9170
3642
2777
1575
9171
5759
9172
9174
3498
3523
6947
3462
3708
5247
4896
4861
9200
770
5343
2510
1121
6951
1069
894
3845
493
9201
7215
7254
9202
7734
4106
157
1208
5717
2775
666
4449
5821
4450
5720
7664
9229
4697
6957
4524
7841
3249
3161
5634
9230
9231
9232
6934
9233
6920
9234
2675
7224
5425
10814
1524
1835
7698
153
2711
6646
2891
9235
9236
9237
1084
5727
2829
9238
9239
2220
5466
7333
2228
2724
9240
9241
4467
4503
7694
7691
7689
7688
2539
6919
3326
1325
4838
918
3604
6921
2544
9242
3372
3598
5039
917
5855
4017
9243
9244
4783
6637
9245
1642
614
4254
6922
1821
9246
2095
3566
2455
9247
5743
702
6664
9248
5721
2081
2490
9249
6924
3152
6123
6652
3479
7798
5332
3379
9250
1751
6927
3987
3881
6929
6638
3000
6930
9251
9228
9227
507
2663
4844
9226
9213
4485
9203
9204
6673
4836
3360
3065
2550
3394
1527
9205
5054
5229
6221
2470
6223
9206
3070
2218
9207
4143
3361
3821
9208
2670
2397
2718
6244
2146
6991
5189
9209
9210
3055
9211
816
5030
9212
6210
9214
6996
9225
9215
2150
5796
9216
9217
3840
9218
2927
9219
9220
4561
9221
9222
9223
2071
9224
9306
9359
3769
9360
9361
9494
2037
6998
4839
4543
6284
9495
5246
9496
9497
6963
9498
1392
9499
6965
9500
6966
4815
2351
9501
9502
6970
9503
9504
3044
4504
5014
9505
9506
4866
4243
6974
9507
9508
6976
9509
4318
3491
6259
9510
9511
9512
4537
7647
5777
7784
9513
9514
4719
3824
3336
6982
9515
3586
9516
890
6983
6255
2471
6251
1959
9493
3136
6291
9492
5266
3048
9491
9478
4753
2266
9468
2672
2211
9469
9470
3475
3868
9471
3813
5057
9472
7359
9473
7195
9474
9475
9476
9477
9479
9490
9480
9481
2136
10823
10828
7288
10826
10824
10830
3371
10825
5436
10827
10829
10831
762
4356
4267
9482
9483
4803
9484
212
9485
6062
6395
9486
4442
9487
2919
6399
6400
9488
9489
7150
9517
5989
9519
3282
6403
1814
5775
6406
9570
9520
2039
9547
9548
1941
2923
9549
9550
4917
7334
7351
9551
4763
9552
2206
7157
9553
9554
9555
7139
5233
7144
7156
7137
3861
9556
9557
780
660
3535
9558
7132
6384
4878
3552
7136
4548
1578
9559
4767
5264
2554
9560
9561
9562
3427
3401
3358
9563
3080
9564
9565
7164
9566
3271
9567
9568
7887
5050
1324
5475
2721
9569
649
9546
4871
7175
9545
6450
2047
6443
9544
9531
341
4890
7168
6447
4435
1687
9521
1893
7163
5591
2024
3613
3416
7177
5463
9522
6432
9523
9524
4673
541
4991
9525
9526
9527
9528
9529
10779
10780
7218
9530
2503
3510
5520
4015
9532
9543
9533
912
9534
758
9535
9536
476
7127
9537
9538
6426
9539
9540
9541
6428
9542
9467
172
5880
3875
9518
3575
5779
6333
9466
9412
7206
1801
3251
2701
9388
9389
3959
5771
656
2049
9390
3392
3767
2528
6325
3980
3723
9391
9392
9393
6330
7129
9394
9395
3562
3877
509
6313
1079
6297
3061
9396
6300
7186
9397
281
4457
657
9398
9399
7174
9400
6305
5072
1315
7205
7204
778
7148
9401
3245
9402
5750
7695
9403
2656
7143
9404
9405
5756
7699
4471
6356
1803
3038
3425
7343
9406
9407
3052
4476
435
9408
1545
7649
3520
9409
9410
9387
4905
9386
4981
6367
7133
6368
9385
3125
7134
4125
955
6354
9372
7227
9362
9363
484
4464
7650
1016
7655
2887
9364
2787
3063
573
3387
5763
7234
776
1430
9365
6341
2495
3793
5790
7658
7662
7663
5747
4549
9366
3487
4811
7170
9367
9368
3942
6909
9369
6917
9370
9371
5745
6349
6753
9373
9384
9374
3082
4532
1899
9375
4282
1321
9376
9377
4180
6738
5081
3308
6735
1759
9378
4875
2692
1562
9379
1497
9380
1943
9381
3160
6366
4999
4421
1320
5258
548
4278
6768
9382
7742
3611
5596
7746
4470
9383
9411
9413
6334
5502
7749
5383
5728
7750
6721
7315
7318
9464
9414
908
1682
4451
6331
9441
6328
3037
9442
7751
7752
906
4530
5715
6322
9443
9444
9445
1681
3834
5794
6863
9446
9447
5105
652
9448
2505
6854
6853
6852
6851
9449
6423
9450
1409
3775
4529
4921
9451
3872
132
6419
3772
2350
2880
9452
7350
2153
2854
5718
9453
3893
5795
5041
6146
2044
4990
9454
9455
6883
9456
4353
4511
4381
1948
4183
3060
9457
2995
4108
2847
9458
5888
608
6807
6388
1345
1316
9459
9996
9461
8057
8053
8064
6023
6042
9462
5513
6790
9463
2354
9440
905
4920
6842
9439
9438
6392
6836
3835
9425
6409
6833
2756
5066
9415
9416
6405
5722
9417
5319
1171
9418
6824
9419
9420
9421
6731
3010
9422
9423
9424
6827
9426
6230
9437
9427
4860
2453
7719
2778
7720
7721
4740
6242
6801
9428
7722
4316
1964
4500
9429
7724
7690
2475
6802
9430
9431
6279
6283
648
5497
9432
5421
1576
9433
9434
5724
4772
4741
3828
4158
3039
3874
6884
910
4241
4882
2883
9435
3770
9436
9783
6877
9995
10151
6256
9997
2849
10544
10545
10546
10547
6248
5183
10548
4321
7648
1405
2476
10549
4636
3318
10550
10551
10552
7277
7696
6287
1952
5036
4428
3568
1080
10554
4950
3034
10564
10555
4452
4462
10556
10557
10558
7686
5807
1012
1859
319
10559
492
10560
6215
10561
4154
4770
3003
5015
7331
1170
3157
812
6769
496
6773
10562
5808
1314
3057
10563
10543
6235
6234
7777
10553
6229
10542
6746
5398
1538
10529
2812
10520
3807
6520
4901
6745
3776
10521
7782
10522
10523
4366
10524
2780
6701
7783
5733
4821
10525
366
3004
5193
6189
7790
7797
5813
2713
10526
10527
10528
5034
1877
6730
10530
7765
7771
2776
3270
2484
6724
10540
10531
10532
4998
10533
10534
1077
7680
2174
10535
5486
3870
10536
6715
6682
10537
3765
1312
3431
4461
7687
5344
10538
4957
2189
10539
7213
7214
3404
10838
10839
10840
10841
10842
10843
10858
10857
10847
10849
10850
10851
10852
10853
10854
10855
10856
10833
10844
10848
10846
7293
10845
10837
10836
10835
10834
2814
10782
10786
622
1076
6663
7712
10541
7710
7709
7707
2859
747
4354
4879
4454
1946
10565
2462
5027
773
7730
10566
1495
5739
3306
6634
10567
2336
5370
2194
6793
1548
10592
2498
6838
6835
10593
4944
10594
4925
6845
5770
10595
2669
4992
3550
10868
7352
10867
10866
2809
10869
10773
3576
3077
10596
5746
3563
4545
5847
760
10597
10598
4785
10768
1534
10599
10899
3275
5372
3293
4512
10902
5851
10600
10601
6529
10602
1075
10603
10604
2757
2469
3424
1175
10605
6803
6804
1311
3295
10606
10607
10608
10609
10610
10611
236
10612
7660
10591
5742
1309
10590
1852
4145
5076
2346
159
7654
10589
3472
10577
6882
4854
6460
1014
1586
4486
4189
4993
6133
6127
3800
2048
5852
7675
5051
10568
2030
3100
3527
10569
10570
6485
10571
4320
10572
1750
10573
10574
6482
10575
10576
10578
10588
2054
5064
1457
4851
1072
10579
7684
4487
7682
5348
10580
4985
10581
10582
2991
3081
10583
1308
6592
6591
10584
5415
603
5472
3312
3339
3386
954
10585
3411
1307
10586
6873
10587
6906
4482
1306
10519
10613
10518
10516
10447
6598
5334
10448
6612
4374
10449
4284
4737
4810
10450
6726
4751
10451
7344
4641
10452
10453
852
1839
4167
7646
907
10454
2978
7230
6758
2040
3058
10455
5474
5470
6548
4954
2998
10457
5738
10467
10458
4510
4782
2671
6780
3747
10459
4177
1335
4980
6744
285
5316
10460
3036
5737
10461
10462
10463
7235
4460
10464
10465
4976
4847
4857
10466
723
10446
4877
3062
3363
7250
9149
10445
10432
7249
10423
10424
3074
10425
690
10426
10427
5363
10428
10429
6557
10430
10431
6610
1671
991
10433
10443
4113
6522
594
7762
7761
7781
3073
5735
10434
1547
4369
2210
819
3383
5001
10435
4774
1807
6705
10860
5494
10861
10859
7278
7345
7346
6831
10436
10437
4397
2783
5864
4204
6878
2045
10438
4742
10439
10440
10441
2690
10442
10444
10468
4956
1074
6337
6345
4096
5734
10469
6908
3543
4357
10470
514
1830
10495
10496
7465
5491
10497
10498
10499
10500
10501
4906
3514
10502
10503
10504
10505
10506
10615
4833
10508
3756
10509
1013
5022
10510
6269
3049
10897
6775
10511
6209
4654
10512
10513
6642
10514
3790
10515
6680
6624
10494
3286
421
10493
6819
10492
3820
10480
6502
10471
6469
10472
4175
10473
3760
6762
5870
613
4518
725
10474
5726
7497
5868
10790
7244
7243
1142
3817
10475
10476
10477
10478
289
6561
10479
6742
3729
10481
10491
1590
10482
6734
5011
5639
4402
4777
6554
10483
10484
10485
4315
2041
10486
5428
10487
6771
3764
10488
10489
5018
3027
6575
10490
10517
10614
10618
10616
10738
10741
10742
10743
10744
10745
10746
10747
6874
10748
10749
1073
10737
10750
10753
10757
10758
5824
10760
1066
2285
10759
10756
7588
566
6593
7586
10754
10735
732
10709
10714
10715
10716
6536
1302
10717
720
10718
1040
10719
5335
2648
6475
6479
602
4379
2754
4806
4306
10723
10732
6892
10733
10752
542
7248
10734
10731
10730
10729
6471
2492
2834
4382
10728
10727
3294
10726
5828
10725
4473
10724
3781
849
7617
3356
3470
6464
10722
10721
3763
10720
4958
3808
7546
5766
1071
64
10713
1675
10712
904
7537
10711
3488
10710
10755
10751
138
4444
3002
10740
10739
1294
10708
10736
10706
10660
7525
7524
7523
10640
3804
6514
4274
828
3810
10641
6496
3412
4507
10642
2851
1531
2710
7551
10643
1451
6821
3017
10644
10645
4970
1301
2042
10646
10647
5760
6676
10648
4707
1300
6834
10649
10650
4502
10651
10652
6670
10653
2990
10654
10655
6632
10656
6631
6630
4968
10657
10658
10639
4855
10659
10638
4995
6627
10636
7558
5752
3406
7561
10617
2843
10707
4506
7580
3418
10619
6665
3803
195
6661
2828
1679
10620
6660
10621
4739
4157
6655
6654
4293
7535
6886
3788
3740
10622
4749
10623
897
3537
5840
10624
1677
6897
4714
892
10625
10626
10627
271
634
3323
6703
10628
10629
10630
10631
10632
4240
4489
5761
10633
3819
6674
10634
10635
6689
10637
10661
10683
6671
6693
10662
3548
10686
8114
4721
4963
1945
4825
4522
7637
10687
10688
4422
6643
4908
6719
4819
4994
5009
4947
6774
10689
2493
10690
10691
1577
543
10692
1299
10693
10694
10695
10696
10697
3753
10698
10699
10700
6452
6704
4455
7605
2752
7606
851
4423
5764
2722
10701
4373
4899
10702
10703
10704
3461
10685
10705
10684
6783
10682
2837
7472
4414
7454
10663
10664
4724
6766
10665
10666
755
7458
7513
7515
7484
1676
10667
4728
10668
10669
10670
1054
10671
2751
6278
10672
10673
10674
10675
10676
10677
6718
7487
2852
5632
7518
7485
7482
7516
2352
7511
6249
10678
6849
2467
899
6258
4398
10679
7439
5638
3694
5664
6219
3759
5500
973
3319
7269
10680
10681
10422
10507
10420
10393
10130
10131
1724
10132
4283
10133
3494
7466
2482
5429
10134
10135
10136
6270
10137
5837
10138
2813
10139
4520
6208
10140
4984
6797
4775
6231
3030
5309
10141
10142
2022
10143
10144
6843
5663
7507
5667
5668
7498
4809
6228
6820
3529
4186
1571
7494
10145
10146
10147
10148
10149
588
4509
5655
6408
10150
10152
10129
7282
5654
5833
7202
5832
10128
10127
3716
4964
1674
10114
10104
10105
10106
5831
6381
7627
7625
5656
586
4195
10107
6386
10108
10109
10110
2477
4440
6434
10111
10112
3833
10113
10115
5342
10126
10116
10117
438
1944
6440
3735
6446
10118
10119
10120
3540
10121
10122
3815
10123
4716
3046
10124
10125
5658
1063
10153
6888
1298
10155
10206
6894
10156
10183
5501
10184
10185
10186
10187
4804
3016
6905
10188
4842
6420
10189
5928
10190
10191
10192
10193
10194
6373
10195
5652
6706
3317
10196
4904
10197
891
10198
85
10199
10200
10201
10202
10203
6713
10204
2027
3528
5700
4955
6355
4361
10205
10182
10181
10180
6358
10167
6363
10157
4949
10158
759
10159
10160
6781
10161
10162
10163
10164
2831
10165
6733
3020
10166
10168
847
10179
3216
173
10169
10170
2357
3493
10171
10172
10173
3026
6752
1297
10174
10175
10176
10177
3549
7167
10178
10103
10154
1296
1568
7165
4105
2190
10102
10048
10024
4150
6340
4983
10025
152
7198
10026
5452
7502
1295
2460
10027
2468
4669
10028
7135
4923
10029
10030
4769
7151
5430
5352
2033
10031
10032
6362
4705
2996
7460
5872
10033
10034
10035
1047
6310
6309
3525
5874
10036
10037
6306
10038
4891
10039
688
10040
6303
4945
884
10041
10042
4826
10043
10044
6299
5878
10045
10046
4498
10023
10022
10800
3289
10799
10798
10797
1389
4438
7595
5873
3490
6326
7142
10021
6324
4305
4296
6321
2032
10008
9998
898
9999
10000
4738
1062
3492
6372
2733
6618
5694
10001
10002
10003
10004
881
4952
10005
3787
6374
7123
10006
7125
6427
6425
4667
10007
10009
10020
10010
10011
10012
10013
10014
10015
4755
10016
10017
4893
1200
4812
10018
4679
10019
10047
10049
10100
6430
4425
10050
10077
2977
7193
7194
10078
10079
10080
5860
10081
10082
10083
6415
10084
3024
10085
3496
10086
10087
6445
4477
2171
3500
3709
6439
6438
10088
3806
10089
10090
10091
6436
10092
7579
10093
6412
10094
10095
7199
7190
10096
10097
10098
4849
10099
6378
10076
10075
4652
10074
5859
850
4179
4817
4239
1291
7176
4727
1673
7179
4698
10061
10051
1056
6398
10052
5697
7461
4962
965
10053
10054
7122
10770
10772
7217
10771
2348
845
7158
10055
7181
10056
4453
6239
2840
10057
5699
7508
2732
5701
2038
10058
7452
4732
3008
2454
10059
10060
10062
3023
3741
6277
4886
10073
7159
10063
10064
3355
950
10065
4798
6252
761
10066
5711
7475
3533
4387
4424
2461
6980
848
1061
10067
10068
4933
10069
3014
10070
6978
5710
6975
6984
10071
2479
10072
2830
5776
10101
10207
10208
10209
10342
4488
10343
10344
6973
6971
10345
10346
889
10347
10348
1290
2281
4768
1455
10349
10350
5786
1060
5379
4953
6962
3325
6972
10351
2480
10352
10353
10354
7009
885
4779
10355
10356
6276
10357
7005
6272
6246
4710
6240
10358
10359
10360
3290
7000
10361
10362
6214
4456
10363
2133
4682
6995
10364
4910
10341
10340
10339
4723
10326
2833
4792
10316
3324
6236
5703
7464
2144
5406
5349
10317
10318
3795
2753
10319
4946
7611
7610
6684
10320
4276
10321
5451
1289
10322
10323
5393
4472
4300
10324
10325
4801
7246
10327
10338
5774
10328
10329
3382
10330
10331
544
4818
4196
6620
3354
10332
10333
568
5707
7636
7634
5772
596
3019
10334
3784
10335
10336
10337
10365
10366
10367
4433
10368
6679
3497
4756
6913
5709
7547
2282
3789
4867
6911
10396
4789
6647
6170
5517
10397
6649
10398
10399
6910
6656
3726
5691
6956
6625
10400
3485
3755
4156
697
10401
10402
10403
10404
10405
7555
1384
7560
4790
2029
5690
1059
4736
10406
4903
6949
10407
5689
10408
3350
4303
7574
6686
4797
3778
10409
4658
6690
10410
10411
2156
6943
10412
10413
10414
10415
10416
1593
3693
4850
4490
10417
10418
3746
10395
3757
392
6504
6503
2989
10419
6501
3503
10394
10392
10369
1319
10370
10371
6498
4932
645
10372
6495
1288
4835
6959
5314
6532
10373
10374
10375
4902
10376
10377
4409
4263
7365
3547
6528
10378
10379
10380
10381
10382
10383
10384
3465
10385
10386
5438
1287
7084
5399
7083
4900
10387
10388
10389
10390
10796
2021
5358
5362
7321
7320
4420
10391
3779
2172
5799
10315
10314
10313
7079
10260
5374
5371
10236
10237
10238
4703
10239
4176
10240
5519
10241
7075
5403
10242
2821
1286
10243
10244
6459
10245
10901
5404
10246
10247
3703
2227
6456
6455
6454
10248
10249
1549
10250
10251
10252
10253
10254
6461
6472
4107
10255
6490
7631
6488
10256
10257
10258
7632
7633
10235
1285
2984
10234
1057
10233
7066
4362
1284
10220
2205
7076
10210
7263
10211
7102
6481
10212
6480
7113
10213
10214
4466
10215
10216
7112
4909
10217
7614
7585
4302
7109
10218
10219
3783
10221
3762
10232
10222
10223
2458
10224
3405
1816
5791
3477
3517
10819
3368
1619
10820
893
1748
6582
10225
10226
4827
4865
10227
10228
2979
10229
10230
4656
7602
1283
3473
10231
4181
10259
2465
3702
6613
10261
2031
5402
10312
10262
4269
6601
10289
10290
6599
4870
8254
5633
4360
8253
5678
3335
7470
7473
3749
10291
10292
10293
10294
10295
6546
1282
7034
1281
4640
7032
10296
6539
10297
6538
4816
7501
5680
10298
10299
6555
6556
10300
10301
6573
7509
7517
7510
10302
6572
7026
4408
10303
10304
7036
5324
10305
10306
6566
10307
10308
10309
4859
3013
10310
10311
10288
10287
10286
10273
10263
7024
6295
10264
4760
10265
10266
10267
4750
10777
10778
4137
3277
7236
4483
7059
4448
5443
3499
3467
1589
7057
10268
10269
10270
6534
10271
10272
10274
10285
10275
4148
5396
5397
2342
494
10276
3402
3777
7062
4858
4889
4852
6253
10277
6232
10278
10279
10280
7049
10281
10282
10283
2280
10284
6449
4897
7046
7044
1292
6312
3721
7042
211
1280
9150
9460
7040
7306
1595
5462
3333
1794
5712
7463
5785
5686
1749
1747
959
6393
6397
8368
7219
5683
7055
6691
6628
8377
8400
7056
2464
8341
4188
6563
7050
3738
8527
8533
8537
7015
4786
5476
8541
7493
7489
7483
8507
8508
8511
8516
8517
6570
5812
1890
8548
7504
7503
7031
6540
7064
8583
1279
3743
8595
7096
8554
8556
8561
8571
8569
6597
6579
1303
8447
4367
3011
10888
8451
3761
8415
3307
4301
5793
7590
7587
4688
8491
4480
7356
5676
4791
6477
8461
4394
6483
8475
8472
7067
8476
5675
8464
4458
8460
8465
8489
8479
8499
8498
8497
8496
8492
2263
8488
8487
8486
8484
644
8482
8480
8455
8596
8441
7088
8426
8423
8422
8421
4712
8417
3414
6518
7081
5382
5800
8452
4766
8439
4824
8437
7087
2723
5423
8435
5804
7013
4820
2034
7526
7521
1277
1278
8562
6500
7550
5805
6505
6938
6508
6942
8573
4371
4112
6511
8591
2999
3334
3737
4778
6950
1293
5810
4133
7554
4395
7563
7536
7542
6648
6645
8543
6619
8540
6918
2697
8538
4645
2667
6636
809
7641
4478
5492
7629
7584
6644
6926
6928
6933
6960
8379
8381
8396
8405
6227
8366
8369
8371
4294
7462
5784
2774
8338
255
8385
10904
7001
10896
4297
7481
5781
7006
2994
3744
8349
6986
8399
6268
6968
10884
6969
8386
10892
3730
6250
2997
8313
8317
8318
3322
1276
5702
3413
3486
8872
8973
4388
8967
7011
5816
8963
8962
6212
8957
8956
7192
887
8948
8946
8944
599
6222
6431
7121
8997
7238
3495
7512
3376
6390
6375
6377
8992
7117
6385
3745
6389
5392
8989
1275
8986
8984
8983
7342
7332
7308
4272
7578
7549
6414
8903
8902
8901
8899
6418
8897
7358
6422
4159
8894
8893
8892
8905
5366
987
8884
8883
8882
8881
7317
6424
8878
1274
5862
7630
4147
8929
8930
4733
2028
7153
6319
8935
8936
5693
4415
8920
6314
8918
4780
8917
10886
1273
8916
5876
6301
8912
4670
8941
7197
9079
5692
9110
6311
4807
4660
7145
5518
7499
7486
7496
7514
5465
5479
4238
2735
9088
6346
7474
7468
4295
6635
9084
9083
4401
9114
4436
9133
4273
6757
3288
9136
9138
4417
9147
6370
9142
2731
9144
6776
9132
6361
6767
9128
6357
9127
6323
9124
5516
6717
4754
9121
9120
9118
7589
5493
7220
9139
6429
6858
9042
3329
9040
9037
4845
9036
9035
9033
5825
9032
6893
6441
1815
9029
9043
9026
9025
7307
9023
1271
6847
2499
5364
5365
1272
9015
1049
9013
9027
9044
7623
7597
9067
7339
4120
4358
9073
9063
2466
9062
9059
9058
10874
10875
10876
10877
10878
6407
9057
6396
9051
9050
4650
7453
8734
8696
8695
6811
8691
6879
8689
8685
8698
8681
8680
5401
3353
8678
8677
8676
8675
8668
6850
8720
6710
8722
8723
6711
8726
3731
2099
8729
8730
7490
7455
7459
1270
8732
8716
8714
8713
8712
6747
4693
5384
7608
7601
7600
3316
4411
2209
3704
6760
8666
5351
6779
6633
6623
8624
8623
8618
1269
8615
8629
5749
6666
8612
8610
6860
8608
8607
8606
8605
4730
8600
8599
8631
7541
7539
7575
4101
6622
8645
6626
4427
5836
719
7519
2698
8636
3476
7557
8735
6668
6669
8835
7566
7568
7571
8828
8827
4413
650
8822
8819
8816
8813
5765
8809
8808
7527
1933
5769
7531
7532
7533
6527
2198
8861
4639
4657
8868
2988
8856
8855
7228
5326
5716
5416
4664
8851
1053
3464
6895
6484
3480
7615
3474
1052
8843
8842
8841
6865
6866
8804
8794
5827
4773
8765
8764
7592
7593
8763
3484
8761
3269
8759
8758
4691
3489
4400
4375
6577
8753
6576
2025
8767
1050
6763
8752
4678
6777
4734
6782
6571
6569
6567
6564
8738
8737
8751
6560
6751
10871
10872
1198
7357
10870
7354
4262
10873
7353
7355
8796
7456
196
3732
8798
8799
5350
8801
3469
6376
8784
8783
4206
8782
1051
6798
6327
8779
8778
8777
8776
5731
8772
5460
7303
2463
8773
8775
1268
953
800
7222
6318
8781
8785
6247
8786
8787
8800
8797
8802
6596
8795
4759
7766
5865
6755
1267
3728
8789
8788
8770
8769
6750
3351
1266
8741
6743
4182
8743
6739
5464
8747
8750
7774
5858
3357
10887
6574
8754
6604
4692
8756
6611
6707
8757
10900
6595
10898
6727
7229
4393
4642
8762
5857
8766
8863
8805
8840
756
6787
6876
8844
6903
8845
8846
4757
6896
8848
8849
8850
8853
6463
8870
4802
8867
2188
8866
4178
8865
10907
8871
8864
8862
6815
8859
754
8857
8839
8838
8820
8807
6531
8810
8812
8814
8821
7756
6510
4426
4784
8826
8829
6672
8832
8833
8803
8665
3711
8647
1265
8648
8649
8663
8662
3701
5467
7336
7338
1264
8661
8660
8659
8664
8657
8655
8654
6887
8653
8651
8632
6890
7726
8630
5782
8613
8601
8602
6859
6692
8614
5394
7259
6714
8621
3700
4130
7779
6650
6770
8627
8628
2678
8702
8703
8704
5811
4662
8707
6226
6233
8715
3468
6785
4205
1263
745
6725
8728
8733
8724
10793
10792
1140
7247
6289
8701
6290
5386
6870
8699
10775
5521
10774
6864
6294
4372
7653
7656
1262
8669
4399
8687
8688
8693
8697
6213
10889
6795
10891
9048
9052
7718
7717
7728
1041
6296
9054
9055
9056
6825
6829
1045
9061
2825
6839
9078
9069
9068
9066
9065
9046
9045
9016
9018
9020
9021
9024
9030
9031
9039
6861
5395
886
9070
9080
9081
4663
9117
6872
9119
9122
6728
4412
6732
9125
3722
9129
9143
4711
9141
9140
9135
9134
9115
1046
9113
9096
6756
9082
9085
9086
1261
7668
7178
6336
9091
9092
9093
9094
9095
1048
4271
2734
6360
7674
5758
7697
9100
9103
9108
9111
3698
8909
8910
8913
8914
8919
1260
8921
8922
8923
8939
8937
8934
8933
7155
4672
7119
8908
8907
8906
8889
2026
8877
8879
8880
8885
8887
8891
7187
8896
3247
5361
3287
8900
6416
8904
4646
8942
7330
9001
4690
6444
5768
6442
8979
8980
8981
8982
8985
4118
8987
5809
8990
3706
8991
1258
1011
7126
4403
4743
8993
8994
9008
9007
9006
9005
5797
9004
9003
2226
7796
7794
7793
6402
1257
9002
9000
8999
1256
8996
5757
8976
2658
7239
8975
8958
8945
4384
8947
4683
8950
8951
7788
2772
7271
975
10807
7270
6218
8954
8955
8959
1141
4390
4653
5360
4132
8965
8966
8968
8971
8972
4722
6260
8454
8310
8339
6257
8316
8375
8382
8387
8388
8389
8398
8401
8402
8404
8376
8374
8355
7008
8360
1255
8372
8373
6273
8345
8383
7226
5330
7002
8309
7010
6999
8393
8394
8361
8370
8367
6992
8354
8348
4706
6451
6961
6985
8378
7778
4298
5773
5736
7773
7757
8333
8319
6923
4410
8529
8530
7261
7262
5347
4389
8525
6912
8505
8506
8512
8514
8515
6946
4729
6659
8520
8575
8576
8579
8581
8582
6685
5359
1259
8592
8593
2459
6509
8553
2987
4644
4146
5841
8558
4643
6937
8566
7705
8572
8502
8436
5660
8443
8445
8446
6453
1042
8431
8419
7077
8481
8490
7693
7758
7799
7785
4674
8471
8469
8467
8466
1254
7772
7801
7679
7683
4681
8495
7245
5328
5327
10804
10803
10801
10802
8485
8427
8420
6587
6584
10781
10783
10784
10785
10788
10787
8430
8442
8567
6607
4659
3188
7743
7094
1253
1039
8587
6550
7312
7311
8577
7035
8550
8407
7029
7732
7667
7665
8536
8521
8518
8526
4671
8544
7020
8542
7225
7314
5446
882
7018
7016
8539
7014
8535
8534
8501
1252
8328
8344
8340
8190
7260
8358
8363
7054
8329
8324
8334
4368
1251
8357
8364
1250
8391
8346
5357
4155
5356
8330
8343
8342
8331
8314
6315
7789
8390
7051
8307
7052
8350
7327
7325
6688
8312
8323
6558
8522
8578
8588
8589
8594
7731
7329
8568
8477
3697
8429
8493
4704
1038
1585
7111
8458
8463
8474
8462
7069
8483
7735
5826
5835
8414
10908
10903
8410
8428
6519
6525
8433
8503
10895
8570
8557
8551
8580
7740
7703
7702
8519
8513
8509
8504
8523
8524
8546
8545
8547
4668
6681
2456
8532
8531
8528
8408
8406
8321
8326
1249
3174
8311
8315
8380
6675
10885
6988
8384
8352
6220
8365
8392
8347
5496
7791
7787
7786
1248
8308
6261
8970
8964
8960
8974
8953
10762
10763
8977
8995
8998
9009
624
6379
6380
4383
7128
6382
6387
4694
4689
8988
7768
7776
2986
8978
8943
6448
6421
8932
8898
8895
8875
8926
8931
8925
9011
9012
4203
9102
9099
6359
9097
9090
7180
9137
9145
9131
9130
7748
9123
9116
9019
9075
6404
8694
8692
8690
8672
6788
6293
8700
8721
8718
8717
8705
8667
8725
8622
8617
8616
6657
8642
8639
8634
8736
6817
1247
8824
8823
8836
6832
8817
6841
8811
5850
7729
8837
8858
8860
7672
8869
75
7685
4385
7676
2985
8760
8748
10894
8746
8745
8744
8742
8740
6559
6749
8768
8790
8793
6789
7267
7265
8780
8597
7313
8771
6736
8774
4676
8792
8791
6754
8739
8749
8755
6580
8847
8852
6489
8854
1246
7582
7565
5830
6809
8806
6533
8815
8818
10890
8825
6822
6677
8830
8831
8834
8633
8635
8637
8638
7594
5755
5754
8640
8641
8643
8644
8646
5839
7569
7570
7573
6658
4655
8658
8652
4649
8650
8603
8604
8609
8611
7626
8619
8620
7639
8625
8626
8656
8706
8708
8709
8710
8711
8731
8727
8719
5659
8682
8670
8671
6266
8673
8674
8679
8683
8684
8686
6263
1245
6275
8873
9010
8874
9047
9049
9053
9060
9077
9076
9074
4661
9072
9071
86
9064
9014
9017
5657
6813
6880
9022
9028
7572
9034
9038
9041
6712
9126
9146
5355
5353
5354
9087
9089
7449
7479
7500
9112
9098
9101
9104
9105
9106
9107
9109
5875
8911
8915
8924
8938
8940
8928
8927
8876
7628
7618
8886
8888
8890
7528
7553
5696
7469
7492
7491
8949
5698
7505
8952
8961
7264
7268
6267
8969
8598
8327
8332
8335
8336
8397
8403
6987
8353
8362
8395
8322
8337
8325
8356
8359
1244
7467
7520
8351
6225
3236
10795
10794
10791
6698
4648
1243
8320
7643
7642
7640
7644
7341
7337
7340
8510
8549
7556
7562
7564
7567
8585
8586
8590
8574
8584
8560
8552
8555
8559
5378
8563
8564
8565
7548
7522
7529
2983
8432
8434
8438
8444
8448
8450
8409
8412
8453
7231
7616
7622
7624
8494
8459
6487
6486
8468
8470
8473
8457
8456
8478
2982
8500
8425
8424
8418
8416
8413
8411
7101
10906
8449
8440
1242
4207
4218
4214
4215
4216
4217
4236
4213
4212
4211
4210
4209
4219
4221
4220
4223
4224
4225
4226
4227
4228
4232
4233
4234
4208
4222
4231
4229
4235
4230
4237
