1819
4161
1576
2641
63
1994
1559
2979
10019
442
3346
964
6691
995
4530
4001
1526
2865
996
3999
2693
10016
2632
3790
10018
1730
1767
3267
10017
5435
180
910
10015
192
2438
1223
3625
4104
3694
2306
3233
3247
3766
10013
409
2143
1486
6585
1436
10012
877
4416
1056
2517
2042
3530
10010
1970
497
5903
10009
3069
10007
4967
10008
1496
806
701
5918
401
5004
438
5276
2773
1450
1057
2915
879
4962
330
4105
2112
10011
782
4090
1956
1957
362
4966
1167
514
1810
391
655
624
6966
10005
2618
1493
25
3667
2710
89
3283
10006
2755
375
1484
3581
3599
607
7640
5510
5464
279
2328
7641
1298
149
10004
794
199
4604
5085
1299
248
6965
9
278
125
216
48
174
140
690
9999
2552
625
2450
5426
285
1911
4124
3320
10014
3185
55
30
318
81
2410
1060
3984
9998
5116
439
10002
2440
5936
1532
5251
188
1829
10003
2029
11
5502
85
112
2716
367
10
3250
4997
394
1035
1122
458
818
7639
1175
5511
1116
1910
875
62
521
945
9996
1564
384
3963
904
3200
4810
3195
4963
5871
2984
1207
96
5265
484
3059
1916
49
2134
9994
3357
2578
9991
3618
9992
1740
5280
5505
2676
334
9990
4971
42
1860
1982
531
1945
1821
3220
5666
3468
2777
2140
9986
719
1929
1666
5614
2837
582
1618
834
1837
388
5794
1499
1153
1192
2881
3453
2943
1913
175
4992
1003
9983
2945
9980
2452
3121
3225
9982
60
4
1309
12
3175
336
465
273
4079
5950
469
9981
3248
2629
5281
661
3243
2012
5873
4849
3570
3889
892
9979
4584
4492
3666
4525
274
3696
322
3353
2617
1639
5867
4994
123
9984
3870
5235
6115
1470
2458
3273
4088
4979
5033
2502
1202
889
2815
680
9993
2779
397
976
2775
2772
5429
434
2349
5413
2165
206
5321
1126
177
1950
1120
27
233
10756
1815
2933
5921
418
9977
4183
4702
4009
266
9978
955
200
66
13
191
210
45
4317
400
4063
5944
6078
572
4345
1277
9972
6819
4081
2209
4195
5460
5461
3645
2451
7637
1614
9970
3586
5506
2584
3354
3177
576
1475
3464
5869
77
989
5067
243
376
4210
4095
1726
4512
7329
1025
3404
606
3462
1636
493
2581
2444
568
136
9971
833
3387
3074
1208
2659
6960
100
9965
3
23
2370
5
482
39
3058
9964
4965
2305
5868
4964
5876
4135
3249
1995
4035
1176
9968
3313
6081
4045
1180
512
1706
2267
1386
9954
5062
1201
194
3854
3186
1019
9969
3324
171
1686
5040
9950
1434
6160
7180
4092
2668
9955
8
618
1741
337
6095
5899
302
5624
4236
9957
2115
5926
9948
516
1768
2808
1455
347
9962
9963
3891
4995
3840
4052
2899
1598
2572
3921
61
3483
3482
5878
5140
1991
1081
2585
6058
4223
981
3369
2505
1802
47
9946
802
2613
2102
359
4744
2180
1954
3484
234
3763
5823
3942
5924
3377
4610
307
5094
9945
670
2303
1408
3399
9943
137
405
6956
4973
5989
9942
3866
3314
6592
9941
5900
5908
3706
4072
575
5394
9937
1689
240
3587
1605
9940
705
5870
1630
1027
1544
1681
1358
5521
2425
1410
5522
5895
2980
9935
4783
9931
2223
5567
228
687
148
9933
519
69
46
209
58
985
1172
5419
1593
5901
2046
9930
1321
1456
2567
5874
2577
1775
1308
1195
6105
1732
9934
3236
2901
3843
2126
2993
475
703
3212
2496
1417
4498
371
9928
1181
4523
1529
3960
3573
2085
1234
9929
1710
6612
1118
4250
4989
1533
447
974
1949
2880
3305
4514
739
956
4085
1448
97
2978
1518
2541
37
4969
156
1421
7790
581
2384
2962
1271
855
179
2652
374
1777
600
555
300
9924
510
1762
152
722
1528
9920
2091
2125
713
9921
9922
2975
2187
2455
1679
527
9923
1600
82
1765
3427
5432
5887
115
2640
6248
1152
4879
1472
491
5209
338
4983
1477
1447
5530
9919
3943
4314
2242
1206
246
3664
4213
5791
3659
1879
172
326
51
80
239
165
28
473
1215
2423
1414
9917
2439
6953
6172
9913
1785
1236
2224
4728
5212
339
9927
9926
2575
2511
2388
373
2167
2040
3619
1967
4841
1425
1708
9915
9916
608
1861
2644
2890
422
193
1154
9914
2326
4096
6088
2898
145
612
4355
5200
2268
9908
9909
4119
1985
9910
984
809
1238
5224
520
452
4324
854
2283
59
571
16
2637
78
364
9906
3582
7633
7632
4537
372
5503
2334
6950
9900
2830
9899
5057
9898
244
2883
5872
552
4207
153
2218
1657
1670
2257
2691
5790
1806
71
637
380
1471
5638
5789
4307
977
5422
1653
392
9892
5875
4805
4504
2947
3265
5012
22
9893
3919
293
9896
9891
9895
117
4975
5277
5637
638
381
4150
1817
3410
4465
3969
3685
9894
1774
671
327
1501
4915
2619
1387
3607
651
2675
3828
5325
5427
7300
1606
3355
4267
3621
966
1086
1649
2976
1524
911
1487
6260
9884
3585
146
4511
5487
1563
2453
745
3838
41
9882
3161
345
2665
5320
7222
594
2660
5319
7213
4163
4162
1569
10771
7221
1838
5318
1944
2802
2154
3446
76
3600
3498
2721
292
3227
566
5882
2341
5002
5807
829
865
4755
472
1693
2780
9881
2338
617
3806
563
1696
2596
2001
4524
9890
6071
4950
9880
2582
1184
1383
4103
604
6730
1919
2935
3857
395
2642
5197
1460
1758
1503
151
1419
9879
314
3198
1623
2981
3627
925
2263
9878
72
1512
1211
2409
565
5628
5534
1728
3176
9873
3418
5007
2260
241
9871
2622
238
9872
3450
2446
1360
831
4110
7631
3463
109
4180
4571
961
5636
825
435
1750
586
4221
4316
2335
14
1440
130
437
257
15
32
19
5115
7272
1507
155
6704
9868
863
5955
2401
9867
6037
2077
9866
698
2147
592
410
5977
1961
640
6536
734
4089
5173
541
547
1404
5910
4073
5220
341
225
1848
9889
1474
1624
423
2778
9877
5078
4999
456
6065
5931
5127
9862
2322
308
9859
526
6942
1516
598
9860
5886
1398
5125
2447
5916
957
107
9870
4027
762
0
24
1
562
131
6151
1442
3135
515
3713
9856
5254
7629
2433
7630
1611
3503
7628
1200
1646
2695
1661
9858
1701
260
848
4094
9857
3908
3930
2957
3856
2514
2192
672
1542
1009
91
7299
328
7627
4513
7626
5787
7624
847
3551
1907
748
577
5538
1525
4597
1652
1878
712
3671
2698
2714
6001
398
2627
67
876
1242
5391
10790
4202
7253
4201
10791
3315
4178
7232
5392
7233
2715
10788
5365
7252
2235
4203
3341
1816
5393
10789
3898
214
2655
133
2350
1936
2055
9854
4100
9850
3603
159
2002
4167
5052
289
644
2340
2030
3691
1584
9853
9851
9852
33
355
2123
2970
1784
1627
9847
2343
1478
9848
5504
799
134
4080
2906
2309
6278
9845
2500
2320
5079
301
79
5892
1049
9842
1759
2925
4325
9843
1210
9844
396
3695
6
2435
9841
5288
1747
1185
4101
714
7623
789
7622
5513
1695
1133
4946
6124
6301
5877
1818
187
1968
3682
9838
3849
3107
1523
4517
3201
2633
3594
2977
524
1179
1619
1384
1620
3459
2739
4567
9837
5146
2538
800
6388
3719
2643
770
9840
5959
1908
86
2615
5995
3383
1579
9839
2252
126
9836
3101
429
790
5933
569
3050
6098
3097
4793
3189
2752
2222
4156
7237
7239
1547
7238
3295
2683
4211
7201
533
1538
1382
1993
31
3554
7621
7620
4319
7619
2043
9834
6934
4850
9833
6546
724
1616
4010
5086
9832
453
4519
9835
5960
4071
1495
3939
1214
5021
1857
2097
1243
3057
4978
3692
2827
675
2751
1990
2927
3994
348
3232
387
93
363
1158
6082
426
2172
9828
791
9829
4208
4328
1971
5928
1778
5042
1604
5491
455
1535
1571
9826
2729
978
9827
711
5549
5508
5652
5782
3684
1203
2706
7614
160
5054
9825
1635
9824
6929
2339
7613
5387
271
5558
1801
1976
2324
9823
9822
3557
2507
5543
2907
4108
2923
5524
7184
7612
9818
609
9820
3514
842
2281
9821
5055
5967
9817
1543
9816
3693
9819
1127
4516
4518
114
2836
1418
1939
5520
4543
4146
2601
2047
4173
284
1191
3349
483
1166
9814
2718
4204
534
1492
3862
2653
9815
1400
6156
2696
1683
3835
2651
4297
1958
1655
1909
7610
1885
2426
7607
1926
7608
7611
7609
2821
448
1628
5075
4993
5104
5516
6885
6002
4618
2499
3114
669
3946
9813
4703
1570
54
6927
3209
530
5303
2817
4083
5815
6091
9811
5909
2045
2955
1194
3218
1517
941
3144
1734
1586
3920
3235
9808
9810
311
4076
9809
551
5883
3872
3138
386
9803
3269
9804
356
4607
5153
5985
5984
3690
5894
9806
4436
3118
195
170
108
550
9805
113
9795
5072
2454
9800
9796
1059
4327
3169
3008
3234
9793
4820
9794
2951
3653
4506
6393
9792
3231
1036
99
219
111
340
5544
694
237
52
65
2
38
1015
9786
9787
3949
9788
5945
4952
3699
4347
835
1647
2379
399
36
361
166
5952
2049
4497
6054
2911
9791
3120
4614
728
4536
4619
4343
5188
9785
634
6922
752
421
6185
9782
393
1262
9784
9783
4055
232
1640
3571
2612
1454
2839
5273
2816
9780
3199
2600
4053
9781
2131
1332
9779
630
5425
3810
50
3991
1551
5041
5898
1757
2812
715
1235
1772
4988
3152
4008
2010
3068
868
329
9775
231
9776
9777
5287
4602
6108
5107
3902
9778
1457
1684
3217
3563
3214
846
4141
436
954
1552
1108
1572
5166
2586
1658
9774
4541
9773
3224
4520
9769
3935
959
557
9771
9770
9772
406
9768
1849
2201
2348
94
2647
451
3241
5778
5562
1162
1149
1746
370
667
6003
1955
342
9762
6911
1769
9764
3720
2217
4698
2523
9763
3203
4060
3553
6472
9760
3244
5988
1372
6920
2983
4024
4431
2138
9759
3845
9758
7261
508
2866
211
481
1480
9755
5966
3221
3403
3911
9756
457
3312
2678
207
3311
2395
676
6919
1225
433
1773
2313
5972
2623
1124
2972
1554
614
7603
5507
2171
1169
1755
1413
3238
882
9753
9754
9752
5981
3016
2432
1933
305
5223
700
1880
5174
2506
856
5049
9751
2325
313
2928
9749
5964
1018
9748
4057
3071
1973
2179
5880
4987
2419
693
559
2170
4499
9745
268
1143
1131
2734
857
1645
6601
3080
298
407
5881
2583
4985
4078
4984
5879
1420
3700
1891
2015
467
2397
4532
7602
4426
2807
578
4290
979
775
3859
2487
4613
1468
9741
5512
1947
1182
1981
4996
1522
9740
4582
5983
2262
1397
4937
1826
746
488
5009
2900
5578
4681
9743
574
4813
2119
3615
5415
9744
2150
4137
1874
3545
7601
118
1445
5776
3543
2941
5217
1962
2259
5077
9739
2027
2225
2936
5017
4622
2098
677
2480
3321
5517
74
2838
3660
686
5775
1079
4082
2663
141
6752
9730
4133
1239
223
9727
3242
2311
769
9733
9736
9737
9738
9731
9732
2345
9734
6915
9735
599
689
7599
1161
7600
4652
9725
792
4087
2460
2178
5904
6627
3956
3631
4097
2004
324
9726
2604
1953
256
303
9721
1465
9723
4058
673
1906
3850
9724
3162
1823
4312
4306
215
828
9722
816
21
1458
2469
1042
9717
1379
6197
1688
2402
4990
283
2133
129
2383
291
6563
3139
6188
1370
2431
9713
68
6038
9711
1504
4098
9709
796
5929
9708
9705
1012
4086
3245
9706
9707
1220
20
379
4131
144
70
1136
6069
5162
5489
190
450
1244
29
5579
1660
553
2275
3863
6035
9701
5893
5514
2428
3083
2041
3085
635
4224
2724
1748
6028
9699
9700
5582
4712
4249
839
1844
4109
2445
5552
7596
7597
1446
7598
5399
3630
528
417
5884
4349
299
1150
5885
878
1037
4991
4624
2088
95
9692
6654
4881
2342
9690
5866
9689
2801
9691
914
2430
6283
691
9688
5191
1483
9687
9685
1125
9686
5068
6086
9684
3890
4620
3070
201
9683
9682
2068
5518
3679
4181
4631
1139
5888
6000
5951
4350
495
5940
2391
5591
1793
9675
1463
6909
3183
2861
1733
2982
3632
5006
4529
6139
344
820
2712
9681
2726
5261
9672
6821
4737
5806
9671
5247
1608
1171
229
1407
1406
412
3416
5991
3173
9674
64
3206
3424
7594
5547
7592
2961
7591
7593
7595
9673
2194
3633
5896
9670
4726
1498
522
9667
2459
2070
3655
9664
2357
9665
2654
5905
1921
3480
3192
9666
1217
2630
7588
5606
2293
2368
2792
7587
5715
7590
2806
866
7589
1390
2415
2791
2011
1137
991
3075
6053
9661
9662
5996
1218
258
2337
971
5257
3252
1119
9663
4059
3421
5915
3865
6568
9658
2229
1467
6905
5010
230
4107
9660
9657
4046
5312
3981
2264
75
3927
43
6904
810
2101
9656
5814
7586
798
7585
585
9654
464
2645
840
2595
4725
92
106
135
1489
9655
6903
5120
4061
3376
993
6094
9653
3062
3254
6900
9650
997
265
1974
5509
119
4564
1650
7583
7584
3460
990
5598
346
1038
9645
1061
4051
9646
5902
325
1712
1940
4694
2904
5020
1865
3061
2859
2702
2052
1900
838
9643
2058
226
6513
6119
2960
5430
2093
1763
6556
9642
3624
6155
5008
3205
643
1612
1722
6203
2914
5623
5571
17
9638
3708
532
6442
3745
5449
679
5368
2153
2190
9641
9640
4372
623
4916
4998
6576
220
9639
296
9637
7582
1729
3434
252
5746
3487
5773
5890
5891
5889
2211
3202
4102
1675
349
9632
9631
4268
9629
6897
4866
5406
2603
988
2944
5471
9635
6253
2760
2429
1796
2713
2437
198
9630
9628
1905
4568
9636
5490
6896
6163
9633
9634
797
2508
3521
9626
9627
5074
3970
2372
3710
2985
1226
3181
1685
3077
3465
1580
755
4272
967
2064
749
9623
5083
2705
5053
3941
3286
9625
2130
9624
5170
2369
3876
87
378
5917
2038
9621
9620
5811
4596
5015
9619
5263
4527
4556
7581
2024
286
1409
4054
9618
1648
1999
7579
3648
1033
1896
603
5437
2776
5428
3408
2241
1196
169
9615
1562
6763
2765
9616
4552
1527
2000
9617
7328
9614
4932
1637
3877
4573
960
3871
5270
1129
4903
5810
9610
3470
2321
2798
5536
6062
5802
2036
5923
4542
5011
4286
4265
1233
3697
316
6894
1066
9609
3783
4540
2076
570
5934
5515
4981
708
5986
5961
470
3119
5018
4819
2648
5032
1443
2650
2674
1803
1812
2006
9606
6370
6075
2571
4885
9608
9607
681
2329
2754
217
5528
1899
874
4114
4617
3702
5292
9605
554
4897
5911
6129
6756
2105
88
35
2142
4534
9604
5193
7192
1869
3067
2657
5267
1438
4608
2234
4251
2212
7298
7296
1892
7297
525
182
5034
5865
4309
1013
3340
2662
2896
1433
2299
4346
2929
461
2611
9599
652
3207
3579
9601
9602
5172
9603
2100
2103
9600
5809
2795
1736
1273
9594
3874
9598
3714
9597
3293
6482
2840
5059
853
5897
4048
2314
4598
6620
9593
4070
6070
1401
929
2593
3922
1626
5240
9592
5595
1506
2034
9589
5920
466
503
5137
3523
1782
1752
502
3096
5611
5037
3855
9590
9591
6882
4182
3065
584
4860
1245
5919
1494
2974
5411
5264
3060
2635
4050
6892
2327
9588
2829
2895
9586
411
9587
1488
3187
5271
189
2885
9583
654
5003
808
1864
7576
7575
7573
5519
7574
5954
9581
9582
1656
2197
1901
306
3278
9585
3739
1845
1560
3662
5036
953
3636
7572
5557
1963
3672
1147
2239
587
881
5914
2602
1034
6132
6167
6891
2518
9575
261
1925
9576
5255
6018
2354
9579
5118
7191
9580
3689
9578
500
5051
1587
253
1983
1130
7327
1987
4562
4408
5603
5912
735
6101
1519
5939
747
3830
9574
1246
5527
4310
2888
5770
5769
2013
506
6056
4011
7570
9570
5163
6889
3337
3157
858
2417
1394
5249
9573
5016
2362
7223
1132
9566
9567
333
1497
9568
6272
9569
2376
444
6427
6428
5155
449
6052
4351
6237
2127
1247
2942
3380
2524
9562
9563
3237
4574
3983
3635
4022
321
9558
2422
9559
1699
9561
6126
9560
973
5942
1045
9556
9557
4112
2427
360
9555
1431
5980
9553
3323
3011
3319
548
7568
3534
4473
7567
9551
9547
6321
5943
5907
1123
2649
1427
9550
2624
9549
2589
619
3712
4075
3717
6162
1633
441
3931
1644
4531
9552
3536
2145
5963
7190
727
4352
270
7566
2366
2007
6107
5906
4912
3392
5804
2205
3967
2966
218
9543
6886
6375
2310
9540
2120
2946
511
4077
4945
1001
1462
1469
236
9542
6887
9544
9541
5542
1188
1725
5535
5031
3987
460
5495
756
9536
2684
6884
2462
5080
1662
7562
7563
5468
98
221
5575
7564
1159
3307
4509
5596
628
3180
9532
9533
2565
4091
1078
3737
5183
358
351
4034
4037
2887
4240
5035
4719
5022
1735
812
102
2717
124
319
7561
1937
3886
6946
5541
168
4545
817
5129
3643
204
9531
5932
2569
1007
3275
5333
591
1040
3253
309
3535
2996
5925
2202
3867
9529
633
1279
3808
1613
4065
3089
2950
5151
2986
183
5453
3743
2117
9528
2870
9527
6280
1866
9526
496
290
9525
4491
9524
5523
5533
1041
2608
5000
4062
3266
2266
53
2701
7294
7295
975
4586
5396
1117
7565
1756
1834
3172
4659
5076
3620
6022
5494
2797
1893
1894
5762
5761
4472
2319
7559
350
5164
3196
1932
5279
2580
1780
1966
9513
1760
1959
725
294
9512
9514
424
1766
4044
1205
9523
9522
3592
9521
40
1297
3880
3204
6310
6179
2246
6652
3457
2182
9511
4658
9510
9509
255
597
1145
1240
1165
5586
2504
1444
1148
2967
5913
3687
2400
9520
5434
402
2231
2672
2876
9507
4256
2053
9506
3628
9500
1048
9499
3041
9505
1998
2937
3034
6227
5202
5922
2692
9501
9502
3869
3390
1980
9503
9504
1561
3458
9517
6311
5028
3112
413
9515
5690
5143
9497
9496
6225
2894
2913
1568
5633
7558
6577
5938
2605
9498
4581
1867
1000
5414
3445
4533
73
3903
2443
2356
6879
505
2021
2638
2213
267
2597
3128
2690
3707
4538
312
44
5030
2449
6157
7557
7556
1912
269
1904
3375
4323
4748
2921
6031
5084
704
2226
731
242
1464
3917
5404
6161
3868
2051
696
5038
3455
9492
9490
3683
9491
7554
3575
1566
6751
5019
2106
2628
1051
3598
2926
2387
1385
3146
9489
5260
869
7553
3626
2269
1704
121
6041
3223
737
942
3330
1989
2399
5526
9485
9482
773
9484
1914
5559
5525
4042
2699
4798
5669
3602
5395
7552
2852
9488
3945
3211
5927
2442
2543
912
9479
4674
9480
4822
7260
2394
3405
1170
1199
5135
2424
4770
5105
9476
2587
3111
3580
5632
5973
3106
9474
5119
157
5801
1222
537
3027
5968
1473
9467
6659
9472
4298
9473
4040
6106
7188
1783
5620
9469
1938
7551
5531
7550
5532
6234
9465
2347
3079
4028
5679
1671
6871
1288
2591
9464
5979
463
5935
2515
5947
3955
3568
1540
1915
3954
3698
3099
5937
9466
5048
5278
5975
6145
6333
9461
6718
2968
545
9460
3174
5930
9459
6554
6870
9457
2386
3277
1377
5259
2990
5290
6869
5245
178
983
1550
5144
5266
3123
9458
5025
5195
6021
1283
1631
5965
7789
9452
1530
1047
3179
9455
4539
9453
2084
1381
2390
1128
5097
9450
1482
2868
4056
9448
5046
6504
9449
1930
6016
6127
2614
5537
2193
4925
2191
4149
5369
674
2317
1871
2166
9445
9446
6061
2639
1204
4326
1441
4019
9956
5998
1737
9960
2687
5147
4588
4233
5555
3208
9442
2258
5978
103
1831
459
1016
1011
2177
826
4927
636
9438
9439
9440
9441
1800
3268
4583
3875
1941
5110
763
6865
474
403
3251
7548
5754
2811
870
4311
2436
6519
1889
2005
1168
5589
4194
9437
5246
6236
1787
5798
9436
726
7546
320
7547
4510
613
6067
5231
4544
2141
1678
4331
419
1430
2814
4980
1087
1868
2352
7545
277
830
3456
4507
1030
3669
3449
5272
9429
9431
4012
9428
2513
7544
287
331
2533
9432
6864
9434
4264
5121
5797
2794
158
7212
7543
4318
2375
2282
5269
4929
9424
9427
1753
2621
3896
3193
9423
2113
6664
5114
2873
3673
315
2813
5948
9417
9416
9418
9426
4664
9425
2664
963
295
3661
4557
5388
721
7542
9419
1209
9413
9412
6131
5044
1439
9414
1931
1621
5796
1575
9415
732
3897
7293
1952
1424
9411
6860
6859
6452
5529
1676
1428
4382
5482
5539
841
2781
9420
6862
5139
2626
4605
9410
3881
2551
629
208
3977
443
6856
6837
6073
837
9401
723
9400
1219
6317
1294
9399
1799
1144
6855
9404
2137
6010
3715
9403
9402
2631
6014
9398
1672
5570
6109
5551
2020
1412
5546
4579
5370
7235
1151
10786
4129
10785
4226
801
4227
750
5958
2574
536
2351
9391
9393
3230
9392
6186
3486
7541
1187
2448
5401
4446
9394
3986
5090
1832
2162
249
4074
4580
5239
4353
9389
4337
4721
425
5050
5949
6708
872
1435
5063
9388
9387
678
9386
9390
573
9385
5285
2930
2175
4772
1711
6853
7540
5484
251
5751
2991
2958
5564
1024
538
446
5750
1043
504
1411
969
10748
1591
5301
7189
2176
9378
6152
2412
6232
9379
2300
6849
4808
4961
6144
5154
3961
6851
4266
3310
4257
7292
2756
281
3910
3975
4914
4299
3409
9373
9371
6063
5286
2019
9370
1922
1902
4320
2256
2905
4271
9365
6099
9367
776
9366
4713
962
335
3614
6007
9368
1010
9364
3675
6015
5284
1794
2758
3285
2441
529
7539
2092
5256
9362
9361
3151
821
4126
6744
1549
1727
718
2512
9358
9357
1814
2711
1510
9356
2156
1659
1663
5540
2418
5747
2083
2891
1429
1395
3102
3965
354
2892
4528
3451
6848
5729
3078
9355
5186
9348
9351
9349
3878
2344
494
3522
7537
5307
7538
6844
6341
1888
2025
3882
6845
9344
4695
1490
9343
9342
3026
4067
1731
9345
6060
5101
9350
9347
1651
2148
6102
5334
5335
1622
9339
3928
9340
5136
5176
6045
2878
2820
5433
2667
2954
3802
9334
5132
4007
480
5203
1964
4889
9333
3885
9329
6440
9330
2744
621
2686
2965
4289
4458
3989
6843
4587
1942
9341
352
2834
1213
9331
104
9332
767
5134
9327
1032
9328
3142
7534
3331
7533
7532
5560
1221
7531
1393
4373
7535
4547
4577
390
9321
4269
2186
2206
4175
176
1997
2118
9320
2490
1058
5741
5740
7530
56
3951
5268
4628
9318
6840
3240
2044
3884
998
2373
4907
5994
2519
9317
9311
9312
6839
9313
2522
6838
9314
6674
9316
2620
2079
4413
2158
5970
2054
6466
9308
9307
1738
7788
2510
4237
3982
6004
4363
4015
3768
1080
3905
9303
3816
4693
6833
4558
968
6326
930
5941
5431
1389
4642
1115
2152
9302
766
2331
9301
860
4151
9295
3158
9298
1044
6271
9296
9297
6023
6264
3466
471
919
6831
7271
4806
34
9300
6117
6193
139
9290
560
4442
2272
1026
9291
9289
3899
4778
6542
9287
3926
2139
4139
5569
1903
6668
498
3657
1423
5262
1749
1702
3980
3895
2243
2124
3440
2768
6103
2916
3606
9284
4591
9285
3769
6828
1876
3735
1792
3356
4471
751
9279
9280
404
2599
3893
2833
9283
3668
9282
6827
1249
2109
212
3686
5093
898
3029
1856
6825
6826
1788
3461
5556
9278
5242
4038
3932
9277
6824
1216
2086
1250
2528
6066
5165
9273
1505
485
5971
3904
1491
2169
3990
4368
9270
9271
4546
9272
9264
487
9268
4757
9265
1789
2254
2959
2831
6012
2590
9261
3547
5065
1164
4018
7291
4270
3391
5398
2730
778
1714
6820
9260
2250
365
9262
1634
2719
5663
4049
9257
6750
9259
6470
5128
6164
3605
3188
819
9248
5953
3025
9249
6817
9251
2940
9252
9253
5946
1719
9247
2634
4611
2547
4026
3688
1186
2753
994
3501
1502
937
5548
3270
9242
4559
2200
1006
2759
1098
2249
9241
5122
1594
2973
7
3681
3309
1197
804
3081
6815
710
4232
7523
5736
949
4450
5735
7522
9240
9233
9235
9237
9238
9239
9234
9236
730
1673
9232
6814
6096
6051
5071
202
2535
2017
2289
2606
2244
4856
6008
5550
7521
154
3194
3124
2265
2033
3064
4606
3082
5061
5158
1761
3950
9230
4754
5462
5082
6040
2879
4625
2536
9231
2671
784
3610
9223
7259
2358
3052
3095
5081
9221
2195
6812
1742
1677
3663
9222
1609
9220
5554
5336
3308
5337
6044
3654
420
3665
1432
224
127
4176
5258
9216
3215
5234
5661
6243
1692
5087
9215
4548
3823
9214
9212
4332
101
173
5070
3860
2121
9210
5590
823
9211
9209
1241
9206
2903
6706
2022
3781
4174
5219
9207
9208
5099
2774
2421
5222
2949
3976
1160
3988
1667
4099
5112
2694
513
3716
1596
4321
235
9203
5957
2646
353
9202
2461
1177
1754
3923
5785
1403
5338
1827
3038
9198
9196
2381
6804
9194
1295
5216
1836
2233
2825
1289
9200
9191
3228
2018
1850
247
4330
5956
9949
2971
6217
6959
5113
9188
5214
9190
9189
432
3407
3701
4113
5305
5553
2747
2371
3432
1189
702
1928
4387
827
7520
9185
3804
3131
2298
2411
5645
5131
5213
622
3504
5069
2284
9183
9182
9181
3574
1022
5111
3271
5407
9180
2196
7266
2492
3711
9178
3934
4888
2274
275
6076
1251
2072
3154
5999
6401
1797
6802
9177
4293
1437
3611
1513
6801
4869
6020
1511
6244
6800
5310
2561
4066
3156
5298
4153
5282
3596
2039
5283
4750
3087
9174
430
9169
5780
4041
6036
5436
4000
2897
5962
4515
6799
4942
641
4454
5681
6447
6228
10887
5291
2090
2389
317
5218
7616
7615
549
6013
2404
4032
4487
5488
5992
6434
6154
605
4745
1252
815
626
4036
2028
3467
4093
1786
3216
5974
4134
2908
9165
3907
5221
590
9164
1553
849
3516
5126
9160
9162
138
9163
5207
4561
3972
1946
1138
9156
4982
1638
5106
9157
2336
5969
4228
1426
5095
120
6344
9151
3160
3952
4365
4171
5187
9149
9147
9146
6794
297
3906
5252
9148
282
9145
2919
6235
2789
5607
6268
5381
6246
3104
2924
3544
3747
3398
9140
6564
6597
9139
3792
9138
3933
6602
3441
5726
7289
2738
5566
729
5149
6496
1416
6262
9133
7288
1830
7287
9131
9132
6790
9137
5990
6791
9136
9134
4845
9130
9126
9128
9129
9125
9121
9124
4707
6034
4003
2594
9119
9114
999
1253
905
2214
1183
6005
6214
9115
9116
9117
6027
9118
2129
323
6649
987
4248
6212
4313
7516
7517
1114
9110
2803
7515
1254
1615
4013
6780
3442
4030
2573
3674
928
666
4229
3374
2748
9102
1854
1807
5976
720
9101
5169
5572
4014
6774
2697
9100
5317
6772
7514
5583
4555
6509
9096
3298
6771
2757
1582
2886
6770
9095
3469
2060
6586
6048
9094
5138
9093
2135
3090
6637
4230
9089
9091
5092
9090
5417
9087
1822
9086
2725
2749
2750
885
1479
5177
9085
1224
1625
4231
1256
1255
2332
7510
4315
7511
2065
9081
4370
9082
3171
6166
6768
3726
2969
6216
2188
2564
9080
4031
9079
2132
3678
9078
6011
2964
2037
1039
5863
4829
6026
6177
2318
3839
3913
3259
10741
2858
1284
9077
9076
6205
5982
3433
2956
5181
7509
3900
2245
6533
4636
197
1918
1567
943
523
9074
6265
6327
1451
6251
6218
6092
2276
9068
1617
1669
9070
9069
1257
2479
3325
2273
2330
5574
7506
2316
5339
6767
4302
9065
6619
9066
2382
6033
540
9064
6766
5561
7512
4478
1466
5485
9728
2607
9729
161
688
5580
6150
5184
1690
3056
9061
5145
7505
26
2549
6463
9056
9054
9053
9052
9051
3974
90
2963
2398
9050
4084
4589
6574
649
2554
83
3422
5987
1178
6047
1715
2871
6761
813
3670
741
4304
445
4924
1601
6477
2056
1514
6077
6342
5993
1884
6632
3092
2520
9044
4637
3274
5597
2232
5697
5587
4645
1717
9042
2818
3978
740
6220
6120
6760
9041
6759
7265
9040
2769
3127
1607
9039
3883
4246
5581
9038
946
3147
753
1259
9035
9037
9036
9034
3623
4422
836
7502
5718
7504
4576
2353
4296
4572
2374
1031
416
9032
3393
648
2261
4456
3836
9031
1744
2160
213
9030
5098
9033
1326
7501
5698
2062
9028
6159
2287
6032
4560
6757
3091
884
9021
832
6391
9024
9023
9027
4025
4142
4172
184
9017
2992
4874
707
9013
9012
9020
105
9018
3644
10843
3291
4329
509
10842
1859
1004
10845
10844
1258
4553
5573
3914
4505
6087
3640
5768
3502
1934
9010
2804
4551
843
3912
2609
883
9007
9008
3925
259
5096
4245
5997
7500
5479
7267
4864
5190
1531
9812
7497
7498
1691
3676
5374
1898
9002
6746
6353
9004
3239
9001
4121
3338
4348
6254
6743
4868
8999
9000
1791
2559
2413
1988
7496
3944
4453
3622
4621
116
6043
6042
7255
3848
2537
8986
8985
8984
8987
8991
8989
8992
8994
8993
8990
5297
8988
1046
8983
8981
8974
8975
8973
8976
8977
8978
8980
8972
8979
5123
8967
8968
3649
8966
4640
8970
3222
8971
6589
6740
8982
5130
5565
8965
8964
2525
5141
2497
844
6183
6006
7202
8963
8962
8961
5103
5102
6017
462
6739
5764
4443
7495
7494
7493
2938
1664
8960
6113
6093
8957
8958
6209
6673
8956
7492
992
4599
6219
3616
897
3997
1886
1697
2227
6716
343
2562
2863
3352
7491
5576
7490
5563
3289
8953
3093
8952
6735
1546
5168
3833
1948
6009
1724
1453
3351
8944
5759
1882
4200
5182
5424
6024
1835
4563
1146
6334
4029
2521
7489
4392
2323
5609
7488
110
2174
1082
2872
1459
1643
4069
8939
8938
8940
5194
6293
788
4239
1592
5712
7487
5713
7486
2407
2210
454
3140
3593
2333
1798
8927
6019
8929
4179
163
8928
2286
5124
4593
3887
4068
1923
8931
8932
3658
8930
886
8926
2625
6116
8921
3042
4522
6057
3288
1846
3539
7479
4853
3958
4565
8922
6213
5613
7477
7478
8920
8919
440
8917
6201
8916
254
2874
3282
3562
4273
5600
887
4566
8906
2393
6202
2189
8909
8908
8907
3775
9742
2288
1092
3821
4911
8905
3384
8902
3831
6721
5707
2688
7468
5568
7472
4585
1163
7471
7280
7282
7284
7285
7281
7286
7283
7279
8901
6720
8900
4381
5160
6064
8898
4284
6221
6717
3098
8894
2616
5734
6206
699
8892
3145
6114
4209
5463
7467
2159
1839
2670
3385
3105
7577
5156
3086
476
620
8887
1969
5274
7465
5326
2301
5476
888
3448
4612
8890
913
6196
6137
1713
6444
1449
8879
2406
4496
6025
8880
772
6713
8876
8882
803
1881
934
8863
8862
558
8868
8888
2828
3588
8885
8886
8864
8865
8866
754
6710
3864
6711
8861
2481
3936
6112
8859
8860
5241
6694
4661
1694
5752
5196
2805
6252
5450
1157
2531
4615
2529
8858
5862
8857
4020
479
4840
8856
2782
8853
6703
4282
4683
2737
2307
1113
2568
3957
8849
8848
6701
8847
2494
2796
2854
1261
5749
4017
3937
8844
2598
3002
3178
5244
8840
6029
685
4021
8838
6122
6697
5585
7463
7462
8836
8835
6696
385
7458
7459
7460
3773
8833
4389
5594
6104
4595
639
3444
2364
3639
2074
8828
3797
8829
4508
2576
8827
6140
3190
2884
6689
6055
1388
6441
4895
6688
8826
3496
7456
7457
2857
2800
1405
3915
1877
5731
2553
2875
7264
8825
4666
8820
8819
3809
5577
1986
4447
7455
6030
1237
2420
2016
7454
5475
4570
3474
6506
3164
3294
8815
7453
7452
8814
18
6059
6684
5695
2380
6683
899
427
6089
8811
2767
6125
2108
7236
1212
2144
682
7451
4575
6340
6079
3637
3604
1795
850
3226
2566
3805
2826
6270
5238
1134
1883
8805
3595
583
5189
6222
250
3578
4356
7450
4600
1227
8800
1872
6679
3219
3566
8799
4145
1476
3601
6039
2636
8796
5421
616
8797
8798
6097
3473
6215
6143
6678
2271
7449
8793
6269
4235
1536
3290
369
822
1654
1853
1890
5654
7447
7446
7448
2253
845
3892
6050
8791
4244
5588
222
8790
709
871
492
647
7254
8789
6046
3888
6671
8783
4977
3184
6323
8788
8787
6208
8627
8628
8629
3076
5047
6084
2579
8780
7787
7784
7786
2457
5390
5861
7785
10860
10862
10861
4322
5486
5864
2456
944
10863
7187
10859
3272
8777
8778
3583
6049
908
1843
8773
6072
3500
8774
4756
8770
6210
5253
8771
8768
8769
7196
4788
6665
4197
6666
6562
8767
5443
5442
5618
8761
3642
3677
3166
3795
4691
8766
8765
6130
8760
3452
7441
1852
1680
8757
8758
3556
8759
8762
8763
9865
9861
8756
1842
2889
695
7231
6662
1870
3137
632
4723
8747
8746
4569
3646
3520
8749
8748
6431
6660
6266
5420
3929
8735
2770
556
6083
5108
3379
8733
5157
8729
366
3791
3507
6657
6200
3837
5275
8728
5148
6352
8724
408
6364
8722
3141
2527
8723
1263
4241
3815
1718
8721
1555
8720
8718
3873
8719
8717
6655
3966
6439
8716
3953
3040
4603
6448
1391
5371
1665
8715
4708
4006
2026
6651
2294
8714
3959
3680
5465
3360
8713
5023
1808
6650
8709
1088
2912
5438
10868
5649
1075
263
2408
4592
3088
8704
3122
6184
8703
8702
5227
8708
2661
6498
8706
8707
5178
8710
3858
3436
2023
2280
5091
10753
2304
8693
642
2203
4039
3347
7438
3370
3995
414
5159
8690
8687
8688
1193
6281
6638
8686
2934
1897
8682
6068
8684
3916
4414
4132
8680
8681
3964
8678
2909
2952
6527
3358
8679
8676
6180
304
6090
2009
8671
8672
8673
8675
8674
4590
1809
2296
5215
6643
2877
2251
4120
10747
10746
6575
9565
9564
5601
8667
1508
57
915
2530
7435
7434
1574
8663
1265
1935
907
8661
6282
6074
1705
2396
7437
7433
3443
5689
3513
2736
1972
7432
3264
8657
6569
2610
8655
1266
5608
2151
7431
5474
5667
3213
6080
4801
2503
196
5642
8647
4727
5185
10793
5367
2740
1583
10794
4148
7256
8654
4154
744
6192
5687
84
6631
8646
8645
6085
2063
8644
518
6630
8643
8637
5180
765
7430
1960
890
5201
1392
4934
3021
7427
7428
7429
5686
8631
8630
5150
3113
8632
3733
6626
1895
1267
8626
8625
6625
7423
1135
3608
8624
1229
3258
2416
3827
3400
5584
5315
8621
8618
6241
8620
3110
7270
5171
8613
8617
891
5685
8608
2563
8610
3597
6275
2534
6176
1005
1095
1248
6128
2532
768
1539
4016
7421
5683
5302
8601
8564
2248
4127
4308
3262
7420
2939
8600
7263
10802
7217
10801
5412
3010
4378
3429
1641
6535
8595
3722
5592
1050
8592
8590
8591
658
6616
851
5341
8587
6247
4861
2542
4923
5060
1668
2882
6456
8582
2008
7417
7418
7416
6100
894
760
8575
5161
8579
3132
8578
8580
2703
8574
8570
1231
1028
8573
880
8571
8567
8568
3962
8566
1008
7414
3115
4873
1992
5064
8559
4956
4906
3832
8558
1858
982
6165
4305
167
4238
3153
8554
4699
8556
921
5473
8553
4679
2835
8552
8551
3705
3879
7181
9463
6795
6407
288
2285
6135
8550
4535
657
4627
8549
4630
8543
2656
8544
4692
1155
6417
4794
8542
1790
6608
3650
8540
1055
1230
5206
8539
2832
8538
8537
6607
3729
5651
8536
3617
4654
8532
8535
8533
3901
1509
6111
8531
7339
2920
4033
3170
8527
1698
4344
5296
10745
5295
8526
8522
5719
8524
3084
8525
3155
2392
6603
6173
3343
8523
382
1841
546
9989
6961
9987
8521
1481
8518
8520
1745
8519
8514
1751
8516
8517
6239
9548
10798
4184
10797
10796
10795
8513
8507
8511
8510
8509
8508
3651
5230
2149
7409
601
4865
6600
4292
8503
8501
5342
389
2003
264
8499
1053
2809
8500
8498
4303
3413
757
3036
3401
4910
8495
6110
3306
8492
377
6594
3723
8490
8491
2185
6141
3256
3525
6242
3576
8487
2164
8486
2570
8485
6590
1855
4635
2434
8484
6591
8488
1156
4125
903
3968
6146
5175
4138
8481
6587
8479
6584
6121
8476
8475
3045
5717
7408
5668
5293
3537
8480
8482
8483
6581
1074
6580
6438
8472
6579
6263
2297
4816
4817
4815
3759
8471
3136
4474
6123
6578
2308
2173
1373
3613
6118
7407
2810
8467
2557
2378
181
2728
8469
2918
4023
793
8468
664
2592
5199
1577
947
8465
8464
1052
2240
8463
4948
6277
5492
4851
1521
6191
3564
3807
3431
7406
8456
3447
3847
3559
6571
5198
8457
8455
8453
8452
7269
6566
8449
2082
5389
8450
1863
8451
5688
6259
8454
6572
9360
5795
4043
4064
2279
8447
8446
8445
2095
8444
8443
8441
8442
8440
3276
2247
3509
2414
7405
2555
7403
706
3263
2315
5593
2864
4844
6149
5605
2842
6174
7402
3634
1014
668
1076
8438
8439
2312
6148
4004
8436
6561
6198
1642
5703
7580
4375
6558
8434
4002
1380
8435
2035
5612
3133
3924
3126
2385
6514
4931
3757
3359
4830
4484
8432
4335
6134
3130
1805
7401
1873
4601
5660
4526
2540
1268
3647
6133
4968
5711
8430
8429
8425
2893
5709
8416
8414
6529
368
8418
8417
2255
4920
980
8415
1917
2270
2844
2405
7400
5604
1721
5610
132
8412
8413
3561
3417
2302
4959
5066
6138
4686
3167
2484
8407
3834
6181
3454
8404
6550
8405
4768
8403
5179
8401
8402
8406
517
8393
6548
6549
8394
8397
4901
8396
4736
1632
3388
10812
8391
8390
8389
6136
8388
3656
2784
1585
8395
5708
8398
8399
3488
3532
6547
3472
3709
5225
4871
4715
8392
771
5323
2544
1121
6158
1073
922
3841
477
8431
7195
7234
8385
7399
4116
147
1228
5658
2783
653
4391
5602
4394
5626
7398
8379
4644
6541
4501
9985
3260
3197
5545
8376
8373
8372
6540
8371
6153
8370
2685
7203
5405
10792
1534
1847
7397
142
2722
6537
2922
8368
8367
8366
1054
5705
2843
8365
8359
2230
5448
7290
2236
2732
8357
8356
4415
4475
7395
7394
7393
7392
2558
6142
3336
1269
4796
893
3638
6530
2545
8352
3382
3612
5211
895
5702
3993
8350
8351
4705
6171
8348
1674
611
4234
6147
1833
8346
2128
3589
2465
8345
5704
697
6534
8343
5643
2057
2516
8344
6526
3163
6510
6226
3478
7391
5313
3389
8342
1764
6182
3996
3985
6175
6525
3005
6284
8340
8341
8339
499
2673
4785
8338
8337
4467
8336
8335
6467
4789
3371
3109
2560
3406
1537
8330
5210
5248
6523
2473
6338
8329
3100
2228
8327
4152
3372
3846
8325
2680
2403
2727
6505
2157
6195
5250
8323
8322
3072
8324
811
5045
8321
6256
8319
6521
8320
8312
2161
5599
8313
8306
3894
8307
2948
8305
8304
4609
8303
8302
8301
2122
8300
8299
8298
3770
8287
8288
8291
2089
6516
4746
4594
6457
8289
5232
8290
8295
6518
8292
1402
8293
6517
8294
6515
4730
2363
8285
8286
6240
8297
8296
3063
4464
5089
8283
8284
4828
4225
6279
8282
8281
6421
8280
4294
3489
6512
8276
8274
8275
4549
7386
5648
7387
8273
8270
4651
3851
3345
6178
8269
3629
8268
920
6508
6170
2478
6190
2014
8267
3150
6363
8266
5204
3054
8263
8264
4680
2278
8265
2682
2219
8262
8261
3479
3971
8260
3799
5142
8249
7338
8247
6357
8248
8255
8256
8252
8257
8254
8253
8251
2146
10803
10808
7268
10811
10810
10809
3381
10807
5416
10806
10805
10804
787
4336
4247
8250
8246
4733
8258
203
8240
6605
6297
8241
4404
8237
2932
6500
6499
8238
8245
6501
8244
6628
8239
3292
6169
1824
5631
6497
8233
8234
2050
8235
8236
1978
2953
8231
8232
4899
7274
7331
8230
4690
8229
2215
6495
8227
8228
8226
6490
5205
6491
6488
6296
3948
8222
8221
758
645
3555
8220
6189
6430
4846
3565
6487
4578
1588
8218
4689
5226
2556
8215
8212
8214
3437
3411
3368
8211
3159
8208
8209
6485
8210
3281
8216
8213
9918
5133
1270
5439
2731
8201
659
8203
4792
6211
8202
6481
2048
6479
8199
8197
332
4832
6250
6778
4430
1720
9105
1924
6779
5812
2075
3652
3426
6476
5440
8191
6194
8190
8193
4634
539
5088
8192
8194
8187
8189
8188
10761
10762
7198
8186
2550
3495
5499
3998
8185
8184
8179
896
8181
783
9306
8180
468
6356
8178
8176
6469
8177
8174
8173
6468
8172
8175
162
5694
3979
8170
3591
5693
6464
8167
8166
7186
1811
3261
2709
8164
8163
4005
5692
646
2104
8165
3402
3764
2588
6255
3992
3721
8160
8162
8161
6462
6224
8157
8156
3569
3918
501
6460
1067
6606
3116
8151
6777
6776
8152
272
4420
656
8149
8150
6318
8148
6459
5237
1305
7183
7185
759
6187
8147
3255
8144
5630
7369
8143
2666
6455
8141
8142
5629
7368
4407
6454
1813
3053
3438
7324
8139
8138
3066
4434
428
8137
1556
7366
3519
8136
8134
8135
4831
8132
4951
6451
6429
6376
8128
3148
6450
4136
950
6449
8126
7204
8125
8124
478
4397
7362
1017
7361
2910
8116
2799
3108
564
3397
5684
7214
761
1452
8109
6257
2546
3800
5622
7354
7355
7356
5615
4554
8106
3490
4729
6437
8104
8103
4047
6436
8102
6267
8101
8100
5621
6432
6433
8097
8096
8095
3117
4521
1927
8090
4261
1272
8087
8082
4189
6233
5192
3318
6362
1781
8080
4786
2704
1573
8079
1515
8075
1975
8076
3165
6204
4941
4367
1274
5228
535
4258
6207
8068
7351
3641
5758
7350
4427
8067
8065
8066
6424
5467
7349
5345
5616
7348
6199
7276
7277
9006
9005
901
1743
4400
6419
8061
6238
3049
8062
7346
7345
902
4502
5644
6223
8054
8055
8056
1687
3825
5674
6410
8049
8048
5233
650
8043
2548
6405
6411
6408
6409
8047
6406
8044
1422
3750
4495
4859
8042
3938
122
6404
3748
2359
2902
8037
7330
2163
2869
5673
8038
3973
5671
5109
6793
2111
4953
7873
8030
6403
8031
4333
4486
4358
1979
4190
3094
8013
3000
4118
2851
8029
6823
602
6396
6231
1260
1276
8026
8027
8025
9696
9694
9693
6913
6914
8024
5493
6395
8023
2367
8021
909
4880
6394
8020
8022
6230
6249
3852
8018
6306
6392
2766
5236
8006
8007
6387
5670
8012
5299
1174
8004
6245
8003
8002
8005
6385
3013
8011
8010
8009
6386
8008
6389
8000
8001
4797
2463
7525
2788
7527
7526
4655
6381
6382
7995
7341
4291
1951
4463
7993
7344
7342
2483
6229
7989
7990
6378
6379
663
5466
7987
5400
1589
7984
7983
5619
4675
4653
3842
4168
3035
3947
6373
936
4222
4884
2931
7979
3761
7978
7982
6374
7981
7980
6261
7977
2855
7973
7972
7969
7968
6369
5229
7967
4301
7343
1415
2486
7966
4616
3327
7965
7964
7962
7257
7347
6366
1965
5152
4377
3590
1062
7957
4909
3033
7958
7956
4396
4411
9107
9106
9108
7352
5617
1023
1875
310
7949
486
9274
6822
7947
4164
4665
3004
5029
7278
1173
3168
807
6354
490
6351
7944
5659
1278
3134
7942
7943
6349
6258
7353
7938
6343
7939
6596
5376
1548
7935
2822
7932
3812
6347
4886
6346
3767
7927
7357
7926
7929
4354
7928
2790
6335
7360
5627
4724
7917
357
2995
5039
6858
7359
7358
5625
2723
7910
7909
7908
5117
1887
6339
7907
7364
7363
2786
3280
2489
6337
7905
7903
7902
4974
7901
7900
1063
7365
2181
7896
5469
3940
7890
6330
6329
7892
3746
1280
3439
4393
7367
5324
7889
4917
2204
9075
7194
7193
3412
10822
10813
10821
10820
10819
10818
10825
10817
10816
10815
10814
10823
10824
10826
10836
10838
10837
10833
10828
10827
10829
7273
10835
10830
10831
10832
10834
2824
10759
10760
615
1064
6685
7370
7886
7371
7373
7372
2917
716
4334
4811
4395
1996
7884
2466
5100
764
7374
7883
1520
5655
3316
6644
7882
2346
5346
2207
6647
1558
8697
2526
6319
6320
7880
4891
7879
4875
6816
5793
9243
2679
4958
3560
10847
7332
10848
10849
2819
10846
10749
3609
3129
7875
5634
3572
4550
5635
774
7877
7876
4668
10744
1545
7874
10885
3284
5356
3302
4479
10867
5744
8818
7872
6300
7871
1065
7868
7867
2771
2474
3435
1190
7860
6312
6276
1281
3304
7859
7858
7857
7856
7855
7854
227
7853
7375
7850
5650
1282
7851
1862
4155
5243
2355
150
7376
7843
3475
7841
6308
4763
6309
1020
1595
4452
4198
4955
6881
6880
3803
2114
5641
7378
5167
7834
2073
3143
3528
7831
7830
6304
7829
4300
7825
1779
7824
7823
6285
7822
7820
7819
7818
2059
5208
1485
4753
1069
7811
7379
4455
7380
5327
7814
4943
7813
7802
2999
3149
7800
1285
6286
6287
7791
5397
596
5444
3322
3350
3396
951
7803
3425
1286
8846
6699
8845
6700
4466
1287
7801
7797
7796
7798
7792
6288
5314
7794
6289
4376
8837
4262
4732
4700
7809
6295
4647
7808
7323
4623
7810
7812
852
1851
4177
7382
900
9158
2988
7206
6299
2096
3182
7821
5446
5445
6302
4908
3001
7826
5646
7827
7828
4477
4662
2681
6303
3732
7832
4186
1264
4936
6305
276
5300
7833
3039
5647
7835
7837
7838
7215
4399
7836
7839
4928
4751
4771
7844
736
7842
4802
3103
3373
7228
7845
7846
7848
7229
7847
7849
3125
7852
683
7865
7861
5340
7864
7863
6313
7862
7866
6314
1682
1002
7870
7869
4123
6316
588
7388
7389
7390
3055
5653
7878
1557
4433
2220
814
3394
4976
7881
4749
1820
6325
10841
5472
10840
10839
7258
7325
7326
6324
7888
7887
4362
2793
5656
4212
6328
2116
7891
4648
7893
7894
7895
2700
7899
7898
7897
4960
1068
6331
6332
4106
5657
7904
6336
3552
4338
7906
507
1840
7912
7911
7396
5470
7913
7919
7918
8612
8611
4855
3518
7921
7922
7934
7933
7936
7930
4747
7931
3738
7937
1021
5056
7940
6348
3073
10864
6367
7941
6350
4626
7946
7945
6355
7948
3785
7951
6359
6358
7954
3296
415
7950
6360
7955
3826
7953
6361
7952
6365
7959
4185
7960
3742
6368
5662
610
4493
733
7963
5664
7404
5665
10772
7220
7225
1140
3824
7971
7970
7975
7976
280
6372
7974
6371
3724
7985
7986
1599
7988
6377
5027
5755
4366
4673
6380
7991
7992
7994
4295
2099
7997
5408
7996
6383
3752
7999
7998
5058
3031
6384
8015
8016
8017
8019
8741
8736
8742
8740
8737
8743
8744
8738
8739
6390
8014
8028
1070
8032
8033
8036
8034
8035
5672
8041
1072
2292
8039
8040
7410
561
6412
7411
8046
8045
738
8053
8050
8052
8051
6413
1291
8057
743
8063
1093
8058
5316
2658
6420
6423
595
4359
2763
4717
4283
8072
8071
6425
8069
8070
544
7230
8074
8073
8078
8077
6426
2509
2845
4360
8085
8083
3303
8084
5680
8081
4429
8089
3780
861
7415
3366
3477
6435
8098
8099
3755
8105
4926
3818
7419
5682
1071
785
8108
1707
8110
906
7422
8111
3491
8112
8114
8113
128
4398
3006
8115
8127
1378
8130
8129
8133
8131
7424
7425
7426
8140
3817
6453
4252
824
3811
8145
6458
3420
4483
8146
2862
1541
2720
7436
8153
1461
6461
3019
8155
8154
4939
1292
2107
8159
8158
5691
6465
8168
4641
1293
6471
8183
8182
4481
8195
8196
6480
8198
2998
8200
8205
6483
8206
6486
6484
5005
8207
8217
8219
4807
8223
8224
5013
6489
9244
7442
5699
3414
7443
8243
2856
8242
4485
7444
3430
8259
6502
3820
185
6503
2841
1700
8428
6553
8426
4643
4165
6475
6474
4274
7445
6507
3798
3736
8272
4677
8271
917
3558
5700
8277
1723
6511
4656
923
8308
8309
8310
262
627
3332
6520
8314
8315
8316
8317
8318
4220
4470
5701
8328
3844
6522
8326
8332
6524
8333
8334
8331
6656
6702
8850
3567
8427
9622
4660
4944
1977
4767
4500
7461
8347
8349
4385
6528
4893
6532
4765
5026
5073
4921
6531
8353
2491
8354
8355
1590
543
8358
1296
8726
8727
8363
8364
8360
3753
8361
8362
8369
6539
6538
4425
7466
2762
7464
859
4386
5706
2733
8374
4364
4836
8375
8377
8378
3471
8382
8380
8381
6543
8384
2848
7470
4371
7469
8383
8387
4667
6545
8386
8400
781
7473
7474
7475
7476
1739
8410
4672
8411
8408
8409
1090
8311
2761
6551
8424
8423
8422
8421
8420
8419
6552
7480
2867
5800
7481
7482
7483
7484
2365
7485
6557
8433
6559
2471
916
6560
4374
8437
7549
5756
3704
5714
6565
3762
5477
970
3329
7249
8122
8118
8121
8120
8119
8123
8117
8462
1716
8461
4263
8466
3505
7706
2495
5410
9088
8470
8473
6583
8474
5716
8477
2823
8478
4503
6582
8107
5014
6588
4710
6593
3051
5289
8489
8496
2032
8497
8494
6595
5676
7412
5677
5678
7413
4759
6599
6598
3533
4196
1581
7503
8505
8506
8504
8512
8515
580
4494
5720
6604
8529
8528
8530
7262
5721
5722
7182
5723
8534
8541
3725
4938
1703
8545
8546
8547
8548
5724
6609
7507
7508
5725
579
4205
8555
6610
8557
8560
8561
2493
4417
6611
8563
8562
3909
8565
8569
5322
8572
8576
8577
431
1984
6615
3741
6614
9097
8583
8585
3546
8586
8584
3853
8588
4676
3037
8589
8593
5728
1110
8594
6617
1300
8597
8598
6618
8596
8599
5480
8602
8604
8603
8605
4639
3003
6622
8609
4823
6621
8606
6958
8607
9245
8614
8615
8616
6623
8619
5730
6624
3328
8633
4902
8634
924
8636
1102
8639
8638
8642
8641
8640
6629
8635
2066
3549
5732
4957
6639
4341
8648
8650
8652
8651
6633
8649
6634
8653
4947
8656
779
8660
8662
6636
8665
8664
8669
8670
2849
8677
6645
3032
8668
8685
873
8841
3229
164
8691
8692
2377
3510
8694
8696
8695
3044
6646
1301
8699
8701
8705
8698
3577
6648
8700
8711
8712
1302
1578
6653
4115
2199
8731
8732
8730
4160
6661
5043
8750
143
6675
8088
5447
7524
1303
2467
8764
2475
4650
8772
6667
4890
8775
8779
4738
6670
5409
5332
2081
8785
8784
6672
4671
3009
7513
5727
8792
8794
8795
1094
6676
6677
3550
5739
8801
8802
6680
8804
4900
8803
684
8806
6681
4949
931
8807
8808
4814
8810
8809
6682
5742
8813
8812
4489
8816
8817
10778
3299
10777
10776
10780
1399
4384
7536
5743
3506
6687
6686
8822
6690
4287
4277
6693
2061
8832
8834
918
8831
8830
4714
1077
3494
6307
2743
6698
5748
8842
8843
8852
8851
935
4970
8855
3814
6709
6322
8867
6712
6705
6707
4657
8869
8874
8872
8870
8871
8873
8875
8878
8877
4739
8889
8891
4905
1232
4760
8893
4663
8897
8895
8896
8899
6719
4403
8904
8903
2987
6722
6723
8912
8911
8910
5757
8913
8914
8915
6724
8918
3047
8925
3524
8924
8923
6725
4462
2183
3527
3727
6726
6727
8933
3861
8934
8935
8936
6729
8937
7555
8943
6731
8942
8941
6732
6733
8946
8947
8945
4863
8949
6734
8950
8951
4649
8948
5760
862
4191
4818
4219
1307
6736
4711
1709
6737
4678
8954
8955
1089
6738
8959
5763
7560
4954
965
7816
7817
6298
10752
10751
7197
10750
2361
867
6741
8998
6742
8997
4445
6745
2860
9003
5767
7569
2742
5766
2078
9790
7571
4722
3024
2464
9011
9015
9014
3046
3765
6753
4876
9026
6755
9025
9022
3365
948
9019
4782
6754
777
9029
5771
7578
3541
4379
4410
2472
6758
864
1083
9043
9047
4986
9046
3030
9045
6555
5710
6168
6762
9048
2498
9049
2853
5772
9055
9058
9059
9057
9067
4490
9062
9060
6765
6764
9063
9073
927
9072
9071
1310
2290
4758
1500
9083
9084
5774
1085
5358
5024
6641
3334
6769
9092
2501
9170
9099
9098
6773
932
4769
9103
9104
6775
9109
6782
6781
6784
4704
6783
9111
9112
9113
3297
6785
9122
9123
6788
4419
9135
2136
4684
6792
9152
4935
9155
9154
9153
4720
9159
2850
4761
9161
3335
6797
5779
7604
2155
5382
5329
9167
9166
3829
2764
7885
4896
7606
7605
6798
9168
4260
9171
5451
1311
9172
9173
5375
4448
4280
7920
7923
4697
7224
7924
7925
5781
9175
9176
3395
9179
9184
542
4838
4206
6803
3364
9187
9186
567
5783
7618
7617
5784
589
3048
9192
3819
9193
9195
9197
9199
9201
9204
4432
9205
6805
3531
4764
6806
5786
7625
2295
3822
4904
6807
9213
4790
6728
6867
5496
9217
6808
9218
9219
6809
6810
3744
5788
6811
6813
9224
3508
3740
4166
692
9226
9225
9229
9228
9227
7635
1396
7634
4799
2067
5792
1084
4742
9720
4933
7000
10025
5805
9246
3361
4285
7636
6473
4709
3813
9250
4670
6818
9254
9255
2168
6294
7807
9266
9263
9267
9269
1603
3703
4883
4488
9275
9276
3777
9281
3786
383
6830
6415
3007
9286
6829
3542
9258
9256
9288
1275
9294
9299
6832
4972
665
9304
6834
1312
4887
6836
5294
6835
9309
9310
9305
4930
9319
9315
4401
4242
7638
3584
6669
9325
9323
9326
9324
9322
9336
9337
3485
9335
9338
5418
1313
6842
5378
6841
4882
9352
9354
9353
9359
10779
2031
5347
5348
7303
7302
4421
9363
3793
2184
5765
9377
9380
9376
6850
9374
5359
5360
9375
9372
9369
4716
9381
4188
9383
5500
9384
6852
5384
9382
2846
1314
9395
9397
6854
9396
10883
5385
9406
9405
3730
2237
6857
6861
6863
9422
9421
1565
9409
9407
9408
9433
9430
6292
6446
4117
9435
6866
7642
6868
9454
9451
9456
7643
7644
9447
1315
2997
9462
1091
9150
6570
4342
1316
9477
2216
6874
9475
7241
9478
6876
6875
9470
6873
6872
9471
9468
4468
9483
9487
6877
5001
9486
7440
7439
4275
6878
9494
9493
3772
9495
3801
9519
9518
9516
2468
9508
3423
1828
5803
3499
3540
10799
3378
1629
10800
926
1776
6883
9534
9535
4872
4918
9537
9538
2989
9539
9545
4688
7645
1317
3481
9546
4192
9481
2476
3731
6888
9554
2094
5386
9572
9571
4253
6890
9577
9584
6787
4922
9444
5799
4340
9443
5808
3348
7646
7647
3789
9596
9595
9611
9612
9613
6893
1318
6895
1319
4682
6478
9647
6898
9644
6899
4867
7651
5813
9648
9649
6902
6901
9651
9652
6906
7650
7648
7649
9659
6907
6908
4409
9669
9668
6422
5304
8064
9680
6912
9697
9695
9698
4854
3022
9702
9703
9704
9715
9716
9714
8666
6642
6640
9710
4809
9712
9719
9718
4791
10758
10757
4147
3287
7216
4476
6916
4428
5423
3511
3493
1602
6918
9747
9750
9746
6917
9757
9761
9765
9767
9766
4159
5380
5379
2360
489
7840
3415
3778
6921
4919
4940
4913
6923
9789
6924
9797
9799
9801
6925
9798
8493
9802
2291
9807
6926
4862
6273
6274
1306
6928
3760
6930
205
1320
9830
9831
6933
7275
1610
5441
3342
1804
5817
7653
5816
5818
1771
1770
958
6938
6936
9846
7199
5819
6939
6935
6937
9849
8658
6635
2470
9855
4199
6943
6940
3782
9876
9874
9875
6945
4669
5452
8969
7381
7384
7383
9886
9883
9885
9887
9869
6944
5820
1920
9888
7655
7654
6947
6948
6949
9897
1322
3788
9902
6951
9901
9905
9907
9903
9904
6692
6952
1290
9912
4388
3043
10882
10135
3774
9925
3317
4278
5777
7657
7656
4740
9932
4482
7333
5821
4843
6955
9939
4405
6954
9936
9938
6957
9944
5822
9947
4469
8776
9959
9958
9961
9953
9952
9951
9966
9967
2277
9141
9142
9143
9144
660
8751
8754
8753
8755
8752
6663
9973
9976
9975
9974
4766
9988
3428
6962
6963
5343
5824
9997
4731
9995
4898
10000
6964
2735
5402
10001
5733
6967
4892
2069
7660
7659
1324
1323
10020
6796
7658
5825
6968
6971
6970
6969
10024
4361
4122
6974
8725
3012
3344
3784
4834
6975
1304
5827
4143
7662
4412
7661
7663
7664
6977
6976
10026
6978
10027
6979
2708
10028
4706
2677
6980
805
7665
4480
5483
7667
7666
6982
6981
6972
6973
6983
10029
10030
10032
10035
6984
10031
10034
10033
4279
7668
5828
2785
10036
245
10037
10873
7037
10872
4276
7693
5836
7020
3023
3794
10094
7010
10095
7015
7007
10871
7038
10169
10870
3779
7039
3028
10170
10038
10039
3333
1325
5675
3419
3529
10040
10041
4406
10044
6985
5829
10043
10042
6986
10046
10045
6987
933
10049
10048
10047
593
6988
6989
6990
10050
7218
3548
7669
3386
6991
6992
6993
10051
6315
6994
3734
6995
5377
10052
1327
10559
10185
8204
7304
7305
7306
4255
7671
7670
6996
10053
10056
10054
10055
6998
10057
7340
6997
4170
10061
10060
10059
10058
5363
986
10063
10062
10065
10064
7307
6999
10066
1328
5830
7672
4158
10067
10068
4812
2071
7001
7002
10069
10071
5831
4423
9016
6789
10070
4848
10072
10888
1329
10073
5832
7003
10074
4743
10075
6567
10076
5833
8581
6613
4779
4629
7004
5497
7676
7675
7674
7673
5455
5454
4218
2746
8734
6658
7677
7678
4281
7005
10079
10078
4424
10080
4460
10082
4259
7006
3301
10083
10084
4439
10081
7008
10085
2741
10086
7009
10087
6492
6494
8225
6493
10089
7011
10088
5498
6695
4735
10092
10090
10091
7499
5478
7200
10093
7013
7014
10096
3339
10098
10097
4781
10100
10101
10099
5834
10102
7017
7016
1825
8502
9127
8086
10103
7308
10105
1331
7012
2539
5361
5362
1330
10107
1099
10108
10109
10106
7528
7529
10110
7309
4130
4339
10116
10115
2485
10113
10112
10111
10858
10856
10854
10857
10855
7022
10117
7021
10118
10120
4734
7679
10121
10122
10119
7023
10125
7024
10124
10123
10127
10128
10126
5373
3363
10129
10130
8689
10132
10131
7026
10134
7025
10133
10136
7027
10137
3787
2110
10138
10139
7682
7680
7681
1333
10141
10142
10143
10144
10140
7028
4773
5364
7684
7683
7685
3326
4437
2221
3751
7029
10145
5331
6714
7030
7031
10148
10147
10146
1344
10149
8839
5696
7033
10150
10151
7032
10152
10153
10154
10155
4696
10159
10160
10158
7688
7686
7687
4111
7034
8659
7035
4402
5835
742
7689
2707
10161
3476
7385
10162
6749
7036
10163
7691
7690
7692
10164
10165
4440
662
10166
10167
10168
10172
5837
10171
10173
7697
1943
5838
7696
7695
7694
7040
2208
10174
4741
4752
10175
3020
10177
10176
7205
5306
5839
5403
4762
10178
1096
3497
7043
7041
3526
7699
3515
1097
10183
10181
10182
7044
7042
10179
10180
5840
4870
10187
10186
7702
7701
10188
3538
10189
3279
10191
10190
4784
3492
4369
4418
7045
10192
7046
2087
10193
1100
7047
10194
4777
7048
4842
7049
6931
6932
7051
7050
10197
10195
10196
7052
7053
10853
10851
1198
7334
10852
7337
4243
10850
7336
7335
10198
7703
186
3796
10199
10200
5330
10201
3512
7054
10202
10203
4216
10205
1101
7055
7056
10204
10206
10207
10208
5841
10209
5456
7310
2488
10211
10210
1345
952
795
7207
7058
10217
10216
6748
10214
10215
10218
10219
10212
7057
10213
4877
7704
5842
7059
1346
3749
10220
8448
10221
10222
7060
3362
1347
10223
6747
4187
10225
7061
5458
10226
10224
7705
5843
3367
10866
7090
10299
7062
4800
10227
7064
7063
10114
10878
7065
10865
7092
7208
4380
4646
9009
5738
8782
8781
8786
10228
780
7066
7068
10229
7067
8622
8623
4878
6573
8460
8459
8458
10230
7069
10231
4718
10232
2198
10233
4193
10234
10869
8169
8171
10235
7070
10236
786
10239
10240
10241
10242
10243
7071
10238
10237
10244
10245
7707
7072
4461
4894
10246
10250
7073
10249
10251
10247
10248
3776
10252
1348
10254
10255
10256
10257
3758
5459
7312
7311
1349
10264
10258
10259
10260
10268
10267
10263
7074
10265
10262
10261
6715
7708
8881
5753
8884
8883
10269
6399
7076
10270
5383
7242
7078
10272
3756
4140
7709
7079
7077
10273
10271
2689
10274
10275
10276
5844
4780
10277
7080
7081
10278
3517
7082
4215
1350
717
7083
10279
10280
10281
10770
10769
1142
7226
7084
10282
7085
5366
7086
10283
10754
5501
10755
6443
6445
4357
7710
7711
1351
10284
4438
10287
10288
10286
10285
7087
10874
7106
10876
10374
10375
7714
7713
7712
1107
6345
10289
10290
10291
7018
7088
1106
10292
2847
7089
10293
10294
10296
10295
10298
10297
7961
8091
8094
8092
8093
10301
10302
10300
10303
7091
5372
938
10308
10309
10307
4685
10310
7095
10311
10312
7093
4457
7094
10314
3728
10315
10316
4787
10313
10304
10306
10305
10317
1105
10321
10320
6418
10322
10319
10318
1352
7715
7097
7098
10326
10323
10324
10327
10325
1104
4254
2745
7099
7716
5845
7717
10328
10329
10330
10331
3754
10335
10334
10333
10332
10336
1353
10339
10340
10337
10343
10342
10341
10338
6397
4803
7096
10344
10345
10346
10347
2080
10348
10351
10350
10349
10353
10352
7100
10354
3257
5357
3300
10356
7101
10355
4776
10357
7301
10358
4821
7103
5846
7102
10359
10360
10361
10362
10363
4128
10366
5847
10368
3771
10367
1355
1029
7105
4449
4774
10371
10370
10369
8821
8824
8823
5737
10372
10373
2238
7718
7720
7719
6414
1356
10376
10378
10377
1357
10381
5848
10380
2669
7219
10379
10382
10383
4390
10384
4824
10386
10385
7721
2787
7250
972
10787
7251
7107
10387
10389
10388
1141
4441
4638
5355
4144
10391
10392
10390
10396
10395
4701
7109
10394
10393
10398
6544
10399
10397
10402
10403
10409
10405
10406
10408
10400
10401
10407
10404
10104
7019
10253
1359
10411
10410
7110
10412
10413
7209
5311
7112
10414
7111
7113
10419
10417
10416
10418
10415
7114
10420
7815
4632
6398
6402
6400
10421
7724
4288
5850
5849
7722
7723
10422
10423
7115
4459
10424
10425
7243
7244
5328
4444
10077
7116
10426
10427
10428
10429
10430
7117
4858
6941
9864
9863
10431
10432
10433
10434
7118
5354
1354
10435
10436
2482
7119
10437
2994
4633
4157
5851
10438
4795
7120
9911
7726
10440
10439
10441
5852
10442
10443
10444
7121
1109
10445
10446
7122
10447
10448
7731
7730
7729
7732
4827
10449
10451
10452
10450
1361
7727
7728
7698
7700
4775
10453
7227
5309
5308
10784
10783
10782
10781
10454
10455
10456
7123
7124
10763
10764
10767
10766
10765
10768
9292
9293
10457
7108
4804
3210
7733
7125
1362
1111
10458
7126
7314
7313
10459
7127
10460
10461
7128
7735
7734
7736
10462
10464
10463
10466
4826
10465
7129
10184
7210
7315
5457
939
7130
7131
10266
7075
10467
10468
10469
1363
10470
10471
10472
9530
7240
10473
10474
6786
9120
10475
10476
4435
1364
10477
10478
1365
10479
10480
5352
4169
5353
8278
8279
10538
10512
10513
7132
7652
10484
7133
10483
7134
10482
7317
7316
7135
9679
9678
6910
9676
9677
7806
7805
7804
7737
7318
10485
8745
3718
8996
8995
4687
1103
1597
7136
10487
10488
10490
10489
7137
10491
7377
5639
5640
10486
10879
10880
10526
10527
6847
6846
9346
10492
10881
10532
10531
10530
10533
7740
7738
7739
10496
10494
10493
10497
10495
10500
10499
10498
10501
4833
7138
2477
10502
10503
10508
10507
10506
10504
10505
1366
3191
10511
10510
10509
7139
10875
7141
10515
10514
7140
10518
10516
10517
5481
7743
7741
7742
1367
10520
7142
10519
10521
7916
7915
7914
10742
10743
10524
10522
10523
8683
631
7146
7145
4383
7147
7144
7143
4857
4852
10525
7744
7745
3018
10528
10529
7148
7149
10535
10534
10539
10540
10541
10542
10543
10544
10545
4214
10546
10536
7150
10537
10548
7151
10549
10551
10550
10547
7746
10552
10554
10555
10553
7152
10557
10558
10556
10561
7153
7154
10560
10562
10568
10567
10566
10569
10564
10563
10571
10572
7155
10565
10570
10573
10574
7156
1368
10575
10576
10579
7158
10578
7157
10577
5853
7747
10581
10582
10580
7748
10583
940
7750
4451
7749
3017
10585
10584
10886
10608
10609
10157
10156
10587
7160
6291
10586
10589
10588
7159
7246
7245
10590
10591
7319
10592
7161
10594
4839
10593
10595
7162
10597
10598
10596
6290
10599
10600
7163
10601
1369
7725
7751
5854
7165
10602
7164
10603
10604
10884
10605
7167
7166
10607
10606
10610
7793
7799
7795
10611
7753
5856
5855
10613
10612
10021
10022
10023
5826
7754
7756
7755
7168
4835
10615
10614
4825
10618
10617
10616
10620
10619
7757
10622
10621
7752
10624
10623
10626
10625
10629
10627
10628
10630
10631
10633
10632
5857
10635
10634
10636
7169
10638
10639
10637
10640
10364
10365
7104
1371
6416
8059
8060
10641
10642
8854
10643
10644
10645
10646
10647
4847
10651
10650
1112
10654
10653
10652
5858
7171
7170
10648
10649
7758
10656
10655
10657
7172
10659
10658
5351
5350
5349
10660
10661
7760
7761
7759
10663
10662
10669
10667
10668
10664
10665
10666
5859
10671
10670
10481
10672
10676
10673
10674
10675
7519
7518
10677
10678
10679
7763
7765
5745
7764
7766
7762
10680
5860
7767
10682
10681
7247
7248
7173
10683
10684
10685
10686
10687
10688
10689
10690
7174
10691
10692
10693
10694
10695
10698
10696
10697
1374
7768
7769
10699
7175
3246
10774
10773
10775
7176
4837
1375
10700
7770
7771
7773
7772
7322
7321
7320
10704
10703
7777
7774
7775
7776
10708
10707
10709
10706
10705
10713
10711
10712
10710
5344
10714
10715
10716
7778
7779
7780
3015
10718
10717
10719
10725
10724
10723
10722
10720
10721
7211
7781
7782
7783
10702
10701
7178
7177
10726
10727
10728
10730
10731
10729
3014
10733
10732
10734
10735
10736
10737
10738
7179
10877
10739
10740
1376
4217
1341
1335
1337
1339
1340
1342
1343
1336
1338
1334
