1801
4149
1558
2634
64
1989
1541
2967
10728
441
3342
959
7168
991
4596
4091
1503
2968
988
4089
2677
10729
2637
4090
10731
1698
1749
3252
10730
5447
179
896
10720
193
2423
1212
3676
4087
3681
2310
3240
3239
4082
10725
408
2123
1468
7166
1418
10717
873
4595
1051
2636
2026
3679
10722
1965
496
7170
10723
3238
10719
5273
10718
1480
803
698
7167
406
5272
437
5275
2765
1431
1047
2966
876
5276
330
4085
2102
10726
777
4086
1939
1938
370
5274
1159
513
1792
393
647
616
7165
10727
2635
1472
26
3680
2698
90
3268
10724
2739
376
1470
3678
3677
607
7774
5848
5471
279
2308
7773
1292
149
10714
791
200
4591
5268
1277
254
7164
10
280
126
215
49
175
144
687
10715
2638
624
2425
5446
285
1897
4110
3305
10721
3234
58
31
318
82
2424
1055
4084
10716
5269
440
10712
2427
7162
1514
5270
189
1812
10713
1988
12
5843
86
113
2701
369
11
3235
5263
394
1030
1114
456
815
7772
1167
5846
1108
1896
872
63
520
940
10697
1546
384
4083
897
3232
5265
3233
5271
7161
2964
1205
97
5264
478
3230
1899
50
2120
10710
3341
2633
10704
3675
10708
1721
5266
5844
2660
334
10699
5267
43
1843
1952
546
1928
1804
3228
5847
3453
2764
2126
10711
718
1922
1647
5845
2962
580
1600
829
1820
388
5842
1479
1145
1183
2961
3448
2963
1891
176
5259
998
10702
2960
10698
2426
3231
3236
10703
61
5
1300
13
3237
341
464
273
4066
7159
466
10709
3227
2623
5255
653
3223
1984
7158
5261
3668
4080
885
10707
4592
4594
3674
4593
274
3673
322
3340
2629
1619
7163
5252
124
10696
4068
5254
7144
1452
2445
3258
4079
5256
5260
2627
1201
887
2799
677
10706
2761
396
971
2763
2762
5445
433
2332
5401
2148
206
5309
1118
178
1933
1112
28
233
10747
1798
2956
7141
416
10689
4169
5253
4073
266
10691
950
201
69
14
192
210
46
4307
399
4081
7137
7142
570
4587
1264
10685
7143
4067
2193
4181
5469
5470
3671
2420
7770
1595
10692
3666
5835
2624
3339
3225
574
1448
3452
7147
78
983
5250
245
374
4196
4069
1692
4588
7320
1021
3394
604
3447
1618
492
2632
2421
561
136
10687
830
3372
3229
1195
2643
7138
101
10694
4
24
2419
6
473
40
3226
10693
5243
2320
7153
5245
7154
4125
3222
1981
4070
1175
10695
3299
7139
4076
1171
511
1689
2250
1368
10672
5249
1193
195
4077
3221
1011
10686
3310
171
1670
5244
10678
1416
7148
7173
4063
2656
10684
9
615
1722
337
7151
7136
297
5840
4223
10681
2094
7152
10680
514
1748
2798
1430
351
10690
10688
4072
5247
4074
4075
2954
1580
2625
4078
62
3669
3667
7145
5257
1971
1059
2631
7150
4217
975
3361
2630
1785
48
10671
799
2626
2054
365
5246
2163
1937
3665
234
4062
5841
4059
7127
3362
4584
313
5241
10666
667
2307
1390
3395
10673
137
402
7130
5238
7128
10679
4058
3297
7133
10676
7135
7129
4054
4057
573
5382
10683
1673
241
3672
1587
10682
701
7131
1612
1019
1526
1664
1306
5838
2415
1392
5839
7132
2959
10674
5233
10667
2203
5837
228
684
151
10677
518
70
47
209
59
980
1164
5409
1574
7118
2025
10655
1305
1437
2616
7123
2619
1759
1285
1188
7126
1706
10668
3218
2955
4055
2124
3219
489
702
3220
2621
1399
4577
371
10658
1169
4580
1509
4056
3659
2043
1228
10662
1679
7122
1110
4258
5231
1515
446
969
1932
2951
3298
4579
735
952
4061
1428
98
2947
1499
2615
38
5236
157
1403
7781
579
2416
2948
1260
852
182
2614
377
1764
598
550
302
10663
509
1745
153
719
1511
10661
2071
2107
710
10656
10659
2952
2169
2422
1662
529
10657
1582
83
1751
3446
5444
7121
116
2620
7124
1144
5235
1456
484
5234
340
5237
1453
1434
5834
10660
4060
4305
2221
1197
246
3663
4216
5833
3660
1855
173
326
52
81
239
166
29
488
1203
2418
1396
10647
2417
7115
7120
10649
1775
1225
2204
5222
5239
338
10664
10665
2617
2613
2414
373
2150
2030
3664
1953
5232
1407
1695
10654
10646
605
1844
2618
2949
421
194
1146
10648
2306
4053
7119
2953
146
606
4582
5217
2251
10642
10643
4107
1968
10653
979
806
1229
5230
519
452
4312
853
2261
60
569
17
2610
79
360
10645
3662
7769
7768
4581
372
5832
2325
7117
10651
2950
10652
5219
10650
247
2943
7116
565
4195
154
2200
1641
1654
2243
2676
5830
1789
72
635
380
1451
5831
5829
4306
972
5411
1634
392
10632
7110
5225
4578
2946
3250
5226
23
10641
4049
293
10635
10637
10636
118
5262
5223
5825
636
381
4140
1800
3393
4574
4046
3652
10638
1747
668
327
1483
5240
2609
1369
3657
646
2659
4048
5313
5443
7313
1588
3338
4257
3654
961
1077
1632
2945
1510
895
1466
7111
10640
3658
147
4576
5478
1545
2412
742
4051
42
10633
3215
350
2649
5306
7217
592
2644
5308
7205
4148
4147
1551
10766
7218
1821
5307
1927
2797
2137
3442
77
3653
3651
2709
289
3213
558
7113
2305
5229
5828
826
855
5215
471
1672
2759
10631
2317
617
4052
557
1674
2612
1964
4573
10634
7107
5227
10625
2607
1178
1365
4047
603
7106
1902
2944
4044
1615
2608
5218
1442
1742
1482
152
1401
10619
308
3211
1602
2942
3656
919
2246
10620
73
1492
1202
2431
567
5823
5824
1697
3214
10630
3444
5228
2238
240
10615
2611
238
10616
3445
2408
1327
828
4096
7767
3443
109
4166
4575
956
5827
822
434
1728
584
4215
4304
2319
15
1422
131
436
257
16
33
20
5210
7264
1488
156
7102
10623
858
7100
2410
10622
7104
2055
10621
694
2130
590
409
7097
1942
637
7103
729
4043
5221
536
542
1386
7109
4045
5216
339
224
1831
10639
1454
1605
420
2760
10628
5213
5212
454
7112
7108
5224
10624
2303
309
10626
522
7098
1498
597
10617
7099
1380
5211
2413
7105
951
108
10618
4033
756
1
25
2
553
132
7093
1425
3209
515
4032
10610
5209
7763
2409
7766
1592
3655
7761
1192
1625
2679
1645
10611
1685
260
846
4037
10608
4042
4041
2941
4040
2600
2175
669
1524
1004
92
7312
328
7764
4572
7765
5822
7762
843
3644
1890
745
575
5820
1505
4570
1636
1864
709
3646
2683
2697
7096
398
2603
67
874
1234
5379
10782
4189
7243
4187
10781
3300
4164
7223
5380
7224
2699
10780
5353
7244
2218
4188
3326
1799
5381
10779
4039
214
2639
134
2407
1913
2028
10607
4035
10612
3647
161
1993
4162
5208
287
641
2301
1994
3648
1566
10613
10609
10614
34
355
2115
2936
1761
1607
10602
2304
1450
10596
5821
796
135
4038
2940
2309
7095
10600
2605
2302
5207
300
80
7094
1044
10595
1743
2937
4311
10598
1198
10603
397
3650
7
2411
10597
5204
1720
1173
4036
711
7757
786
7756
5819
1683
1125
5203
7092
7088
7087
1802
188
1951
3643
10605
4027
3208
1507
4568
3210
2606
3645
2939
525
1168
1603
1366
1601
3441
2723
4571
10604
5206
2598
797
7090
4034
2601
766
10601
7089
1885
87
2602
7091
3370
1561
10606
2235
127
10599
3204
422
787
7082
562
3206
7081
3205
5199
3203
2736
2205
4146
7239
7238
1529
7237
3280
2670
4197
7202
532
1520
1363
1960
32
3649
7760
7759
4303
7758
2033
10591
7084
5200
10592
7085
721
1598
4028
5198
10594
453
4569
10593
7086
4030
1481
4031
1210
5201
1840
2050
1235
3207
5202
3641
2811
672
2735
1955
2933
4029
354
3202
387
94
364
1150
7083
428
2155
10580
788
10587
4193
4318
1957
7080
1758
5205
1586
5482
455
1517
1553
10589
2713
973
10579
705
5814
5813
5811
5816
3640
1194
2690
7753
159
5196
10577
1620
10578
7079
2299
7752
5375
271
5818
1774
1950
2300
10586
10583
3637
2597
5812
2932
4094
2934
5817
7177
7746
10585
609
10582
3639
839
2268
10581
5193
7078
10584
1525
10590
3642
10588
1119
4563
4564
114
2935
1400
1921
5809
4565
4132
2595
2023
4161
284
1182
3337
491
1156
10571
2702
4194
535
1469
4020
2599
10575
1382
7072
2680
1666
4022
2592
4302
1940
1639
1893
7750
1868
2406
7751
1912
7748
7747
7749
2805
447
1610
5188
5185
5195
5810
7075
7066
5194
2593
3191
666
4026
10568
5258
1552
55
7070
3194
527
5291
2802
4024
5808
7073
10567
7071
2024
2929
1185
3197
1495
935
3199
1726
1568
4023
3195
10576
10569
316
4025
10570
549
7076
4021
3193
386
10574
3256
10573
356
4567
5184
7074
7077
3638
7069
10562
4559
3198
196
172
110
548
10560
115
10558
5197
2405
10565
10563
1054
4317
3201
3196
3200
10555
5190
10564
2930
3635
4560
7064
10557
3192
1031
100
219
112
336
5807
691
237
53
66
3
39
1008
10566
10554
4018
10561
7065
5186
3684
4562
832
1628
2401
395
37
359
167
7063
2027
4566
7062
2931
10556
3185
4601
724
4561
5192
4329
5181
10559
632
7060
750
430
7057
10553
391
1252
10551
10548
4009
232
1621
3632
2591
1432
2928
5183
2801
10544
3217
2589
4016
10547
2117
1304
10552
628
5413
4013
51
4014
1533
5179
7058
1740
2796
712
1226
1754
5174
3186
4017
1978
3190
857
329
10550
231
10545
10546
5180
4556
7059
5182
4011
10549
1439
1667
3189
3634
3187
845
4127
435
949
1534
7054
1554
5175
2588
1638
10534
4557
10539
3188
4558
10531
4010
954
568
10535
10537
10533
403
10542
1832
2186
2331
95
2590
449
3184
5804
5806
1154
1141
1724
367
663
7055
1936
342
10536
7051
1750
10538
4015
2199
5176
2586
10540
3176
4004
3633
7053
10543
3177
7052
1311
7056
2926
4001
4555
2111
10532
4007
10541
7252
506
2927
211
487
1461
10521
7042
3178
3392
4002
10530
457
3296
2662
207
3295
2404
673
7047
1208
432
1752
2298
7046
2585
1116
2921
1536
612
7745
5805
2154
1161
1738
1395
3179
879
10524
10523
10522
7045
3183
2403
1919
304
5172
697
1863
5171
2582
850
5169
10529
2297
315
2924
10528
7049
1013
10526
4006
3181
1947
2161
7048
5170
2400
690
552
2153
4554
10520
268
1135
1123
2722
849
1626
7044
3182
305
405
7043
2587
5178
4012
5177
7061
1402
3685
1872
2012
465
2402
4553
7743
4551
2795
576
4301
974
773
4000
2581
4600
1457
10508
5801
1930
1174
1959
5167
1504
10517
4552
7050
2245
1378
5173
1809
743
490
5164
2922
5800
5168
10527
572
5165
2073
3627
5403
10525
2133
4124
1854
3631
7744
119
1427
5802
3630
2920
5162
1944
2242
5166
10510
1982
2207
2925
5158
5159
2053
674
2578
3308
5803
74
2923
3629
683
5798
1060
3998
2648
142
7040
10509
4123
1231
226
10505
3180
2318
761
10518
10516
10515
10514
10504
10513
2327
10519
7041
10512
596
686
7742
1153
7741
5155
10496
789
3996
2444
2162
7038
7039
3997
3628
4003
1969
324
10511
2583
1935
256
299
10497
1447
10494
3994
670
1886
3993
10495
3173
1806
4300
4299
216
824
10498
813
22
1440
2584
1037
10502
1361
7030
1669
2394
5157
283
2090
130
2390
290
7033
3171
7032
1317
2396
10501
68
7037
10500
1486
3989
10499
794
7036
10483
10486
1006
3992
3169
10484
10487
1217
21
379
4117
145
71
1128
7034
5160
5477
191
450
1236
30
5797
1646
564
2263
3991
7031
10492
7035
5795
2398
3172
2022
3170
633
4214
2708
1731
7024
10493
10491
5794
5161
4256
836
1827
4095
2395
5793
7738
7740
1424
7739
5391
3625
526
412
7029
4548
306
1142
7027
875
1032
5146
5156
2064
96
10485
7025
5163
2316
10471
5854
10473
2792
10475
902
2393
7023
688
10463
5153
1465
10474
10470
1117
10465
5151
7012
10478
3982
5152
3167
746
10479
10480
2046
5792
3624
4167
5154
1131
7022
7021
7016
4546
494
7018
2399
5791
1782
10469
1445
7008
3168
2917
1702
2916
3620
5220
4543
7013
344
817
2696
10462
2712
5148
10477
7015
5142
5785
10481
5143
1590
1162
229
1389
1387
418
3439
7020
3165
10466
65
3164
3440
7736
5788
7731
2918
7729
7737
7732
10472
2177
3622
7009
10468
5144
1478
521
10482
2443
2045
3623
10476
2397
10467
2577
7114
1911
3621
3162
10464
1200
2576
7735
5786
2295
2392
2793
7733
5790
7734
2790
866
7730
1372
2391
2791
2011
1129
985
3159
7011
10454
10457
7010
1215
258
2296
966
5149
3161
1111
10455
3987
3437
7014
3986
7019
10451
2212
1459
7005
5145
230
4093
10461
10458
3988
5304
3984
2247
76
3983
44
7003
807
2085
10453
5783
7728
795
7726
583
10460
468
2575
837
2574
5150
93
107
138
1467
10452
7007
5138
3980
3360
987
7004
10456
3163
3166
7006
10459
990
264
1962
5784
120
4545
1633
7727
7725
3438
986
5789
345
1033
10449
1053
3995
10450
6994
325
1701
1923
5137
2914
5141
1847
3174
2919
2689
2034
1883
835
10445
2036
223
7000
6996
2915
5441
2059
1755
7001
10448
3618
6995
5136
3160
648
1594
1693
6993
2913
5781
5782
19
10442
3981
530
6997
3979
5442
676
5356
2136
2173
10447
10446
4542
622
5140
5139
6998
220
10443
296
10444
7724
1707
3436
248
5780
3619
5778
6992
6990
6991
2192
3158
3978
1659
349
10437
10441
4255
10438
6988
5134
5395
2572
984
2912
5468
10436
6989
2744
2389
1768
2695
2388
199
10439
10440
1889
4540
10433
5476
6986
6987
10435
10432
793
2573
3617
10434
10431
5135
3976
2387
3977
2970
1213
3157
1668
3156
3451
1562
753
4253
962
2051
747
10429
5129
2688
5132
3974
3271
10428
2108
10430
5130
2386
3973
88
378
6985
2020
10421
10420
5775
4536
5133
10419
5131
4534
4533
7722
2009
286
1391
3975
10422
1631
1976
7721
3616
1029
1881
601
5439
2756
5440
3391
2220
1187
170
10424
1543
6984
2757
10426
4539
1508
1985
10427
7319
10425
5124
1622
3970
4538
955
3972
5128
1121
5126
5769
10414
3455
2326
2789
5773
6975
5774
2021
6980
4530
5122
4298
4252
1224
3683
310
6981
1057
10418
3971
4529
2066
560
6982
5772
5118
703
6983
6977
469
3154
5116
5117
2569
5119
1429
2570
2658
1786
1795
2001
10413
6973
6979
2571
5121
10415
10417
678
2321
2738
217
5770
1882
871
4100
4603
3687
5280
10416
556
5120
6978
6976
6974
2068
89
36
2096
4532
10409
5127
7185
1851
3155
2641
5123
1420
4531
2217
4254
2195
7309
7310
1875
7311
524
183
5125
5853
4297
1009
3325
2647
2909
1415
2293
4535
2910
462
2628
10412
651
3153
3615
10408
10410
5115
10405
2081
2072
10407
5771
2788
1719
1262
10406
3968
10411
4088
10404
3279
6972
2911
5113
844
6970
3966
2322
4528
6968
10403
3965
6971
1383
918
2568
3969
1609
5112
10402
5767
1490
2031
10400
6969
461
502
5109
3614
1769
1725
501
3152
5768
5111
3967
10399
10401
6967
4168
3151
581
5114
1237
6966
1476
2908
5400
5110
3148
2567
3963
6964
2292
10396
2906
2907
10397
410
10398
1477
3150
5108
190
2905
10394
654
5106
805
1848
7715
7718
7719
5796
7716
6965
10393
10392
1640
2180
1884
303
3263
10395
3964
1828
1542
3610
5107
946
3611
7717
5765
1946
3613
1139
2219
585
878
6961
2566
1028
6963
6960
6962
2565
10388
263
1910
10391
5073
6909
2374
10387
5100
7184
10389
3612
10390
499
5099
1569
250
1963
1122
7318
1956
4526
4525
5766
6957
730
6955
1501
6951
744
3961
10386
1238
5764
4296
2904
5763
5762
1967
505
6953
3962
7714
10384
5104
6950
3323
3146
848
2383
1376
5101
10385
5103
2384
7216
1124
10382
10376
333
1475
10381
6958
10379
2385
443
6959
6956
5105
448
6952
4524
6954
2118
1239
2903
3365
2561
10378
10377
3145
4522
3958
3609
3959
321
10372
2381
10373
1681
10374
6948
10375
968
6947
1040
10370
10369
4099
2382
363
10368
1413
6944
10364
3307
3144
3304
543
7713
3608
4520
7712
10367
10362
6942
6943
6945
1115
2563
1409
10366
2564
10365
2562
618
3956
3955
4071
6941
1616
439
3960
1627
4523
10371
3607
2127
6949
7183
725
4521
270
7711
2380
1975
6940
6939
5242
3390
5760
2184
3954
2902
218
10360
6936
6938
2291
10359
2088
2901
510
4019
5097
996
1444
1449
236
10361
6937
10357
10358
5759
1179
1711
5761
5095
3953
459
5486
757
10356
2669
6935
2442
5096
1648
7707
7708
5467
99
221
5758
7709
1151
3294
4518
5757
626
3143
10354
10353
2559
3951
1072
3952
5098
358
353
3950
3945
2899
4227
5087
5086
5088
1712
809
103
2700
125
319
7706
1909
4050
7101
5826
169
4517
814
5090
3626
204
10355
6931
2556
1002
3261
5351
589
1035
3149
307
3606
3142
6933
2183
3944
10352
631
1270
3946
1596
3948
3141
2900
5089
2969
184
5438
3947
2101
10347
2898
10346
6934
1849
10349
495
292
10348
4516
10350
5756
5755
1036
2558
5094
3949
3251
2249
54
2685
7307
7308
970
4519
5390
1109
7710
1739
1816
3139
5084
5081
3605
6930
5481
2787
1876
1877
5754
5753
4515
2314
7705
347
5085
3137
1901
5082
2555
1763
1949
10342
1741
1945
723
291
10335
10338
431
1746
3942
1196
10344
10345
3604
10343
41
1275
3985
3138
6929
6924
2236
6925
3434
2165
10334
5078
10337
10336
251
595
1137
1232
1158
5752
2554
1423
1140
2897
6923
3603
2379
10340
5437
401
2213
2655
2896
10326
4251
2040
10332
3602
10327
1043
10325
3134
10331
2008
2894
3135
6921
5079
6922
2675
10330
10329
3941
3375
1970
10328
10333
1544
3432
10341
6928
5083
3136
419
10339
5750
5076
10322
10324
6918
2891
2893
1550
5751
7702
6919
6920
2596
10323
4513
1850
995
5402
3433
4514
75
3937
2378
2430
6915
504
1986
2552
2196
267
2553
3133
2674
3940
4512
311
45
5077
2377
6914
7703
7704
1894
269
1888
3359
4310
5075
2895
6917
5080
700
2202
727
242
1446
3938
5393
6916
3939
2044
693
5074
3431
10321
10320
3600
10319
7700
3601
1548
6912
5071
2125
2551
1046
3597
2889
2372
1367
3131
10317
5072
868
7701
3599
2252
1688
123
6911
3129
737
937
3316
1973
2376
5749
10318
10316
772
10314
1895
5747
5748
3935
2682
5069
5746
3598
5389
7699
2888
10315
3936
3130
6910
2375
2550
899
10313
5068
10312
5070
7251
2373
3389
1163
1191
5066
2371
5064
5067
10310
2579
3126
3596
5745
6901
3127
10311
5065
158
5743
1220
531
3128
7157
1455
10306
6906
10308
4295
10309
3934
6907
7182
1757
5741
10307
1915
7697
5744
7698
5742
6908
10305
2330
3124
3932
5740
1650
6900
1272
2549
10304
6905
460
6904
2548
6903
3931
3594
1522
1898
3933
3682
3125
6902
10303
5062
5063
6897
6896
6898
10301
6894
2886
544
10299
3122
6893
10300
6892
6891
10298
2370
3262
1318
5056
2975
5279
6887
5051
180
978
1532
5054
5057
3121
10295
5053
5052
6890
1269
1613
6885
7780
10297
1512
1041
3123
10296
4511
10294
2065
1364
2369
1120
5055
10293
1463
2885
3929
10289
5058
6886
10290
1920
6888
6889
2547
5738
2176
5061
2174
4135
5357
671
2324
1860
2149
10291
10292
6884
2545
1199
4309
1426
3928
10670
7146
1716
10675
2671
5251
4585
4219
5836
3120
10282
2233
6882
104
1814
458
1012
1007
2160
823
5046
634
10285
10283
10286
10284
1773
3255
4510
3927
1925
5048
764
6880
472
400
3132
7693
5731
2784
870
4294
2367
6881
1874
1966
1160
5733
4180
10280
5050
6879
1779
5734
10281
722
7695
320
7694
4509
608
6878
5044
4508
2119
1661
4316
415
1412
2786
5041
1083
1852
2366
7692
277
827
3429
4507
1024
3590
3430
5043
10273
10269
3926
10271
2544
7691
294
331
2542
10267
6877
10279
4250
5045
5730
2785
160
7204
7689
4293
2365
2259
5038
5042
10270
10278
1736
2543
3925
3119
10277
2097
6875
5036
2884
3591
314
2794
6876
10266
10276
10274
10268
5102
10275
2646
958
295
3592
4506
5376
717
7690
10265
1204
10261
10259
6873
5037
1421
10262
1916
1604
5728
1557
10263
728
3923
7306
1934
1405
10260
6872
6869
6870
5727
1655
1411
4504
5466
5729
838
2755
10272
6874
5039
2541
4505
10264
3922
2540
627
208
3924
442
6863
6867
6868
834
10253
720
10254
1214
6866
1281
10256
1784
1136
6865
10258
2099
6864
3921
10257
10255
2539
6860
10252
1656
5726
6862
5815
2000
1394
5724
4503
5358
7226
1143
10776
4115
10777
4213
798
4212
748
6858
2538
533
2364
10251
10249
3117
10250
6859
3589
7688
1180
2357
5388
4502
10248
3919
5035
1815
2144
255
3918
4500
5032
4501
10247
4325
5030
429
5034
6857
6856
861
1417
5033
10245
10246
675
10244
10243
571
10242
5031
2883
2158
4978
1686
6855
7687
5474
249
5723
2974
2882
5722
1015
547
445
5721
1038
503
1393
964
10739
1573
5290
7181
2159
10241
6849
2359
6852
10240
2279
6853
4886
4898
6854
4872
3880
6850
4243
3283
4244
7301
2740
281
3861
3872
4908
4282
3388
9501
9506
6851
4921
1991
8988
1907
1887
4287
2231
2849
4249
8993
6297
8994
771
8996
4927
957
335
3511
7155
8964
1005
9029
3515
6387
4669
1783
2742
3269
2340
523
7456
2076
4670
9033
9040
3045
818
4112
6400
1531
1717
714
2495
9049
9014
1797
2694
1489
9005
2139
1642
1644
5647
2349
5497
2063
2813
1410
1377
3224
4065
348
2958
4586
3420
6354
5651
3051
9022
4736
8954
8886
8887
3790
2328
493
3535
7426
5303
7408
6121
6135
1871
2004
3792
6226
8870
4742
1471
8872
8875
3082
3830
1713
8877
6187
4747
8945
8950
1635
2131
6203
5326
5329
1608
8908
3771
8913
4750
4961
6167
2890
2804
5436
2651
2871
3849
9185
4755
3829
475
4756
1948
4757
9188
3828
9189
6148
9173
2728
619
2666
2867
4264
4339
3836
6337
4380
1924
9152
352
2825
1207
9158
105
9160
768
4762
9169
1026
9228
3013
7354
3315
7342
7333
5692
1211
7367
1375
4349
7398
4362
4364
389
9089
4246
2166
2187
4157
177
1983
2103
9096
2461
1056
5517
5513
7417
57
3712
4951
4931
9059
5987
3175
2029
3703
992
2368
4930
6018
2459
9067
9070
9073
6841
9114
2479
6773
9642
6470
10181
2510
2058
4438
2141
6461
2032
6607
10188
10194
1705
7777
2457
4222
3759
6547
4440
3760
3902
1076
3761
10061
3920
4952
6546
4443
963
6637
4943
6513
5427
1371
4731
1107
2135
10207
758
2287
10224
859
4139
10073
3096
10067
1039
6795
10162
10147
6682
6727
3449
470
917
6732
7260
4865
35
10089
6386
6717
140
10086
566
4361
2255
1022
10222
10208
3740
4629
6640
10202
3730
2112
4118
5566
1892
6430
497
3508
1404
4627
1732
1682
3694
3930
2224
2077
3403
2748
6012
2836
3504
9819
4385
9822
3841
6361
1859
3859
1781
3330
4375
749
9656
9736
407
2507
3699
2843
9737
3538
9716
6378
1241
2079
212
3527
4630
894
3041
1839
6290
6296
1767
3406
5616
9974
4638
3758
3766
9949
6047
1209
2062
1242
2493
6006
4631
9961
1487
477
5956
3707
1474
2151
3711
4498
10021
10024
4439
10040
10035
486
10001
4896
10009
1778
2230
2854
2814
6816
2498
10013
3575
4604
1157
3704
7267
4245
3376
5387
2714
774
1691
6523
9882
2229
361
9885
1617
2704
5611
3727
9847
6630
9855
6554
4858
6544
3464
2999
816
9862
6528
3076
9925
6635
9928
2817
9937
9938
6811
1703
9900
2481
4597
2482
3706
3636
1181
2737
994
3568
1484
936
5630
3254
7815
4420
2182
1001
2743
1099
2239
7876
4793
1576
2819
8
3562
3287
1189
801
3020
6487
707
4218
7364
5501
944
4332
5500
7363
7935
7920
7934
7930
7898
7998
8027
8033
726
1657
7968
6294
6259
6358
4845
202
2458
2006
2256
2514
2227
4773
6235
5590
7376
155
3038
3037
2248
2016
3075
4462
3036
4775
4777
1744
3753
7871
4782
5461
4834
6340
2834
4925
2473
7964
2652
779
3545
7904
7250
2333
3035
3034
4924
7897
2178
6808
1727
1660
3587
7808
1591
8576
5698
5327
3288
5333
6697
3583
414
3581
1414
225
128
4152
4882
8592
3078
4840
5693
6473
1671
4842
8558
4416
3717
8631
8632
4315
102
174
5001
3708
2080
8547
5708
820
8449
8451
1233
8454
2841
5993
1977
3870
4156
4817
8456
8463
4820
2751
2343
4821
2816
3720
1152
3883
1651
4008
4822
2678
512
3696
1577
4292
235
8524
6091
2496
346
8540
2441
1172
1737
3999
5653
1384
5321
1810
3063
8516
8518
2348
6384
8788
1280
4833
1818
2216
2810
1267
8673
8742
3030
2013
1833
243
4313
6383
10669
2957
7149
7134
4802
8179
4800
8160
8143
425
3387
3686
4098
5293
5665
2726
2353
3404
1177
699
1906
4465
825
7378
8196
3909
3147
2286
2347
5550
4847
4837
621
3503
4796
2267
8060
8041
8087
3512
1014
4816
3253
5394
8128
2179
7257
2534
3878
8088
3743
4810
2258
275
6667
1243
2052
3025
6426
6454
1772
6594
8403
4259
1419
3539
1496
6536
4883
6534
1493
6599
6751
5298
2604
3721
3021
5284
4138
4719
3574
2019
4846
4860
3022
8335
426
8322
5543
3755
6613
5416
3757
2859
6557
4454
6642
4863
639
4458
5534
6477
6568
10858
5277
2056
2429
317
4779
7754
7755
2439
6452
2352
3725
4425
5475
6505
6493
6782
602
4823
1244
812
625
3741
2005
3450
3901
1756
3073
6695
4121
2855
8123
3911
4828
588
8059
1535
847
3506
4792
8065
8064
139
8205
4768
4493
3713
1929
1130
8201
4853
1624
4851
8199
2282
6052
4202
1408
4850
121
5883
8232
3027
3744
4471
4150
4791
8220
8189
8187
5880
298
3767
4970
8157
282
8144
2824
5869
2770
5673
5878
5361
5886
3028
2845
3559
3896
3381
8717
6274
6275
8714
3733
8709
4005
6402
3407
5678
7273
2718
5679
732
5147
6338
1398
6350
8731
7278
1813
7265
8686
8682
6236
8753
6185
6198
8830
8831
4832
8853
8851
8846
8854
8843
8835
8804
4946
6162
3731
2525
8755
8791
993
1245
901
2197
1176
6262
6305
8512
8509
8507
5909
8501
2122
323
5895
981
4233
5881
4288
7368
7390
1106
8529
2778
7431
1246
1597
3839
5981
3417
3882
2622
3543
911
661
4200
3353
2729
8455
1837
1790
6834
716
8447
4812
5720
3700
6720
2681
8491
5305
6654
7402
5714
4389
6812
8475
3285
6512
2741
1564
2880
6509
8616
3454
2039
6460
6459
8647
4824
8638
2082
3032
6578
4199
8569
8566
4826
8563
5405
8559
1805
8550
2705
2727
2731
882
1460
4841
8593
1219
1606
4198
1248
1247
2280
7365
4276
7396
2035
8591
4353
8589
3059
6679
6657
3750
2850
6726
2171
2474
8579
3847
8575
2084
3588
8028
6434
2844
2017
1034
5850
4912
6800
5970
2278
3768
3747
3243
10732
2858
1286
7963
7961
6331
6379
3423
2860
4827
7440
3738
2241
6171
4783
198
1900
1549
938
528
7845
6117
6104
1436
6120
6211
6180
2266
7831
1599
1653
7784
7822
1249
2494
3309
2265
2313
5571
7392
2283
5336
6218
4266
7868
6161
7804
2338
6159
537
7983
6392
5554
7452
4445
1458
5473
10507
2580
10506
165
685
5569
7160
4771
1678
3072
8029
4784
7340
27
2489
6046
7885
7886
7892
7955
7948
3728
91
2965
2346
7954
3769
4550
6742
649
2488
84
3410
6688
1170
6846
1694
2868
6835
810
3560
738
4271
444
4969
1583
6625
2041
1497
6550
6609
6503
1867
6516
3080
2483
7843
4997
3259
5628
2214
5631
5632
4789
1715
7849
2800
3701
736
6706
6685
6848
8855
6709
7254
9901
2753
3067
1589
9896
3718
4232
5595
9936
941
3019
751
1251
9923
9921
9920
9919
3557
4492
833
7446
5494
7442
4436
2354
4275
4429
2437
1025
411
9857
3380
650
2244
4451
3881
9846
1729
2143
213
9843
4809
9888
1307
7386
5612
2049
9879
6502
2264
6479
4446
6485
3001
881
9873
831
6755
9871
9869
9941
3715
4129
4159
187
10005
3002
4932
708
9996
9995
9994
106
10015
3514
10836
3276
4314
508
10835
1842
999
10834
10833
1250
4491
5602
3716
4547
5989
3484
5600
3472
1904
9990
2776
4486
840
3865
2485
880
9959
9958
3763
261
4632
4231
6080
7353
5465
7258
5189
5187
1513
10572
7382
7380
1676
3490
5367
1879
9947
5901
5950
9982
3112
9968
4104
3317
4369
6310
6329
4987
9710
9700
1777
2503
2341
1961
7448
3770
4346
3534
4628
117
6401
6396
7246
3698
2484
9733
9730
9727
9724
9722
9720
9715
9662
9661
9660
5285
9657
1042
9655
9652
9650
9648
9646
9644
9689
9681
9677
9674
9813
4618
9806
9805
3522
9804
4967
9795
3004
9793
6407
6375
9834
4616
5623
9829
9823
2487
4615
2511
841
5863
5940
7199
9759
9756
9753
4612
4636
6028
467
5976
5618
4392
7403
7424
7414
2879
1643
9764
6004
6327
9783
9782
6750
6828
9779
7371
989
4414
6804
3476
893
3724
1869
1680
2210
6464
343
2491
2823
3331
7347
5564
7346
5563
3274
10206
3005
10187
6451
1528
4644
3742
1931
6649
1708
1435
3335
10088
5562
1862
4184
4635
5412
6719
1819
4470
1138
6708
3723
2478
7409
4337
2311
5560
7436
111
2156
1058
2829
1441
1630
3957
10148
10149
10130
4706
6837
785
4224
1575
5518
7379
5516
7366
2434
2194
451
3006
3520
2294
1780
10225
6488
10190
4165
162
10134
2260
4732
4544
4064
3734
1903
10214
10121
3536
10113
883
10155
2500
6861
10135
3008
4457
6621
3273
1829
3542
7428
4729
3762
4423
10058
7017
5787
7413
7411
10085
10081
438
10223
7140
10235
252
2812
3264
3530
4267
5584
884
4464
10196
2339
6458
2172
10107
10064
10131
3915
10503
2272
1079
3752
4726
9682
3369
9116
3722
6839
5502
2672
7370
5577
7373
4484
1155
7397
7271
7270
7269
7266
7272
7274
7277
7268
9132
6647
9128
4476
4722
6776
9099
4262
6593
6409
3017
9069
2509
5656
6019
696
9065
3009
6016
4192
5454
7444
2142
1822
2653
3368
3011
7720
4718
3012
479
620
9097
1958
4715
7412
5314
2288
5464
886
3421
4599
9088
906
7068
6097
1699
6092
1433
9083
2362
4365
6085
9082
770
6084
9080
9150
800
1858
932
9220
9218
551
9221
9207
2864
3661
9205
9203
9210
9223
9224
752
5944
3695
5915
9234
2506
3691
5873
9232
9231
4751
5877
4738
1677
5690
4763
2774
5894
5433
1149
2504
4598
2467
9172
5851
9162
3835
476
5008
9155
2769
9154
6406
4260
4761
2720
2273
1105
2501
3833
9175
9194
6254
9191
2512
2771
2874
1254
5718
3832
3834
9187
2468
3016
3018
4754
9184
6130
682
3899
9181
6178
6227
5713
7394
7375
8923
8922
6242
385
7337
7336
7349
3893
8917
4384
5707
6189
4381
638
3424
2435
3486
2086
8916
3826
8928
4378
2499
8949
6214
3084
2837
6182
6186
1370
6192
4745
6215
8936
3524
7377
7372
2838
2783
1388
3794
1857
5686
2557
2848
7255
8865
4741
8864
8863
3900
5682
1974
4338
7384
6110
1230
2428
1998
7420
5453
4413
3532
6163
3053
3277
8885
7361
7387
8904
18
6174
6157
5654
2350
6156
900
427
6142
9023
2752
6153
2093
7227
1206
2128
680
7455
4404
6366
6367
3505
3595
1776
851
3116
2469
3903
2809
6344
4674
1126
1866
9047
3509
582
4672
6398
253
3510
4583
7429
4527
1216
9032
1856
6382
3044
3516
9030
4128
1462
3513
6277
2560
8974
5407
614
8969
8967
6272
3458
6261
6263
6268
2254
7339
8978
6323
4221
1518
3275
366
819
1637
1835
1873
5658
7348
7350
7358
2232
842
3777
5874
9502
4230
5681
222
9499
706
865
483
642
7247
9495
5916
3860
5920
9536
4666
3054
5933
9534
9530
5864
9529
9527
9526
3065
4675
5937
2456
9540
7775
7778
7776
2440
5378
5852
7779
10853
10850
10854
4308
5472
5849
2446
939
10852
7178
10851
3257
9472
9492
3531
6070
913
1826
9606
5971
3463
9616
4655
9639
5955
4654
9635
9631
9630
7187
4651
6011
4183
6013
6014
9625
5415
5419
5671
9624
3529
3528
3046
3874
4976
9591
9589
5996
9562
3401
7427
1836
1663
9559
9556
3480
9554
9552
9551
10629
10627
9549
1825
2820
692
7221
6718
1853
3047
629
4661
9566
9567
4331
3492
3460
9588
9582
6736
6730
6698
5408
3796
9580
2749
555
6666
4901
3364
9577
4677
9576
362
3799
3497
6648
6646
3822
4678
9572
4704
6686
9444
404
6775
9313
3049
2513
9309
1255
4226
3821
1714
9307
1537
9304
9303
3864
9302
9301
6771
3820
6761
9341
3819
3058
4488
6798
1373
5359
1649
9340
4894
3862
1996
6786
2275
9338
3818
3553
5451
3348
9335
5002
1791
6524
9331
1086
2822
5432
10879
5539
1073
265
2335
4437
3057
9264
3069
6422
9262
9261
4695
9270
2645
6437
9260
9257
4693
9254
3875
3405
2010
2257
4963
10744
2285
9250
643
2188
3990
3328
7355
3351
3885
417
4692
9293
9292
9291
1184
6634
6631
9284
2872
1878
9278
6545
9275
3813
4424
4119
9416
9415
3811
9414
2869
2863
6581
3344
9418
9419
6533
301
6535
2003
9437
9435
9431
9430
9428
4442
1793
2289
4687
6598
2862
2237
4106
10736
10737
6414
10380
10383
5548
9393
1491
56
912
2475
7435
7441
1556
9365
1257
1918
910
9364
7002
6518
1690
2337
7443
7345
3400
5511
3548
2721
1972
7332
3249
9350
6801
2522
9370
1258
5532
2134
7374
5456
5528
3062
6759
5000
2472
197
5537
9390
4681
4680
10785
5355
2724
1565
10784
4134
7245
9382
4136
741
6734
5498
85
6714
9375
9374
6739
2048
9373
517
6194
8035
9372
4767
763
7419
1943
888
5047
1374
5049
3064
7453
7418
7459
5490
9376
9377
4965
3043
9378
3845
6712
1880
1259
9379
9380
6704
7416
1127
3471
9381
1221
3244
2432
3913
3385
5538
5294
9383
9384
6737
9385
2998
7262
4679
9386
9387
889
5496
9388
2471
9389
3558
6683
2470
6678
1000
1098
1240
6753
2523
767
1521
3825
7388
5492
5289
9391
9392
2240
4113
4268
3246
7389
2887
9371
7256
10792
7208
10793
5399
3094
4448
3428
1623
6803
9369
3843
5545
1045
9357
9348
9349
659
6792
854
5343
9351
6787
5003
2477
5006
4682
1652
2873
6641
9352
1987
7352
7359
7357
6482
890
760
9353
4683
9354
2983
9355
9356
2686
9358
9368
1222
1023
9359
877
9360
9361
9362
3803
9363
1003
7406
2981
4885
1990
4684
9366
4899
4685
3890
9367
1841
977
6427
4274
168
4225
2980
9395
4874
9442
927
5458
9396
4934
2828
9421
9422
3808
3812
7172
10302
6895
6899
288
2269
6527
9423
4460
657
4940
9424
4686
9425
2640
9426
4944
1147
6611
4688
9427
1771
6638
3586
9429
1050
1223
4689
9432
2842
9433
9434
6620
3904
5725
9436
3465
4913
9438
9439
9440
3816
1494
6539
9441
7330
2878
3817
2977
9420
1684
4330
5287
10735
5286
9406
9397
5546
9398
2992
9399
2993
2334
6564
6563
3336
9400
382
1824
541
10705
7156
10700
9401
1464
9402
9403
1733
9404
9405
1730
9407
9417
6946
10363
10788
4170
10789
10786
10787
9408
9409
9410
9411
9412
9413
3571
4918
2132
7404
600
4910
6579
4277
9347
9394
5332
390
1995
259
9346
1049
2773
9296
9274
4278
3396
754
3106
3384
4690
9276
6548
3282
9277
375
6551
3798
9279
9280
2167
6585
3241
3570
6618
3577
9281
2147
9282
2464
9283
6624
1838
4933
2436
9285
6628
9286
1148
4111
909
3780
6633
4893
4120
9287
6614
9288
6586
6587
9289
9290
3101
5544
7351
5495
5281
3462
9294
9273
9272
6597
1070
6600
6601
9271
6604
6605
2276
5005
5015
5022
3886
9259
2988
4431
6441
6442
2281
2157
1332
3479
6445
7344
2781
9251
2463
2360
181
2711
9252
2840
3783
790
9253
664
2462
4705
1560
942
9255
9256
1048
2225
9258
4993
6439
5480
4694
1506
6413
3555
3785
3413
7335
9263
3412
3786
3478
6425
4696
9265
9266
9267
9268
7261
6432
9269
2060
5377
9295
1846
9297
5542
6496
9344
6499
9298
5547
3787
3788
2262
9323
9324
9325
2083
9326
9327
9328
9329
9330
3260
2228
3466
2363
7400
2460
7393
704
3248
2277
5531
2839
4697
6498
5535
2832
6495
7395
3482
1010
2984
1075
9332
9333
2284
6478
3795
9334
6480
6481
1629
5777
7723
4537
6486
9336
3797
1362
9337
2018
5521
2982
3824
3079
2361
6692
5040
3914
3343
4877
4463
9339
4320
6790
3081
1788
7399
1861
4487
5510
4489
2466
1261
3501
6765
4979
5799
9342
9343
9322
2875
5533
9321
9320
6764
368
9308
9299
2234
4698
976
9300
1905
2253
2861
2336
7369
5530
1718
5541
133
9305
9306
3507
3414
2312
4699
4700
6843
4701
2985
2527
9319
3891
6810
3435
9310
6814
9311
4960
9312
4702
9314
9315
9316
516
9317
6826
6827
9318
9345
5059
9443
4703
1614
3373
10803
9445
9568
9569
6681
9570
3495
2775
1567
9571
5575
9573
9574
3499
3473
6668
3457
3827
4691
4915
4914
9575
769
5312
2490
1113
6653
1071
921
3837
474
9578
7188
7225
9579
7391
4102
148
1218
5491
2780
640
4466
5662
4467
5663
7383
9581
4984
6735
4468
10701
3245
2976
5736
9583
9584
9585
6744
9586
6747
9587
2668
7192
5392
10783
1516
1830
7362
141
2706
6703
2877
9565
9553
9544
1052
5664
2827
9545
9546
2215
5421
7276
2222
2715
9547
9548
4336
4334
7447
7451
7454
7405
2492
6815
3319
1263
4992
891
3552
6643
2486
9550
3367
3564
4995
892
5666
3908
9564
9555
4998
6760
9557
1658
611
4220
6797
1817
9558
2087
3593
2449
9560
5667
695
6003
9561
5668
2037
2594
9563
5998
2987
6932
5997
3585
7434
5301
3374
9590
1753
5990
3775
3869
6024
6008
3102
6023
9592
9618
9619
498
2657
4958
9620
9621
4472
9622
9623
6017
4649
3354
2995
2455
3386
1519
9626
4650
4652
6010
2537
6009
9627
3088
2211
9628
4137
3352
3898
9629
2663
2358
2710
5963
2140
5962
4653
9632
9633
3085
9634
808
5019
9636
5953
9637
5968
9638
9617
2145
5674
9614
9593
3854
9594
2938
9595
9596
4541
9597
9598
9599
2100
9600
9601
9602
3814
9603
9604
9605
2104
5972
4656
4549
6026
9607
4657
9608
9609
6077
9610
1385
9611
6073
9612
6071
5010
2355
9613
9543
6067
9542
9541
2994
4485
5018
9470
9471
4658
4210
6082
9473
9474
6098
9475
4272
3544
6096
9476
9477
9478
4435
7360
5508
7356
9479
9480
5009
3804
3329
6087
9481
3551
9482
925
6064
6063
2520
6061
2002
9483
2990
6039
9484
4659
3086
9485
9486
4962
2270
9487
2667
2206
9488
9489
3474
3892
9490
3800
4954
9469
7331
9468
6034
9467
9455
9446
9447
9448
9449
9450
9451
2129
10797
10798
7259
10799
10795
10794
3366
10800
5404
10802
10801
10796
782
4319
4234
9452
9453
4660
9454
203
9456
6999
5882
9466
4342
9457
2870
5887
5890
9458
9459
5891
9460
7067
9461
3278
5879
1807
5676
5857
9462
9463
2047
9464
9465
1999
2892
9491
9493
4662
7288
7322
9494
4900
9519
2198
5942
9520
9521
9522
5948
4663
5927
5926
5913
3807
9523
9524
755
644
3556
9525
5911
5918
4864
3467
5855
4359
1570
9528
4664
4665
2516
9531
9532
9533
3411
3402
3349
9535
3055
9537
9538
5867
9539
3267
9518
9517
10644
4902
1265
5429
2717
9516
658
9504
4904
5924
9496
5912
2038
5906
9497
9498
332
4939
5945
5941
4344
1700
9500
1914
5934
5779
2098
3491
3397
5928
5425
9503
5889
9505
9515
4667
539
5191
9507
9508
9509
9510
9511
10751
10757
7189
9512
2518
3526
5487
3774
9513
9514
9249
898
9248
783
9247
9051
463
5893
8980
8981
5884
8982
8983
8984
6102
8985
8986
164
5660
3776
8987
3523
5639
6303
8989
8990
7175
1794
3247
2691
8991
8992
3772
5640
645
2091
8995
3382
3781
2546
6311
3852
3856
8997
8998
8999
6101
6326
9000
8979
3518
3888
500
6330
1062
6322
3048
8977
6318
6317
8965
272
4366
655
8956
8957
6314
8958
6293
4917
1293
7174
7176
759
6273
8959
3212
8960
5504
7401
8961
2650
6265
8962
8963
5507
7421
4333
6260
1796
3052
3418
7317
8966
8976
3089
4355
424
8968
1538
7438
3459
8970
8971
8972
4668
8973
4928
6285
6284
6283
8975
3056
6282
4122
945
6281
9001
7193
9003
9050
485
4343
7449
1016
7450
2818
9004
2767
3040
554
3383
5642
7203
762
1438
9031
6385
2453
3884
5514
7457
7432
7458
5643
4335
9034
3494
4671
6373
9035
9036
3943
6389
9037
6391
9038
9039
5499
6404
6403
9041
9042
9043
3015
4371
1908
9044
4242
1266
9045
9046
4173
6393
4673
3303
6372
1760
9048
4936
2687
1555
9028
1500
9027
1992
9026
3090
6345
4676
4401
1268
4707
534
4248
6339
9006
7422
3493
5776
7423
4402
9007
9008
9009
6351
5462
7430
5328
5493
7425
6364
7280
7281
9010
9011
903
1735
4405
6359
9012
6357
3010
9013
7407
7415
905
4406
5649
6353
9015
9025
9016
1675
3702
5650
6155
9017
9018
4903
652
9019
2524
6152
6151
6150
6149
9020
6147
9021
1406
3697
4418
4935
9024
3693
122
6141
3692
2345
2831
8955
7323
2146
2835
5655
9002
3894
5683
5013
6913
2106
4708
8882
8883
6168
8884
4322
4411
4412
1979
4177
3097
8888
3099
4105
2865
8889
7169
599
6160
6140
1253
1273
8890
8891
8892
10488
10489
10490
7026
7028
8893
5479
6114
8894
2433
8895
907
4972
6109
8896
8897
6106
6105
3765
8898
6103
6118
2745
4739
8899
8900
6137
5659
8901
5283
1166
8902
6132
8881
8880
8879
6128
3107
8867
8858
8859
6125
8860
6123
8861
8862
4740
2447
7341
2772
7338
7334
4994
6231
6230
8866
7604
4290
1941
4417
8868
7598
7606
2450
6224
8878
8869
6221
6220
662
5455
8871
5384
1572
8873
8874
5684
4881
4743
3737
4158
3003
3749
6251
920
4201
4982
2851
8876
3690
8903
8905
6243
8952
8906
6241
8931
2853
8932
8933
8934
8935
6217
4744
8937
4281
7612
1397
2454
8938
4602
3311
8939
8940
8941
7249
7645
6188
1954
4988
4374
3470
1061
8942
4746
3000
8943
8944
4376
4377
8946
8947
8948
7672
5716
1020
1865
312
8951
481
8930
6207
8929
4155
4748
3007
4749
7298
1165
3066
804
6199
482
6410
8907
5712
1274
3068
8909
8910
6201
6202
7658
8911
6206
8912
6210
5364
1530
8914
2807
8915
3850
6195
4752
6190
3705
8927
7643
8918
8919
4394
8920
2766
6238
7603
5706
4765
8921
357
3118
5091
6871
7631
7630
5709
2703
8924
8925
8926
4753
1870
6247
8953
7614
7623
2782
3265
2505
6252
9052
9149
9053
4964
9176
9177
1063
7597
2164
9178
5457
3729
9179
6232
6179
9180
3889
1276
3422
4388
7605
5311
9182
4974
2189
9183
7180
7179
3425
10808
10809
10812
10813
10816
10818
10829
10820
10821
10822
10823
10824
10825
10826
10828
10804
10827
10817
10815
10814
10811
7263
10810
10807
10819
10805
10806
2808
10753
10754
613
1064
6175
7647
9186
7648
7649
7654
2826
713
4321
4758
4390
2007
9190
2451
4759
765
7620
9192
1502
5703
3301
6255
9193
2329
5337
2190
6355
1540
9195
2502
6362
6363
9196
5020
9174
5017
6334
5702
9161
2664
4760
3582
10837
7321
10838
10839
2803
10840
10743
3579
3033
9153
5685
3578
4397
5687
776
9156
9157
5011
10738
1527
9159
10868
3270
5340
3290
4415
10855
5688
9163
9641
6280
9165
1065
9166
9167
2758
2508
3427
1186
9168
6267
6271
1278
3293
9170
9171
9197
9199
9246
9200
227
9225
7678
9226
5689
1279
9227
1845
4141
4764
2344
150
7646
9229
3468
9230
5862
4884
5876
1017
1578
4409
4185
4737
6926
6927
3751
2095
5691
7608
4721
9233
2105
3114
3547
9235
9236
5860
9237
4289
9238
1762
9239
9240
5921
9241
9242
9243
9244
2042
4709
1473
4955
1068
9245
7641
4395
7640
5316
9222
4710
9201
9202
3095
3060
9204
1282
5858
5856
9206
5386
594
5435
3306
3334
3378
947
9208
3399
1283
9209
5898
9211
6048
4348
1284
9212
9213
9214
9215
9216
6057
5302
9217
6045
4352
9219
4239
4869
4711
9151
6029
4873
9198
7314
4712
9100
9078
856
1834
4163
7618
904
9079
2972
7198
6041
2089
3140
9081
5423
5422
6088
4713
3026
9084
5696
9085
9086
4368
4714
2665
6099
3732
9087
4178
1256
4937
6068
276
5288
9090
3024
5699
9091
9092
9093
7206
4358
9094
9095
4716
4947
4717
9098
734
9077
4950
3023
3358
7219
9076
9075
9063
7222
9054
9055
3111
9056
679
9057
9058
5334
9060
9061
5959
9062
9064
5960
1665
997
9074
10042
4109
5988
586
7519
7468
7470
3100
5701
9066
1539
4481
2208
811
3379
4907
9068
4909
1803
5995
10832
5459
10831
10830
7248
7316
7315
6002
9071
9072
4479
2779
5592
4205
6793
2110
9101
4720
9148
9102
9127
2684
9129
9130
9131
4735
1066
6731
6746
4092
5637
9133
6833
3580
4323
9134
507
1823
9135
9136
7476
5450
9137
9138
9139
9140
9141
4919
3584
9142
9143
9144
9145
9146
9147
4920
9126
3851
9125
1018
4723
9124
6738
3031
10877
6661
9112
6659
4724
9103
9104
6652
9105
3838
9106
6670
6689
9107
3281
413
9108
6672
9109
3714
9110
6819
9111
6813
9113
4172
9123
3748
6842
5578
610
4499
731
9115
5579
7562
5580
10765
7214
7215
1132
3739
9117
9118
9119
9120
278
6799
9121
6789
3764
9122
9615
1581
9640
6491
4725
5732
4441
4922
6521
10199
10216
10232
4270
2109
10057
5397
10063
6511
3709
10099
10100
4727
3029
6501
10136
10137
10106
10112
10118
10119
10120
10122
10123
10125
10142
10054
10171
6428
10193
10117
1067
10198
10138
10176
10179
10110
5591
10105
1074
2290
10156
10045
7584
563
6456
7583
10071
10083
733
10174
10173
10165
10184
6526
1288
10209
740
10205
1102
10203
5297
2642
6606
6411
593
4433
2747
4911
4286
10212
10186
6639
10185
10164
545
7220
10180
10183
10213
10218
6623
2452
2866
4432
10233
10239
3286
10227
5585
10237
4427
10220
3736
863
7516
3345
3540
6577
10221
10077
3897
10079
4728
3905
7511
5586
1069
3912
10090
1710
10095
908
7504
10044
3483
10047
10048
10049
129
4426
3014
10059
10043
1347
10062
10065
10066
10068
7540
7539
7538
10070
3857
6532
4235
821
3858
10101
6542
3416
4459
10132
2856
1523
2707
7535
10150
1443
6636
3050
10151
10154
4945
1289
2113
10109
10111
5572
6602
10115
4942
1290
6467
10124
10126
4453
10145
10144
6415
10098
3083
10091
10219
6433
10231
6469
6508
4730
10238
10153
10103
4733
10102
10139
4734
6517
10133
7508
5559
3408
7515
10084
2846
10236
4447
7520
3398
10060
6476
3877
186
6483
2821
1696
10210
6489
10211
4647
4153
6783
6785
4280
7587
6791
3840
3848
10228
4906
10046
916
3569
5552
10140
1723
6802
4648
923
10104
10163
10201
262
623
3320
6758
10167
10075
10076
10093
10072
4204
4444
5553
10052
3805
6844
10116
10114
6823
10108
10127
10128
6829
6696
10129
3565
10152
10423
4625
4610
1980
4607
4450
7475
10146
10157
4452
6728
4879
6729
4866
4637
4613
4861
6740
10141
2517
10056
10055
1571
540
10053
1291
10051
10050
10069
10097
10096
3801
10094
10092
10159
6711
6836
4483
7595
2754
7472
860
4478
5561
2716
10087
4419
4895
10082
10080
10078
3456
10074
10143
10158
6832
10160
2830
7496
4356
7555
10230
10229
4891
6474
10217
10226
781
7506
7523
7544
7526
1734
10234
4890
10215
10182
10178
1087
10177
2750
6595
10175
10172
10170
10169
10168
10166
6556
7542
2852
5739
7510
7501
7502
7503
2351
7521
6576
10161
6555
2521
914
6584
4341
10204
7696
5735
3688
5565
6590
3853
5460
965
3313
7240
10200
10197
10195
10192
10191
10189
10041
10028
1687
9768
4240
9769
3481
7589
2480
5398
9770
9771
9772
6438
9773
5568
9774
2806
9775
4372
6525
9776
5026
6806
4624
6805
3092
5278
9777
9778
2015
9780
9781
6818
5506
7343
5505
5503
7381
5021
6710
6713
3572
4182
1563
7498
9784
9785
9786
9787
9788
578
4382
5593
6001
9767
9789
9766
7253
5614
5594
7171
5617
9743
9744
3823
4614
1704
9745
9746
9747
9748
5619
5973
7676
7644
5620
577
4191
9749
6037
9750
9751
9752
2526
4391
6053
9754
9755
3855
9757
9758
5310
9760
9761
9762
423
1997
5930
3789
5935
9763
9765
9791
3461
9815
9792
3906
9818
5023
3070
9820
9821
5622
1093
9824
6320
1294
9825
9826
6291
9827
9828
5448
9830
9831
9832
9833
4973
2986
6374
9835
4971
6397
9836
7125
9837
9838
9817
9839
9816
6349
9814
5624
6365
3312
9794
4968
9796
924
9797
6146
9798
9799
9800
9801
9802
6170
9803
2078
3533
5626
4617
6139
4326
9807
9808
9809
9810
6113
9811
6108
9812
4619
9742
778
9790
9741
6244
9690
9668
9669
9670
2857
9671
6248
2979
9672
9673
869
8856
2996
163
9675
9676
2438
3496
9678
9679
9680
3093
6205
1295
9683
9684
9685
9686
3541
6181
9687
9688
9667
1296
1559
6237
4101
2185
9666
9664
9643
4143
6245
4959
9645
143
6250
9647
5417
7596
1297
2519
9649
2515
4620
9651
6229
4977
9653
9654
4621
6122
5396
5320
2092
9658
9659
6131
4622
2978
7439
5519
9663
9665
9691
1095
6119
6138
3576
5635
9692
9718
6166
9719
4623
9721
681
9723
6173
4626
931
9725
9726
4996
9728
9729
6177
5627
9731
9732
4399
9734
9735
10767
3284
10769
10768
10771
1381
4398
7657
5629
3475
6360
6371
9738
6394
4284
4285
6408
2057
9717
9739
915
9714
9693
4991
1078
3477
6332
2725
6321
5633
9694
9695
9696
9697
934
4643
9698
3784
6257
6258
9699
6264
6269
6270
4642
9701
9702
9703
9704
9705
9706
9707
9708
9709
4641
9711
9712
4640
1227
4639
9713
4645
9740
9840
9841
9842
6306
4421
9969
9970
2971
6030
5899
9971
9972
9973
5625
9975
9976
9977
5875
9978
3061
9979
3549
9980
9981
5914
4482
2168
3567
3782
5923
5939
9983
3846
9984
9985
9986
5919
9987
7600
9988
5908
9967
9989
5905
5946
9966
9964
9943
4981
9944
5865
9945
9946
4980
9948
5615
862
4179
4646
4206
1301
6059
4986
1709
6100
4634
9950
9951
1085
6033
9952
5603
7599
4633
960
9953
9954
6086
10741
10742
7186
10740
2356
867
6095
9955
6083
9956
4473
6065
2847
9957
5596
7615
2734
5597
2075
9960
7679
4956
3104
2448
9962
9963
9965
2989
3863
5983
4880
9991
5984
9992
10018
3350
943
10019
4871
5958
775
10020
5599
7666
3573
4496
4494
2465
6015
864
1080
10022
10023
5060
10025
2991
10026
6005
5613
5992
5999
10027
2529
10029
2833
5605
10030
10031
10032
10033
10034
4590
10036
10037
6673
6830
10038
10039
926
10017
10016
1302
2274
4611
1485
10014
9993
5606
1081
5324
4938
6660
3322
6656
9997
2530
9998
9999
10000
6645
930
4929
10002
10003
6684
10004
6680
6677
6675
4876
6752
10006
10007
10008
3292
6824
10010
10011
6817
4430
10012
2061
5029
6847
9942
4606
9940
9890
9868
4605
9870
2815
4608
9872
3318
6756
5609
7560
2138
5366
5317
9874
9875
3866
2746
9876
4609
7553
7552
6510
9877
4236
9878
5418
1303
9880
9881
5363
4396
4269
9883
9884
4766
7213
9886
9887
5549
9867
9889
3377
9866
9864
538
4857
4190
6444
3347
9844
9845
559
5610
7574
7548
5608
587
2997
9848
3802
9849
9850
9851
9852
9853
9854
4456
9856
6612
3561
4856
6552
5607
7518
2323
3867
4926
6540
9858
4923
6529
6883
5485
9859
6582
9860
9861
6575
6574
3887
5604
6570
6569
9863
3563
3876
4160
689
9865
9891
9915
9892
9918
7541
1379
7537
4859
2070
5601
1082
4852
9922
4848
6543
9924
5598
9926
3356
4273
7533
6632
4849
3806
9927
5016
6448
9929
9930
2152
6416
9931
9932
9933
9934
9935
1585
3689
4989
4474
9917
9939
3809
9916
3810
383
6788
6796
3042
9914
6780
3550
9893
9894
9895
1271
9897
9898
6831
4854
665
9899
6690
1308
5092
6655
5282
6658
9902
9903
9904
4844
9905
9906
4589
4229
7771
3670
6716
9907
9908
9909
9910
9911
9912
9913
3566
8857
9164
5406
1309
6754
5369
6676
4805
7812
7826
7802
7857
10770
2014
5322
5350
7294
7295
4360
7832
3815
2170
5634
7787
7786
7785
6774
7806
5330
5331
7823
7825
7877
4999
7782
4176
7852
5488
7875
6504
5368
7869
2876
1310
7865
7863
6455
7856
10875
5360
7798
7788
3871
2223
6617
6616
6615
7878
7956
1547
7880
7978
7979
7980
7981
6561
6560
4103
7987
6559
7505
6565
7990
7991
7993
7512
7517
7960
1312
3077
7962
1084
7965
6619
4327
1313
7966
2201
6626
7967
7234
7969
6589
6592
7997
6596
6603
8019
8026
4379
8030
8031
6462
5248
8032
7585
7586
4279
6420
8000
8002
3873
8004
3773
8006
8008
8010
2531
8012
3409
1811
5621
3521
3502
10791
3363
1611
10790
922
1770
6763
7908
7909
4804
4798
7910
7911
2973
7912
7913
5014
7564
1314
3537
7915
4171
7899
2476
3778
6674
7896
2121
5362
7881
7882
4247
6651
7883
7884
6665
4801
10287
5737
4328
10288
5570
3333
7482
7478
3779
7907
7946
7941
7942
7950
6723
1315
6693
1316
4803
6766
7938
6781
7937
6784
5028
7492
5567
7921
7924
5991
6007
7926
7927
6021
7469
7465
7594
7970
5961
5967
4351
7933
7931
5985
5292
7928
7936
5980
7953
7952
7949
4888
3098
7947
7945
7943
7940
7918
7895
7894
6090
6089
7893
4786
7890
7888
7887
4785
10748
10749
4133
3272
7207
4370
6049
4350
5410
3517
3519
1584
5900
7906
7905
7901
5938
7917
7957
7995
7958
8011
4145
5374
5373
2342
480
8013
3415
3907
5931
4769
4770
4892
5870
8025
5866
8020
8018
8024
6308
7996
7985
7973
2315
7972
6298
4862
6312
6328
1299
6325
3917
6324
205
1319
7971
7879
6316
7275
1593
5414
3327
1787
5558
7683
5557
5556
1765
1766
953
6289
6286
7959
7191
5555
6333
6377
6376
7976
7992
6405
2533
7989
4186
6346
6343
3895
7988
7994
7986
6352
4875
5428
7982
7662
7663
7665
7810
7817
7820
7828
7805
6145
5551
1917
7830
7677
7682
6176
6165
6164
7855
1320
3791
7847
6115
7850
7851
7836
7841
7873
6129
6126
1287
7862
4449
3113
10862
7858
3793
7793
3302
4263
5581
7632
7624
4774
7818
4455
7328
5589
4776
6240
7794
4461
6216
7861
7839
6193
7837
5588
7835
4422
7867
7866
7796
7803
7821
7813
8034
7814
7816
2271
7854
7838
7799
7827
660
7807
7811
7824
7789
7791
6233
7800
7860
7853
7840
4778
7846
3426
6111
6116
5335
5587
7844
4780
7833
5214
7870
6169
2719
5383
7859
5583
6172
4807
2069
7659
7661
1322
1321
7984
6368
7668
5582
6342
6347
6348
6395
7977
4497
4108
6380
7975
3087
3332
3831
4829
6287
1298
5576
4131
7685
4495
7671
7684
7642
5859
5872
7999
5949
8003
5907
2693
7900
4830
2661
5902
802
7670
4469
5463
7634
7635
6051
6044
6031
6042
6036
7889
7891
7939
7951
5982
7922
7923
7929
4261
7660
5574
2768
7932
244
7925
10861
6000
10860
4265
7490
5573
6845
3216
3710
7944
6749
7919
6715
6707
10857
6699
7914
10856
3719
6807
3091
7916
7903
7902
3321
1323
5636
3419
3500
8009
8007
4480
8005
6435
5638
8001
8014
6466
8015
8016
6463
928
8023
8022
8021
591
6453
6447
6583
8017
7210
3488
7575
3371
6629
6541
6530
7974
6580
6553
3754
6537
5370
7809
1324
7819
7790
7795
7279
7285
7289
4237
7525
7514
6497
7872
7864
7792
7783
6838
7797
7329
6694
4154
7848
7842
7834
7874
5344
982
7829
7801
8752
8036
7291
6721
8574
1325
5700
7493
4144
8577
8578
4941
2074
6722
6725
8580
8581
5697
4363
8582
6662
8583
4836
8585
10865
1326
8596
5695
6825
8586
4878
8587
6809
8588
5694
8590
6772
4839
4870
6767
5484
7466
7567
7565
7563
5434
5430
4209
2733
8594
6794
7499
7592
4283
6492
8595
8573
4400
8572
4408
8571
4238
6522
3291
8570
8549
4410
8551
6514
8552
2730
8553
6468
8554
6421
6418
8555
6457
8556
6450
8557
5483
6610
5027
8560
8561
8562
7410
5449
7190
8564
6627
6622
8565
3324
8567
8568
4825
8584
8597
8598
5704
8599
6572
6562
1808
8626
8627
8628
8629
7282
8630
1329
6573
2536
5339
5338
1328
8633
1092
8634
8635
8637
7437
7433
8648
7283
4116
4324
8639
8640
2532
8641
8642
8643
10848
10847
10849
10846
10845
6588
8644
6591
8645
8646
5012
7577
8625
8636
8624
6446
8610
6449
8600
8601
8602
8603
8604
5371
3346
8605
8606
8607
8608
8609
6412
8611
6419
8622
8612
6429
8613
3726
2067
8614
8615
7572
7582
7571
1330
8617
8618
8619
8620
8621
6506
5024
5352
7558
7550
7551
3314
4393
2209
3844
6520
8548
5318
6484
6490
6494
8546
8495
8472
1331
8473
8474
5717
6757
8476
8477
6770
8478
8479
8480
8481
4975
8483
8494
8484
7566
7568
7500
4097
6644
8485
6650
4387
5710
739
7467
2692
8486
3469
7385
8487
6702
6705
8488
7497
7485
7483
8489
8490
4386
656
8492
8493
8471
8470
5705
8469
8468
7479
1926
5711
7481
7486
7487
6822
2191
8448
4813
4814
8450
3105
8452
8453
7200
5300
5715
5385
4818
8457
1088
3525
6022
6020
3489
7464
3487
1089
8458
8459
8460
5964
5954
8461
8462
5719
4990
8464
8465
7655
7652
8466
3498
8467
3266
8482
8496
4983
3485
4383
4407
5979
8533
5977
2116
8497
1091
5974
8523
4819
6027
4815
6078
6076
6074
6072
6069
8525
8526
8527
6066
6094
10844
10843
1190
7326
10842
7325
4228
10841
7327
7324
8528
7601
185
3879
8530
8531
5319
8532
3546
6032
8534
8545
4203
8535
1090
6058
6054
8536
8537
8538
8539
5657
8541
5431
7305
2497
8542
8543
1333
948
792
7201
5871
8544
8522
5929
8521
8520
8519
8498
8499
5936
8500
5004
7619
5652
5910
1334
3745
8502
8503
8504
8505
5892
3355
1335
8506
5932
4175
8508
5861
5426
8510
8511
7675
5648
3357
10872
6309
8513
6307
4868
8514
6301
6299
8515
10873
6319
10874
6315
7196
4403
4867
8517
5646
8623
8649
8650
8651
780
6279
6278
8780
6276
8781
8782
4838
6381
8783
8784
8785
8786
6390
8787
4905
8789
2181
8802
4174
8792
10866
8793
8794
8795
6335
8796
784
8797
8798
8799
8800
8801
6356
8779
8778
8777
8776
7667
6154
4373
4835
8756
8757
6143
8758
8759
8760
8761
3910
8762
1336
8763
8764
8765
8766
3868
5424
7284
7286
1337
8767
8768
8769
8770
8771
8772
8773
5951
8774
8775
8790
6107
7609
8803
5645
8805
8832
8833
6133
6124
8834
5365
7229
6228
8836
3746
4126
7602
6225
6223
8837
8838
2673
8839
8840
8841
5644
4949
8844
6246
6253
8845
3554
6239
4208
1338
715
6196
8847
8848
8849
10763
10762
1134
7211
6213
8850
6212
5354
6204
8852
10746
5489
10745
6200
5965
4340
7494
7664
1339
8842
4345
8816
8806
8807
8808
6208
10864
6209
10863
8809
8810
7673
7674
7680
1101
6197
8811
8812
8813
6183
6184
1097
8814
2881
6191
8815
8817
8828
8818
8819
8820
8821
8822
8823
8824
8825
8826
8827
8754
8829
6249
5372
929
8726
8677
8678
4916
8679
6234
8680
8681
6219
4367
6222
8683
3842
8684
8685
4831
8688
8699
8689
8690
8691
1096
8692
8693
6127
8694
8695
8696
1340
7617
6134
6136
8697
8698
8676
8675
8674
1094
4241
2732
6112
7610
5641
7611
8652
8653
8654
8655
3916
8656
8657
8658
8659
8660
1341
8661
8662
8663
8664
8665
8666
8667
6158
4889
6144
8668
8669
8670
8671
2114
8672
8687
8700
8701
8702
8729
6256
8730
3242
5323
3289
8732
6369
8733
4806
8734
7287
8735
4795
6336
5661
6341
8736
8737
8738
8740
8751
4114
8741
5680
8743
3756
8744
1343
1027
6399
4357
5093
8745
8746
8747
8748
8749
8750
5512
8728
8739
2226
7653
7651
7650
6388
1344
8727
8713
8703
1345
8704
5677
8705
2654
7209
8706
8707
8708
4354
8710
4897
8711
8712
7656
2777
7241
967
10778
7242
6288
8725
8715
8716
1133
4347
4887
5348
4130
8718
8719
8720
8721
8722
4787
6266
8723
8724
8446
6292
8445
8444
8239
8164
8165
8166
8167
8168
8169
8170
8171
8172
8173
6313
8175
1346
8186
8176
6295
8177
8178
7194
5299
6300
8180
6302
6304
8181
8182
8183
8184
8185
6370
8163
8162
4799
5888
5896
5897
8161
7686
4291
5675
5672
7616
7613
8139
8140
5868
4477
8141
8142
7232
7228
5315
4475
8145
5903
8146
8147
8148
8149
8150
5947
4794
5925
8151
8152
8153
8154
8155
8156
5922
5349
1342
8158
8159
2535
5885
8174
3039
4966
4142
5670
8188
4957
5917
8216
7607
8217
8218
8219
5669
8221
8222
8223
5904
1100
8224
8225
5943
8227
8238
7633
7629
7628
7627
4788
8228
8229
8230
8231
1348
7626
7625
7622
7621
4985
8233
7212
5296
5295
10775
10773
10772
10774
8234
8235
8236
6025
5952
10755
10756
10758
10752
10750
10759
8237
8215
8226
6050
5025
3115
7636
6055
1349
1103
8214
6056
7290
7297
8200
6060
8190
8191
6043
7637
7638
7639
8192
8193
8194
8195
4855
8197
6035
8198
7195
7296
5420
933
6038
6040
8212
6062
8202
8203
8204
1350
8206
8207
8208
10351
7233
8209
8210
6093
8211
8138
8137
4490
1351
8136
8085
1352
8062
8063
5325
4151
5342
8066
8067
8068
8069
8070
6075
7681
8071
6079
8073
6081
8084
7293
7292
5975
8074
8075
5978
8076
8077
8078
8079
8080
7669
7299
8081
8082
3735
8083
8061
4797
1104
1579
5969
8058
8037
8038
8039
5957
8040
7445
5515
5509
8042
10871
10870
8043
8044
5966
5986
8045
8046
10869
8047
8048
8049
8050
7463
7462
7461
8051
8052
8053
8054
8055
8056
8057
8072
8086
4948
5994
2528
8113
8114
8115
8116
8117
8118
8119
1353
3110
8120
8121
8122
6778
10867
6779
8124
8135
6669
8125
8126
8127
5452
7471
7489
7488
1354
8129
6700
8130
8131
8132
8133
8134
10733
10734
8112
8111
8110
8109
630
6701
6724
4434
6748
6745
6743
4811
4808
8089
7495
7484
3074
8090
8091
6664
6663
8092
8093
8094
8095
8096
8097
8098
8099
8100
4211
8101
8102
6691
8103
8104
6687
8105
8106
8107
8108
7546
8213
8240
8418
8241
6671
8369
8370
8371
8372
6821
6820
8373
8374
8375
8376
8377
8378
8380
8391
8381
8382
6840
8383
8384
8385
8386
6777
1355
8387
8388
8389
6769
8390
6762
8368
5525
7561
8367
8366
8365
7569
8344
5007
7557
4428
7556
3071
8345
8346
10876
8347
8348
8349
8350
8351
6475
6472
8352
8353
8354
6515
7230
7231
8355
8356
7300
8357
6507
8358
4843
8359
8360
6500
8361
8362
8363
6436
8364
8379
6431
8392
1356
7591
7590
5536
6424
8393
6417
8394
8421
10878
8422
6440
6465
8423
8424
8425
8426
8427
8428
8429
7593
5540
5529
8430
8432
8443
8433
8434
5520
7581
7579
7578
6608
4781
8435
8436
4953
8437
8438
8439
8440
8441
7570
8442
8420
7547
8431
8419
8405
8395
8396
8397
8398
8399
8400
8401
8402
5526
8404
8406
8417
6549
8407
8408
8409
8410
8411
8412
6538
1357
6531
8413
8414
8415
8416
8343
8342
8341
8290
8267
8268
4772
8269
8270
6571
8271
8272
8273
5523
6567
6566
8274
8275
7509
8276
8278
8289
6558
8279
8280
5345
5346
5347
8281
8282
7534
7524
7543
8283
8284
8285
8286
8287
8288
8266
8265
5524
8264
8263
8242
8243
8244
8245
8246
8247
7536
7545
8248
8249
8250
7532
7531
5527
7530
7529
7528
8251
5522
7527
8252
8253
7235
7236
6443
8254
8255
8256
8257
8258
8259
8260
8261
6423
8262
8277
8291
8328
8292
8318
8319
8320
1358
7507
7513
8321
6519
3108
10760
10761
10764
6471
4790
1359
8323
7522
7573
7576
7580
7304
7303
7302
8324
8325
7588
7549
7554
7559
8326
8327
8329
8340
8330
8331
8332
8333
8334
5341
8336
8337
8338
7491
7480
7477
3109
8339
8317
8316
8315
8314
8293
8294
8295
8296
7197
7473
7460
7474
8297
8298
6733
6741
8299
8300
8301
8302
8303
8304
3103
8305
8306
8307
8308
8309
8310
8311
6768
10859
8312
8313
1360
4207
0
