1809
4166
1566
2646
63
1983
1549
2984
10042
447
3351
967
6726
998
4536
4012
1516
2871
999
4011
2698
10039
2637
3796
10041
1720
1757
3272
10038
5440
181
915
10036
193
2443
1223
3633
4109
3699
2310
3238
3252
3772
10033
412
2133
1476
6612
1426
10035
882
4425
1059
2523
2032
3537
10031
1960
505
5908
10029
3074
10028
4975
10030
1486
811
707
5924
404
5010
443
5281
2778
1440
1060
2922
884
4968
333
4110
2102
10032
788
4095
1946
1947
365
4974
1167
522
1800
395
662
631
6989
10025
2623
1483
25
3673
2716
89
3288
10021
2760
379
1474
3586
3604
614
7645
5516
5469
281
2335
7646
1298
151
10018
799
201
4609
5095
1299
249
6986
9
280
126
217
48
175
141
696
10017
2560
632
2455
5431
287
1901
4129
3325
10037
3192
57
30
321
81
2417
1063
3995
10014
5133
444
10020
2445
5944
1522
5259
189
1819
10019
2019
11
5507
85
112
2721
370
10
3256
5002
398
1038
1122
463
823
7644
1175
5515
1116
1900
880
62
529
948
10013
1554
388
3970
909
3205
4818
3200
4971
5876
2989
1207
96
5270
489
3064
1906
49
2124
10010
3362
2584
10012
3627
10009
1731
5287
5510
2681
337
10011
4976
42
1850
1972
539
1935
1811
3225
5679
3473
2782
2130
10005
725
1920
1657
5625
2842
589
1608
839
1827
392
5799
1489
1153
1192
2887
3458
2948
1903
176
4998
1006
9999
2949
10000
2457
3130
3231
10001
60
4
1309
12
3180
339
470
275
4084
5961
474
9998
3253
2634
5286
668
3249
2002
5878
4861
3575
3899
897
9997
4588
4498
3672
4531
276
3701
325
3358
2622
1629
5872
4999
124
10002
3878
5241
6133
1460
2463
3278
4093
4986
5040
2509
1202
895
2820
686
10008
2784
400
979
2780
2777
5435
439
2354
5418
2155
207
5326
1126
178
1940
1120
27
234
10761
1805
2939
5930
421
9996
4188
4708
4016
268
9995
958
202
68
13
192
211
45
4322
403
4069
5954
6093
579
4350
1277
9992
6843
4086
2214
4200
5465
5466
3652
2456
7642
1604
9990
3591
5511
2589
3359
3184
583
1465
3469
5874
77
992
5076
244
380
4215
4100
1717
4518
7334
1028
3409
613
3467
1626
501
2586
2449
575
137
9991
838
3392
3080
1208
2664
6977
100
9988
3
23
2375
5
487
38
3063
9987
4972
2309
5873
4973
5881
4140
3254
1985
4042
1177
9986
3318
6094
4050
1180
520
1696
2272
1376
9981
5073
1201
195
3862
3193
1023
9989
3329
172
1676
5054
9982
1424
6176
7185
4097
2673
9983
8
625
1732
340
6107
5904
304
5637
4241
9979
2105
5933
9978
524
1758
2813
1445
350
9985
9984
3903
5000
3846
4056
2904
1588
2578
3927
61
3488
3487
5883
5149
1981
1084
2590
6073
4228
984
3374
2510
1792
47
9975
807
2619
2092
362
4754
2185
1944
3489
235
3770
5831
3952
5931
3382
4615
309
5110
9973
676
2311
1398
3404
9974
138
408
6974
4981
6000
9971
3870
3319
6614
9970
5905
5913
3711
4078
582
5399
9972
1679
241
3592
1595
9969
711
5875
1620
1030
1534
1671
1349
5529
2430
1400
5528
5899
2985
9968
4795
9966
2228
5574
229
693
149
9965
527
69
46
210
58
988
1172
5424
1583
5906
2036
9964
1322
1446
2572
5879
2582
1766
1308
1195
6127
1722
9967
3241
2909
3849
2116
2998
480
709
3220
2502
1407
4502
375
9963
1181
4529
1519
3971
3578
2076
1234
9962
1700
6632
1118
4255
4994
1523
452
977
1939
2885
3310
4520
745
959
4090
1438
97
2982
1508
2548
37
4977
157
1411
7795
588
2389
2967
1271
860
180
2657
378
1767
607
562
302
9959
518
1752
153
728
1518
9956
2081
2115
719
9955
9958
2980
2192
2460
1669
535
9957
1590
82
1755
3432
5438
5892
115
2645
6269
1152
4884
1462
499
5224
341
4989
1467
1437
5537
9954
3953
4320
2247
1206
247
3670
4218
5798
3667
1869
173
329
51
80
240
166
28
478
1215
2429
1404
9952
2444
6971
6187
9950
1775
1236
2229
4742
5225
342
9961
9960
2583
2517
2394
377
2157
2030
3626
1957
4849
1415
1699
9951
9949
615
1851
2649
2896
425
194
1154
9948
2331
4101
6104
2903
146
619
4360
5213
2273
9945
9944
4124
1976
9946
987
814
1238
5233
528
457
4329
859
2288
59
578
16
2642
78
367
9943
3587
7640
7641
4543
376
5508
2339
6965
9941
2837
9940
5069
9939
245
2889
5877
559
4212
154
2223
1647
1660
2261
2696
5797
1796
71
644
384
1461
5652
5796
4313
980
5427
1643
396
9935
5880
4815
4509
2953
3270
5018
22
9934
3926
295
9933
9932
9931
117
4984
5282
5650
645
385
4155
1807
3415
4472
3974
3690
9929
1764
677
330
1491
4921
2625
1377
3617
658
2680
3835
5330
5432
7305
1596
3360
4272
3628
969
1089
1639
2981
1514
917
1477
6276
9926
3590
147
4517
5492
1553
2458
751
3845
41
9925
3167
348
2670
5325
7228
601
2665
5324
7218
4168
4167
1559
10776
7226
1828
5323
1934
2808
2144
3451
76
3606
3504
2726
294
3234
573
5888
2346
5008
5814
834
870
4764
477
1683
2785
9924
2342
624
3812
570
1688
2604
1992
4530
9930
6088
4958
9923
2587
1184
1373
4108
611
6756
1909
2940
3863
198
2647
5209
1450
1748
1493
152
1409
9920
316
3203
1613
2986
3634
930
2268
9921
72
1502
1211
2414
572
5640
5541
1718
3182
9922
3424
5014
2265
242
9919
2627
239
9918
3455
2451
1350
836
4115
7639
3468
109
4185
4581
964
5647
830
440
1740
593
4226
4321
2340
14
1430
131
442
259
15
32
19
5129
7277
1497
156
6734
9916
868
5964
2406
9914
6057
2068
9913
704
2137
599
413
5987
1951
647
6561
740
4094
5182
549
555
1394
5918
4079
5229
344
226
1838
9927
1464
1614
426
2783
9917
5085
5006
461
6083
5940
5137
9908
2328
310
9909
534
6961
1506
605
9910
5891
1388
5136
2452
5921
960
107
9915
4034
768
0
24
1
569
132
6167
1432
3143
523
3718
9906
5263
7636
2438
7637
1601
3509
7638
1200
1636
2700
1651
9907
1691
262
853
4099
9904
3915
3938
2963
3861
2520
2197
678
1532
1012
91
7304
331
7633
4519
7634
5795
7635
852
3557
1897
754
584
5549
1515
4603
1642
1868
718
3676
2703
2719
6018
401
2633
66
881
1242
5396
10793
4207
7258
4206
10796
3320
4183
7237
5397
7238
2720
10795
5370
7257
2240
4208
3346
1806
5398
10794
3906
215
2660
134
2355
1926
2045
9895
4105
9896
3609
160
1993
4172
5062
291
651
2345
2020
3696
1574
9899
9894
9898
33
358
2113
2975
1774
1617
9897
2348
1468
9900
5509
804
135
4085
2910
2313
6307
9892
2507
2325
5086
303
79
5897
1052
9891
1749
2931
4330
9889
1210
9890
399
3700
6
2440
9888
5293
1737
1185
4106
720
7631
794
7632
5518
1685
1133
4954
6139
6321
5882
1808
188
1958
3687
9887
3854
3115
1513
4526
3206
2639
3602
2983
532
1179
1609
1374
1610
3464
2744
4572
9880
5155
2545
805
6430
3724
2648
776
9882
5971
1898
86
2621
6010
3388
1569
9885
2257
127
9881
3106
433
795
5943
576
3056
6116
3104
4803
3196
2757
2227
4161
7243
7244
1537
7242
3300
2688
4216
7206
541
1528
1372
1984
31
3561
7628
7629
4324
7630
2033
9877
6957
4866
9875
6570
730
1606
4021
5099
9876
458
4527
9878
5972
4076
1485
3951
1214
5033
1847
2087
1243
3062
4985
3697
2832
681
2756
1980
2932
4003
351
3237
391
93
366
1158
6097
429
2162
9863
796
9865
4213
4333
1961
5936
1769
5051
1594
5496
460
1525
1561
9859
2734
981
9860
717
5557
5513
5662
5793
3689
1203
2711
7624
161
5066
9856
1625
9855
6953
2344
7622
5392
273
5566
1791
1967
2329
9853
9854
3563
2512
5551
2912
4113
2928
5530
7189
7623
9851
616
9852
3523
847
2286
9848
5065
5980
9847
1533
9850
3698
9849
1127
4521
4524
114
2841
1408
1929
5526
4548
4151
2606
2038
4178
286
1191
3354
488
1166
9844
2723
4209
542
1482
3868
2658
9846
1390
6172
2701
1673
3842
2656
4302
1948
1645
1899
7621
1875
2431
7617
1917
7618
7619
7620
2826
453
1618
5082
4997
5117
5521
6896
6021
4623
2505
3122
675
3961
9842
4711
1560
54
6952
3215
538
5308
2822
4089
5825
6105
9841
5915
2035
2960
1194
3223
1507
944
3152
1724
1576
3930
3240
9839
9840
313
4081
9838
558
5887
3880
3145
390
9835
3274
9834
359
4612
5166
5998
5996
3695
5900
9833
4441
3123
196
171
108
557
9832
113
9831
5079
2459
9830
9829
1062
4332
3177
3014
3239
9822
4830
9821
2956
3658
4513
6431
9820
3236
1039
99
220
111
343
5552
700
238
52
65
2
39
1018
9816
9817
3960
9818
5957
4960
3704
4353
840
1637
2386
402
36
364
167
5963
2039
4503
6067
2917
9819
3128
4619
734
4542
4624
4348
5194
9814
641
6949
758
424
6200
9812
397
1262
9811
9810
4059
233
1630
3577
2617
1444
2844
5279
2821
9809
3204
2605
4058
9808
2121
1332
9807
637
5430
3817
50
3996
1541
5048
5903
1747
2817
721
1235
1762
4993
3160
4013
2000
3073
873
332
9794
232
9793
9798
5292
4607
6128
5119
3912
9802
1447
1674
3222
3569
3221
851
4146
441
957
1542
496
1562
5175
2591
1648
9796
4546
9795
3230
4525
9792
3945
962
564
9791
9788
9789
409
9790
1839
2206
2353
94
2652
456
3246
5790
5570
1162
1149
1736
374
674
6023
1945
345
9785
6921
1759
9783
3725
2222
4706
2534
9784
3208
4065
3559
6504
9782
3248
5999
1362
6940
2988
4032
4438
2128
9780
3850
9781
7266
516
2873
212
486
1470
9778
5979
3226
3408
3916
9777
462
3317
2683
208
3316
2401
682
6939
1225
438
1763
2319
5984
2628
1124
2978
1544
621
7613
5512
2161
1168
1745
1403
3244
887
9775
9776
9774
5991
3021
2437
1923
307
5231
706
1871
5181
2511
861
5058
9771
2330
315
2935
9770
5977
1021
9769
4062
3075
1963
2184
5885
4992
2426
699
566
2160
4505
9768
270
1143
1131
2739
862
1635
6619
3085
300
410
5886
2588
4990
4083
4991
5884
1410
3705
1881
2006
472
2404
4539
7612
4432
2812
585
4295
982
782
3867
2493
4618
1458
9765
5517
1937
1182
1971
5001
1512
9763
4589
5994
2267
1387
4947
1816
752
493
5016
2905
5583
4690
9767
581
4823
2109
3621
5420
9766
2140
4143
1864
3550
7611
118
1435
5787
3549
2946
5226
1952
2264
5087
9760
2017
2230
2942
5023
4627
2088
683
2486
3326
5522
74
2843
3666
692
5785
1082
4087
2668
142
6770
9753
4138
1239
224
9752
3247
2315
775
9758
9756
9755
9754
9757
9761
2350
9762
6933
9759
606
695
7609
1161
7610
4662
9747
797
4092
2465
2183
5910
6653
3968
3636
4102
1995
327
9751
2609
1943
258
305
9745
1455
9744
4064
679
1896
3858
9743
3171
1813
4318
4311
216
833
9742
821
21
1448
2474
1045
9741
1369
6220
1678
2409
4995
285
2123
130
2388
293
6599
3149
6203
1360
2436
9739
67
6058
9740
1494
4103
9738
801
5938
9737
9735
1015
4091
3250
9736
9734
1221
20
383
4136
145
70
1136
6086
5174
5494
191
455
1244
29
5587
1650
560
2280
3871
6055
9733
5898
5519
2434
3091
2031
3092
642
4229
2729
1738
6049
9732
9731
5590
4722
4254
844
1834
4114
2450
5560
7606
7604
1436
7605
5404
3635
536
420
5889
4354
301
1150
5890
883
1040
4996
4629
2078
95
9727
6681
4889
2347
9724
5871
9725
2806
9726
919
2435
6313
697
9723
5200
1473
9722
9717
1125
9718
5077
6102
9721
3896
4625
3076
121
9720
9719
2058
5523
3685
4186
4636
1139
5893
6017
5962
4355
503
5949
2398
5598
1784
9713
1453
6924
3190
2866
1723
2987
3638
5012
4534
6157
347
825
2717
9716
2731
5268
9711
6846
4746
5813
9712
5255
1598
1171
230
1397
1396
415
3421
6003
3179
9714
64
3211
3429
7598
5553
7599
2966
7600
7597
7601
9709
2199
3639
5902
9710
4738
1488
530
9703
2464
2060
3660
9701
2362
9702
2659
5912
1911
3486
3198
9700
1217
2635
7596
5616
2298
2373
2797
7593
5726
7595
2811
871
7592
1380
2421
2796
2001
1137
994
3082
6066
9698
9699
6012
1218
260
2343
974
5266
3257
1119
9697
4063
3426
5920
3873
6603
9691
2234
1457
6918
5017
231
4112
9696
9693
4051
5317
3988
2269
75
3934
43
6920
815
2091
9694
5819
7590
803
7591
592
9690
469
2650
845
2600
4737
92
106
136
1479
9688
6917
5134
4066
3381
996
6108
9689
3069
3259
6916
9687
1000
267
1964
5514
119
4571
1640
7589
7588
3465
993
5607
349
1041
9686
1064
4057
9685
5907
328
1702
1930
4705
2911
5030
1855
3066
2864
2707
2043
1890
843
9684
2048
227
6534
6135
2965
5436
2083
1753
6586
9681
3630
6173
5015
3212
650
1602
1712
6226
2921
5636
5579
18
9680
3714
540
6464
3752
5454
685
5373
2143
2195
9682
9683
4377
630
4922
5005
6607
221
9678
298
9679
7587
1719
3439
252
5758
3493
5780
5895
5894
5896
2216
3207
4107
1666
352
9672
9671
4273
9670
6913
4878
5411
2608
991
2950
5477
9669
6271
2765
2433
1786
2718
2442
200
9662
9663
1895
4577
9665
5495
6914
6180
9668
9666
802
2514
3526
9660
9659
5081
3976
2378
3716
2990
1226
3186
1675
3084
3470
1570
761
4277
970
2054
755
9658
5097
2710
5064
3954
3291
9656
2120
9657
5178
2374
3883
87
382
5922
2029
9654
9653
5817
4601
5021
9652
5269
4532
4564
7586
2014
288
1399
4060
9651
1638
1989
7584
3653
1036
1886
610
5442
2781
5433
3413
2246
1196
170
9648
1552
6786
2770
9650
4559
1517
1990
9646
7333
9649
4938
1627
3884
4580
963
3879
5275
1129
4909
5816
9647
3475
2327
2803
5544
6076
5809
2026
5928
4547
5019
4291
4270
1233
3702
319
6909
1069
9645
3788
4545
2066
577
5941
5520
4987
714
5997
5969
475
3126
5025
4826
2653
5037
1433
2655
2679
1793
1802
1996
9643
6399
6087
2579
4892
9642
9641
687
2333
2759
218
5534
1889
879
4119
4622
3707
5297
9632
561
4904
5917
6141
6771
2095
88
35
2132
4540
9636
5208
7197
1859
3072
2662
5272
1428
4613
2239
4256
2217
7302
7301
1882
7303
533
183
5038
5870
4314
1016
3345
2667
2902
1423
2304
4351
2937
466
2616
9626
659
3210
3584
9625
9624
5176
9628
2090
2093
9627
5815
2800
1726
1273
9623
3881
9621
3719
9622
3298
6509
2845
5070
858
5901
4054
2317
4604
6648
9620
4075
6081
1391
934
2599
3931
1616
5248
9617
5601
1496
2024
9615
5927
471
511
5145
3529
1772
1742
510
3102
5618
5049
3859
9613
9614
6890
4187
3071
591
4868
1245
5923
1484
2979
5416
5271
3065
2640
4055
6906
2332
9610
2834
2901
9606
414
9605
1478
3191
5276
190
2890
9601
661
5007
813
1854
7581
7579
7582
5524
7580
5960
9598
9599
1646
2202
1891
308
3283
9604
3744
1835
1550
3668
5044
956
3642
7578
5565
1953
3677
1147
2244
594
886
5919
2607
1037
6143
6178
6902
2522
9597
263
1915
9596
5260
6024
2359
9595
5127
7196
9594
3694
9593
508
5055
1577
254
1973
1130
7332
1977
4569
4417
5608
5916
741
6111
1509
5946
753
3838
9591
1246
5533
4315
2894
5776
5777
2004
514
6065
4019
7577
9585
5173
6897
3342
3165
863
2424
1384
5256
9589
5020
2368
7227
1132
9582
9583
336
1487
9580
6284
9581
2382
449
6451
6452
5165
454
6061
4356
6251
2118
1247
2947
3385
2529
9579
9578
3242
4585
3992
3640
4028
324
9572
2427
9573
1689
9575
6136
9574
976
5947
1048
9571
9570
4117
2432
363
9568
1421
5985
9567
3328
3016
3324
556
7575
3539
4478
7576
9563
9564
6348
5948
5911
1123
2654
1417
9562
2630
9566
2595
626
3717
4080
3722
6174
1623
446
3937
1634
4535
9569
3541
2135
5973
7195
733
4357
272
7574
2372
1997
6122
5909
4920
3397
5811
2210
3973
2971
219
9559
6893
6398
2318
9557
2111
2951
519
4082
4952
1004
1452
1459
237
9560
6894
9558
9561
5547
1188
1715
5539
5035
3993
465
5500
762
9553
2689
6891
2467
5084
1652
7572
7571
5473
98
222
5582
7570
1159
3312
4514
5602
635
3185
9550
9549
2571
4096
1081
3743
5192
361
354
4040
4043
2892
4245
5039
4729
5027
1725
817
102
2722
125
322
7569
1927
3892
6963
5550
169
4550
822
5135
3650
205
9548
5934
2575
1010
3280
5338
598
1043
3258
311
3540
3001
5926
2207
3874
9545
640
1279
3814
1603
4071
3095
2955
5157
2991
184
5458
3749
2108
9546
2875
9544
6300
1856
9543
504
292
9541
4495
9540
5525
5538
1044
2615
5004
4067
3271
2271
53
2706
7299
7300
978
4592
5401
1117
7573
1746
1824
3176
4667
5078
3624
6032
5499
2802
1883
1884
5771
5772
4477
2324
7567
353
5172
3201
1922
5284
2585
1770
1956
9534
1750
1949
731
296
9532
9533
427
1756
4049
1205
9537
9538
3597
9536
40
1297
3891
3209
6319
6192
2251
6665
3462
2187
9525
4663
9527
9526
256
604
1145
1240
1165
5593
2508
1434
1148
2972
5914
3692
2405
9529
5439
405
2236
2677
2881
9524
4262
2044
9523
3631
9520
1051
9519
3047
9515
1988
2941
3039
6239
5210
5925
2697
9518
9517
3872
3395
1970
9521
9516
1551
3463
9530
6322
5034
3118
416
9528
5700
5151
9512
9511
6238
2899
2918
1558
5639
7564
6600
5942
2611
9513
4587
1857
1003
5419
3450
4537
73
3910
2448
2360
6885
513
2011
2643
2218
269
2602
3134
2695
3712
4541
314
44
5036
2454
6160
7562
7563
1902
271
1894
3380
4328
4755
2927
6038
5089
710
2231
738
243
1454
3923
5409
6170
3869
2041
702
5041
3460
9506
9504
3688
9503
7561
3580
1556
6761
5024
2097
2632
1054
3603
2930
2392
1375
3151
9500
5264
874
7560
3629
2274
1694
122
6052
3228
743
945
3335
1979
2403
5531
9497
9498
779
9499
1904
5562
5527
4048
2704
4804
5675
3607
5400
7559
2858
9501
3948
3216
5929
2447
2552
916
9496
4681
9495
4828
7265
2399
3410
1170
1199
5142
2428
4776
5109
9494
2594
3116
3585
5638
5975
3111
9493
5122
158
5807
1222
545
3033
5982
1463
9491
6667
9490
4303
9492
4044
6112
7193
1773
5627
9486
1928
7557
5535
7556
5536
6246
9485
2352
3083
4031
5685
1661
6883
1288
2596
9483
5981
468
5935
2519
5950
3958
3573
1530
1905
3957
3703
3105
5937
9484
5053
5283
5976
6151
6345
9480
6728
2973
553
9478
3178
5932
9477
6564
6882
9474
2391
3282
1367
5262
2995
5295
6880
5251
179
986
1540
5150
5267
3127
9473
5029
5201
6027
1284
1621
5968
7794
9471
1520
1050
3183
9470
4544
9467
2074
1371
2395
1128
5103
9466
1472
2874
4061
9464
5047
6513
9465
1918
6019
6130
2618
5542
2198
4932
2196
4154
5374
680
2320
1861
2156
9460
9463
6064
2644
1204
4331
1431
4025
9977
6016
1727
9980
2692
5159
4596
4238
5563
3213
9452
2263
5978
103
1821
464
1019
1014
2182
832
4933
643
9448
9451
9450
9449
1790
3273
4586
3877
1931
5114
769
6872
479
406
3255
7553
5759
2816
875
4316
2441
6525
1879
1994
1169
5595
4199
9446
5252
6243
1777
5803
9447
732
7552
323
7551
4515
620
6071
5236
4549
2131
1668
4336
422
1420
2819
4982
1090
1858
2357
7550
279
835
3461
4510
1033
3674
3454
5277
9440
9442
4014
9443
2518
7549
289
334
2542
9441
6871
9444
4269
5130
5802
2799
159
7217
7548
4323
2381
2287
5274
4934
9430
9429
1743
2626
3900
3197
9428
2103
6674
5118
2879
3678
317
2818
5951
9434
9433
9431
9436
4672
9437
2669
966
297
3664
4562
5393
727
7547
9432
1209
9425
9422
6131
5043
1429
9423
1921
1611
5801
1565
9424
737
3901
7298
1942
1414
9420
6868
6867
6458
5532
1665
1418
4387
5487
5543
846
2786
9427
6869
5144
2631
4610
9421
3886
2556
636
209
3982
448
6864
6842
6074
842
9415
729
9414
1219
6323
1294
9413
1789
1144
6863
9416
2127
6009
3720
9417
9418
2636
6014
9412
1662
5575
6109
5559
2010
1402
5545
4582
5375
7240
1151
10791
4134
10790
4232
806
4231
756
5958
2576
544
2356
9403
9402
3235
9401
6191
3491
7546
1187
2453
5406
4451
9404
3987
5094
1822
2152
250
4077
4583
5244
4358
9398
4342
4727
428
5052
5952
6713
877
1425
5061
9394
9396
684
9395
9397
580
9393
5290
2933
2165
4777
1701
6859
7545
5489
253
5755
2996
2962
5568
1027
546
451
5754
1046
512
1401
972
10753
1581
5306
7194
2181
9389
6154
2416
6235
9388
2305
6857
4812
4966
6148
5153
3963
6856
4271
3315
4261
7297
2761
283
3913
3981
4918
4304
3414
9383
9384
6062
5291
2009
9385
1912
1892
4325
2262
2908
4276
9378
6099
9380
781
9379
4718
965
338
3619
6025
9382
1013
9374
3680
6013
5289
1785
2763
3290
2446
537
7544
2082
5258
9375
9376
3156
826
4131
6747
1539
1716
724
2516
9366
9368
1804
2715
1500
9363
2146
1649
1653
5540
2422
5751
2072
2895
1419
1385
3110
3972
357
2898
4533
3456
6853
5735
3081
9365
5190
9357
9356
9358
3876
2349
502
3527
7542
5312
7543
6849
6344
1878
2016
3885
6851
9351
4700
1480
9352
9350
3031
4072
1721
9353
6060
5102
9360
9359
1641
2138
6100
5340
5339
1612
9345
3933
9344
5139
5180
6045
2883
2825
5437
2672
2959
3807
9340
5131
4008
485
5203
1954
4893
9343
3888
9342
6440
9341
2749
628
2691
2969
4294
4463
3989
6848
4591
1932
9349
355
2839
1213
9338
104
9333
773
5138
9334
1035
9332
3146
7536
3336
7537
7538
5561
1220
7541
1383
4378
7540
4551
4579
394
9331
4274
2191
2211
4180
177
1986
2107
9330
2495
1061
5746
5747
7535
56
3947
5273
4633
9328
6841
3245
2034
3887
1001
2377
4913
5992
2521
9322
9320
9318
6840
9319
2527
6839
9321
6679
9329
2624
2069
4418
2148
5966
2042
6469
9317
9316
1728
7793
2515
4242
3986
6001
4368
4017
3773
1083
3908
9312
3821
4698
6838
4561
971
6329
435
5939
5434
1379
4647
1115
2142
9307
772
2336
9309
865
4156
9304
3162
9303
1047
6275
9301
9302
6026
6265
3471
476
924
6834
7276
4810
34
9306
6117
6196
140
9297
567
4448
2277
1029
9296
9298
3902
4784
6544
9295
3928
2129
4144
5573
1893
6669
506
3662
1413
5265
1739
1692
3985
3898
2248
2114
3445
2773
6101
2919
3612
9290
4593
9291
3774
6831
1866
3740
1782
3361
4476
757
9287
9289
407
2603
3893
2838
9286
3671
9288
6832
1249
2099
213
3691
5091
903
3034
1846
6827
6829
1778
3466
5558
9284
5246
4041
3935
9283
6826
1216
2075
1250
2531
6068
5167
9282
1495
490
5967
3907
1481
2159
3994
4373
9277
9278
4552
9279
9276
492
9274
4760
9275
1779
2259
2964
2835
6008
2593
9271
3552
5063
1164
4022
7296
4275
3396
5403
2735
784
1704
6824
9269
2255
368
9270
1624
2724
5668
4053
9268
6753
9267
6473
5126
6164
3610
3189
824
9263
5953
3030
9262
6823
9255
2945
9260
9256
5945
1709
9261
2638
4616
2551
4029
3693
1186
2758
997
3506
1492
941
5546
3275
9248
4563
2205
1009
2764
1101
2254
9247
5125
1584
2977
7
3686
3314
1197
809
3086
6820
716
4237
7527
5740
952
4455
5741
7528
9245
9244
9243
9239
9240
9241
9242
9238
736
1663
9237
6819
6095
6053
5072
203
2538
2007
2294
2610
2249
4860
6005
5554
7526
155
3199
3124
2270
2023
3068
4611
3087
5056
5161
1751
3946
9236
4759
5467
5080
6041
2884
4630
2541
9235
2676
790
3613
9234
7264
2363
3057
3099
5083
9233
2200
6818
1730
1667
3665
9232
1599
9226
5556
5342
3313
5341
6044
3659
423
3669
1422
225
128
4181
5261
9225
3218
5239
5665
6245
1682
5088
9223
4553
3828
9222
9221
4337
101
174
5075
3864
2110
9217
5594
828
9216
9215
1241
9214
2907
6709
2012
3786
4179
5221
9213
9212
5101
2779
2425
5223
2952
3980
1160
3991
1655
4104
5113
2699
521
3721
1587
4326
236
9208
5955
2651
356
9209
2466
1176
1744
3929
5788
1393
5343
1817
3043
9206
9205
2385
6810
9207
1295
5219
1826
2238
2830
1289
9210
9203
3232
2008
1840
248
4335
5956
9976
2976
6234
6976
5116
9201
5218
9199
9200
436
3412
3706
4118
5310
5555
2752
2376
3437
1189
708
1919
4392
831
7525
9192
3809
3138
2303
2415
5648
5132
5212
629
3508
5067
2289
9188
9189
9187
3579
1025
5111
3276
5412
9185
2201
7271
2497
3715
9186
3936
4891
2279
277
6075
1251
2062
3157
5995
6397
1787
6807
9184
4298
1427
3615
1503
6806
4872
6022
1501
6247
6805
5315
2567
4070
3159
5303
4158
5285
3600
2028
5288
4752
3089
9182
432
9179
5782
4045
6039
5441
4004
2900
5959
4516
6804
4946
648
4460
5687
6450
6229
10893
5296
2080
2393
320
5220
7626
7627
257
6011
2410
4037
4492
5493
5990
6435
6156
612
4749
1252
820
633
4039
2018
3472
4098
1776
3219
5970
4139
2913
9173
3911
5222
597
9169
1543
854
3521
5124
9168
9167
139
9165
5207
4566
3977
1936
1138
9163
4983
1628
5108
9164
2341
5965
4233
1416
5093
120
6349
9162
3163
3955
4370
4176
5191
9161
9152
9153
6799
299
3909
5254
9154
284
9151
2924
6237
2794
5611
6273
5386
6249
3108
2929
3548
3751
3403
9147
6566
6597
9149
3797
9148
3939
6602
3446
5731
7294
2743
5571
735
5160
6496
1406
6266
9143
7293
1820
7292
9136
9140
6795
9144
5988
6797
9145
9146
4848
9142
9134
9132
9137
9138
9135
9131
4712
6037
4006
2598
9126
9122
1002
1253
910
2219
1183
6002
6214
9123
9125
9128
6031
9127
2119
326
6651
990
4253
6213
4317
7521
7522
1114
9118
2807
7520
1254
1605
4015
6790
3447
4035
2581
3679
933
673
4234
3379
2753
9110
1844
1797
5974
726
9108
5169
5576
4020
6779
2702
9105
5322
6778
7519
5586
4560
6514
9106
3303
6777
2762
1572
2891
6775
9104
3474
2050
6582
6048
9100
5141
9101
2125
3094
6639
4235
9096
9097
5090
9093
5422
9095
1812
9094
2730
2754
2755
890
1469
5177
9091
1224
1615
4236
1256
1255
2337
7516
4319
7515
2055
9088
4375
9089
3175
6161
6772
3731
2974
6216
2193
2569
9087
4036
9086
2122
3683
9083
6007
2968
2027
1042
5868
4834
6030
6181
2323
3843
3918
3264
10746
2863
1287
9082
9081
6206
5983
3438
2961
5185
7514
3904
2250
6538
4641
199
1908
1557
946
531
9079
6267
6331
1441
6255
6217
6091
2281
9078
1607
1659
9076
9077
1257
2484
3330
2278
2334
5578
7513
2322
5344
6769
4307
9075
6624
9073
2387
6036
548
9071
6768
5564
7517
4483
1456
5490
9749
2614
9750
162
694
5585
6163
5187
1680
3061
9070
5147
7510
26
2554
6466
9068
9067
9066
9065
9063
3979
90
2970
2402
9059
4088
4595
6572
656
2557
83
3428
5986
1178
6047
1705
2877
6765
818
3675
747
4309
450
4929
1591
6481
2046
1504
6077
6346
5989
1874
6631
3098
2525
9053
4642
3279
5600
2237
5702
5591
4650
1707
9048
2823
3983
746
6222
6121
6762
9046
6763
7270
9047
2774
3132
1597
9045
3889
4251
5584
9043
949
3150
759
1259
9039
9040
9041
9042
3623
4427
841
7508
5722
7509
4578
2358
4301
4575
2379
1034
419
9038
3398
655
2266
4461
3840
9036
1734
2150
214
9035
5100
9037
1326
7507
5703
2052
9034
6159
2291
6035
4565
6759
3096
889
9030
837
6390
9031
9033
9032
4030
4147
4177
185
9025
2997
4879
713
9024
9023
9029
105
9028
3648
10849
3296
4334
517
10847
1849
1007
10848
10850
1258
4557
5577
3919
4512
6085
3645
5773
3507
1924
9017
2809
4556
848
3917
2612
888
9013
9014
3924
261
5098
4250
5993
7505
5483
7272
4871
5198
1521
9843
7504
7503
1681
3681
5379
1888
9010
6752
6356
9009
3243
9008
4126
3343
4352
6257
6749
4873
9006
9007
1781
2564
2418
1978
7501
3943
4459
3625
4626
116
6043
6042
7260
3853
2540
8995
8993
8994
8996
8997
8998
9004
9003
9000
9001
5302
8999
1049
8990
8991
8981
8988
8982
8984
8985
8989
8983
8987
8986
5121
8977
8980
3654
8978
4646
8975
3227
8979
6587
6746
8992
5128
5569
8973
8970
2528
5143
2501
849
6186
6004
7207
8968
8967
8969
5105
5104
6015
467
6743
5766
4447
7499
7500
7498
2943
1654
8965
6115
6092
8964
8962
6210
6677
8963
7497
995
4602
6219
3620
902
4001
1876
1687
2232
6716
346
2566
2868
3357
7495
5580
7496
5567
3294
8960
3097
8959
6741
1536
5168
3836
1938
6006
1714
1443
3356
8956
5764
1872
4205
5189
5429
6028
1825
4567
1146
6337
4033
2526
7494
4397
2326
5613
7493
110
2164
1085
2876
1449
1633
4074
8946
8949
8950
5195
6295
793
4244
1582
5717
7491
5716
7492
2408
2215
459
3142
3598
2338
1788
8936
6020
8938
4184
164
8939
2292
5123
4599
3894
4073
1913
8940
8942
3663
8941
891
8931
2629
6119
8929
3046
4523
6056
3293
1836
3544
7485
4856
3962
4568
8930
6231
5622
7482
7483
8928
8926
445
8925
6223
8927
255
2878
3287
3567
4278
5604
892
4570
8914
2397
6204
2194
8918
8920
8921
3780
9764
2293
1095
3826
4916
8913
3389
8910
3834
6724
5711
2693
7476
5572
7478
4590
1163
7479
7288
7290
7289
7291
7287
7286
7285
7284
8908
6723
8907
4386
5163
6063
8904
4289
6221
6721
3101
8903
2620
5739
6208
705
8902
3148
6114
4214
5468
7472
2149
1829
2675
3390
3109
7583
5154
3090
481
627
8891
1959
5278
7471
5331
2307
5481
893
3453
4617
8897
918
6218
6140
1703
6444
1439
8886
2411
4501
6029
8885
778
6717
8888
8892
808
1870
938
8883
8884
565
8882
8895
2833
3593
8894
8893
8877
8878
8881
760
6714
3866
6715
8876
2485
3940
6113
8874
8873
5245
6697
4666
1684
5756
5196
2810
6256
5455
1157
2536
4620
2532
8864
5867
8863
4024
484
4845
8861
2787
8859
6710
4287
4687
2742
2312
1113
2574
3959
8857
8854
6705
8852
2499
2801
2859
1261
5753
4023
3941
8851
2601
3007
3181
5249
8848
6033
691
4026
8845
6123
6702
5589
7468
7467
8842
8841
6700
389
7466
7465
7464
3778
8839
4394
5599
6103
4598
646
3449
2369
3644
2064
8838
3802
8837
4511
2577
8836
6144
3194
2888
6696
6054
1378
6442
4901
6693
8835
3501
7461
7462
2862
2805
1395
3920
1867
5737
2559
2880
7269
8830
4670
8829
8827
3813
5581
1975
4452
7460
6034
1237
2423
2005
7459
5480
4573
3479
6510
3168
3299
8822
7457
7458
8821
17
6059
6690
5699
2384
6688
904
430
6089
8819
2772
6125
2098
7241
1212
2134
688
7456
4576
6342
6078
3641
3608
1783
855
3229
2570
3810
2831
6274
5243
1134
1873
8815
3599
590
5193
6224
251
3583
4361
7455
4606
1227
8810
1862
6684
3224
3571
8807
4150
1466
3605
6040
2641
8801
5426
623
8802
8803
6096
3478
6215
6147
6683
2276
7454
8800
6272
4240
1526
3295
372
827
1644
1843
1880
5658
7453
7451
7452
2258
850
3895
6051
8799
4249
5592
223
8798
715
876
500
654
7259
8795
6046
3890
6676
8792
4980
3187
6330
8794
8793
6209
8638
8637
8636
3079
5050
6082
2580
8790
7792
7789
7791
2462
5395
5866
7790
10865
10864
10867
4327
5491
5869
2461
947
10866
7192
10868
3277
8786
8784
3588
6050
913
1833
8781
6070
3505
8782
4761
8780
6211
5257
8779
8778
8777
7201
4793
6670
4202
6671
6562
8774
5448
5447
5620
8768
3647
3682
3170
3800
4696
8769
8772
6129
8767
3457
7448
1842
1670
8765
8764
3560
8763
8771
8770
9911
9912
8761
1832
2893
701
7236
6666
1860
3140
639
4726
8757
8758
4574
3649
3525
8760
8759
6434
6664
6268
5425
3932
8756
2775
563
6080
5112
3384
8740
5158
8738
369
3795
3512
6660
6201
3841
5280
8735
5148
6355
8732
411
6369
8731
3144
2535
8730
1263
4246
3820
1708
8724
1545
8723
8726
3875
8725
8721
6658
3966
6439
8722
3956
3045
4608
6446
1381
5376
1656
8720
4713
4010
2015
6655
2300
8718
3965
3684
5470
3365
8719
5022
1798
6656
8716
1091
2916
5443
10875
5653
1078
265
2413
4597
3093
8715
3125
6188
8709
8711
5232
8712
2666
6500
8713
8714
5186
8717
3860
3441
2013
2285
5092
10758
2308
8706
649
2208
4046
3352
7445
3375
4000
417
5162
8697
8692
8693
1193
6283
6640
8696
2938
1887
8691
6069
8690
3921
4419
4137
8688
8687
3967
8685
2914
2957
6531
3363
8686
8689
6183
306
6090
1999
8683
8684
8679
8680
8681
4594
1799
2301
5217
6647
2882
2256
4125
10751
10752
6577
9576
9577
5605
8675
1498
55
920
2533
7442
7441
1564
8673
1265
1925
912
8669
6312
6072
1695
2400
7440
7439
3448
5694
3518
2741
1962
7437
3269
8666
6568
2613
8663
1266
5612
2141
7436
5479
5671
3217
6079
4806
2506
197
5644
8660
4730
5188
10799
5372
2745
1573
10798
4153
7261
8662
4159
750
6195
5692
84
6636
8657
8656
6084
2053
8654
526
6633
8648
8647
5184
771
7435
1950
894
5206
1382
4939
3026
7432
7433
7434
5691
8645
8646
5152
3117
8635
3738
6629
1885
1267
8640
8639
6630
7431
1135
3611
8630
1229
3263
2419
3832
3405
5588
5320
8629
8628
6241
8626
3112
7275
5170
8623
8622
896
5690
8618
2568
8621
3601
6278
2539
6179
1008
1098
1248
6126
2537
774
1529
4018
7427
5688
5307
8610
8573
2253
4132
4312
3267
7426
2944
8609
7268
10807
7222
10806
5417
3015
4383
3434
1631
6539
8608
3727
5596
1053
8602
8601
8599
665
6621
856
5346
8598
6250
4864
2546
4928
5060
1658
2886
6460
8591
1998
7423
7424
7421
6098
899
766
8589
5164
8588
3137
8586
8585
2708
8580
8581
1231
1031
8582
885
8578
8577
8576
3964
8575
1011
7420
3119
4877
1982
5068
8570
4961
4911
3837
8571
1848
985
6162
4310
168
4243
3158
8566
4704
8565
926
5478
8560
4686
2840
8562
8561
3710
3882
7186
9481
6801
6424
290
2290
6138
8555
4538
664
4632
8553
4635
8554
2661
8551
4697
1155
6417
4798
8552
1780
6609
3655
8549
1058
1230
5211
8550
2836
8548
8547
6608
3734
5656
8542
3622
4658
8538
8540
8539
3905
1499
6110
8537
7344
2925
4038
3174
8535
1686
4349
5301
10750
5300
8534
8533
5727
8532
3088
8531
3161
2396
6605
6171
3348
8530
386
1831
554
10006
6983
10007
8527
1471
8529
8528
1735
8526
8521
1741
8524
8523
6253
9565
10800
4189
10801
10803
10802
8519
8518
8514
8515
8516
8517
3656
5235
2139
7416
608
4869
6601
4297
8513
8512
5347
393
1991
266
8508
1056
2814
8509
8511
4308
3418
763
3041
3406
4914
8502
6106
3311
8501
381
6595
3728
8500
8499
2190
6145
3261
3530
6244
3581
8495
2154
8493
2573
8494
6590
1845
4640
2439
8490
6592
8491
1156
4130
908
3969
6149
5179
4142
8488
6591
8484
6589
6120
8483
8482
3050
5721
7413
5672
5298
3542
8485
8487
8486
6585
1077
6581
6437
8481
6580
6264
2302
4820
4821
4822
3764
8480
3139
4479
6124
6583
2314
2163
1363
3618
6118
7412
2815
8475
2562
2383
182
2733
8474
2923
4027
798
8473
671
2597
5202
1567
950
8470
8471
1055
2245
8469
4951
6281
5497
4854
1511
6194
3568
3811
3436
7411
8462
3452
3852
3564
6575
5199
8464
8463
8461
8460
7274
6571
8458
2073
5394
8456
1853
8455
5693
6260
8459
6573
9367
5800
4047
4068
2284
8445
8446
8453
2085
8448
8450
8451
8447
8454
3281
2252
3514
2420
7410
2558
7409
712
3268
2321
5597
2869
4851
6153
5610
2847
6175
7408
3637
1017
318
1079
8444
8443
2316
6152
4009
8442
6565
6199
1632
5713
7585
4381
6563
8440
4005
1370
8441
2025
5615
3135
3925
3131
2390
6516
4936
3762
3364
4835
4489
8438
4340
6134
3136
1795
7406
1863
4605
5666
4528
2544
1268
3651
6132
4967
5720
8433
8432
8428
2897
5714
8431
8429
6533
371
8427
8426
2260
4925
983
8430
1907
2275
2848
2412
7405
5609
1711
5614
133
8424
8425
3566
3422
2306
4964
5071
6142
4691
3172
2489
8416
3839
6184
3459
8414
6553
8413
4773
8412
5183
8411
8410
8415
525
8402
6552
6551
8399
8404
4906
8405
4740
1622
3393
10817
8397
8396
8395
6137
8394
3661
2789
1575
8408
5712
8409
8407
3492
3536
6550
3477
3713
5227
4876
4719
8398
777
5328
2549
1121
6158
1076
927
3844
482
8436
7200
7239
8392
7404
4121
148
1228
5663
2788
660
4396
5606
4399
5630
7403
8390
4649
6547
4506
10003
3265
3202
5548
8388
8387
8386
6546
8382
6155
8381
2690
7208
5410
10797
1524
1837
7402
143
2727
6543
2926
8374
8375
8376
1057
5710
2849
8371
8370
2235
5453
7295
2241
2737
8362
8364
4420
4480
7400
7398
7397
7399
2563
6146
3341
1269
4800
898
3643
6537
2547
8360
3387
3616
5215
900
5707
3998
8356
8357
4709
6169
8355
1664
618
4239
6150
1823
8353
2117
3596
2470
8351
5709
703
6540
8349
5645
2047
2524
8348
6530
3166
6526
6228
3483
7396
5318
3394
8347
1754
6185
3999
3990
6177
6529
3010
6285
8345
8346
8344
507
2678
4789
8343
8342
4471
8341
8340
6471
4794
3376
3114
2565
3411
1527
8339
5216
5250
6528
2478
6340
8338
3103
2233
8333
4157
3378
3851
8332
2685
2407
2732
6508
2147
6198
5253
8328
8329
3077
8330
816
5046
8325
6259
8324
6523
8326
8323
2151
5603
8322
8320
3897
8319
2954
8313
8318
4614
8310
8306
8311
2112
8308
8307
8309
3776
8293
8294
8295
2079
6519
4750
4600
6457
8296
5237
8297
8298
6521
8300
1392
8302
6520
8304
6518
4731
2367
8290
8292
6242
8305
8303
3067
4469
5096
8289
8288
4833
4230
6282
8285
8287
6423
8286
4299
3494
6517
8284
8282
8283
4554
7392
5654
7391
8281
8280
4656
3855
3350
6182
8279
3632
8278
925
6515
6168
2483
6193
2003
8274
3154
6368
8271
5205
3059
8268
8269
4685
2283
8270
2687
2224
8267
8266
3484
3975
8265
3804
5146
8260
7343
8254
6363
8255
8256
8257
8261
8259
8258
8263
8262
2136
10808
10809
7273
10812
10814
10810
3386
10815
5421
10813
10816
10811
792
4341
4252
8253
8252
4736
8264
204
8248
6622
6297
8249
4408
8246
2936
6505
6506
8247
8251
6507
8250
6654
8245
3297
6166
1814
5632
6501
8240
8239
2040
8238
8237
1968
2958
8241
8236
4902
7279
7336
8234
4695
8235
2220
6499
8233
8232
8231
6498
5204
6497
6495
6294
3950
8228
8229
764
652
3558
8225
6190
6432
4850
3570
6490
4584
1578
8224
4694
5228
2561
8221
8220
8219
3442
3416
3373
8218
3164
8216
8217
6489
8215
3286
8222
8223
9953
5140
1270
5444
2736
8208
666
8211
4797
6212
8209
6487
2037
6484
8205
8204
335
4837
6254
6788
4435
1710
9111
1914
6787
5818
2065
3657
3431
6482
5445
8199
6197
8201
8200
4639
547
5107
8198
8197
8195
8196
8194
10767
10766
7203
8193
2555
3500
5504
4002
8190
8192
8187
901
8188
789
9314
8186
473
6361
8184
8183
6477
8185
8179
8182
6476
8180
8181
163
5698
3984
8178
3595
5697
6474
8173
8176
7191
1801
3266
2714
8170
8169
4007
5696
653
2094
8171
3407
3768
2592
6258
3997
3726
8166
8168
8167
6470
6227
8163
8164
3574
3922
509
6467
1070
6606
3120
8161
6784
6785
8162
274
4424
663
8155
8156
6320
8154
6463
5242
1305
7188
7190
765
6189
8152
3260
8150
5633
7376
8148
2671
6461
8149
8146
5631
7373
4412
6459
1803
3058
3443
7329
8144
8145
3070
4439
431
8143
1546
7372
3524
8142
8141
8140
4836
8139
4955
6456
6433
6378
8137
3153
6454
4141
953
6453
8130
7209
8131
8132
483
4403
7369
1020
7368
2915
8122
2804
3113
571
3402
5689
7219
767
1442
8117
6261
2550
3805
5626
7360
7361
7362
5617
4558
8110
3495
4732
6445
8111
8112
4052
6443
8106
6270
8107
8108
5624
6438
6441
8103
8104
8105
3121
4522
1916
8095
4266
1272
8093
8091
4194
6236
5197
3323
6367
1771
8089
4790
2709
1563
8088
1505
8083
1965
8082
3169
6205
4945
4372
1274
5230
543
4263
6207
8080
7355
3646
5767
7356
4431
8075
8073
8072
6428
5472
7354
5350
5619
7353
6202
7282
7281
9011
9012
906
1733
4405
6425
8067
6240
3054
8065
7351
7350
907
4507
5646
6225
8061
8064
8063
1677
3830
5678
6412
8057
8056
5238
657
8055
2553
6411
6413
6415
6414
8058
6410
8054
1412
3755
4500
4863
8050
3942
123
6408
3753
2364
2906
8047
7335
2153
2872
5677
8048
3978
5676
5115
6803
2101
4956
7874
8043
6406
8044
4338
4491
4363
1969
4195
3100
8018
3005
4123
2856
8039
6847
609
6400
6233
1260
1276
8033
8034
8035
9729
9728
9730
6927
6926
8031
5498
6395
8029
2371
8027
914
4885
6396
8028
8026
6232
6252
3856
8024
6308
6394
2771
5240
8022
8023
6393
5673
8021
5304
1174
8014
6248
8013
8012
8015
6389
3018
8019
8016
8017
6391
8020
6392
8010
8009
4801
2468
7532
2793
7530
7531
4659
6386
6387
8008
7346
4296
1941
4468
8003
7348
7347
2488
6230
7997
7998
6381
6383
670
5471
7993
5405
1579
7991
7992
5623
4680
4657
3847
4173
3040
3949
6379
940
4227
4888
2934
7989
3766
7985
7988
6377
7987
7986
6263
7984
2860
7981
7980
7979
7978
6374
5234
7977
4306
7349
1405
2491
7974
4621
3332
7971
7969
7968
7262
7352
6373
1955
5156
4382
3594
1065
7965
4915
3038
7964
7962
4401
4416
9113
9114
9115
7357
5621
1026
1865
312
7959
491
9281
6825
7956
4169
4669
3009
5032
7283
1173
3173
812
6359
498
6358
7952
5664
1278
3141
7948
7947
6357
6262
7358
7946
6347
7945
6598
5381
1538
7943
2827
7941
3816
6354
4890
6352
3771
7940
7359
7936
7937
4359
7938
2795
6339
7365
5629
4728
7926
360
3000
5045
6865
7363
7364
5628
2728
7923
7920
7921
5120
1877
6343
7918
7366
7367
2791
3285
2494
6341
7912
7910
7909
4978
7908
7907
1066
7370
2186
7906
5474
3944
7902
6334
6333
7903
3750
1280
3444
4398
7371
5329
7899
4919
2209
9080
7199
7198
3417
10828
10838
10835
10834
10833
10832
10831
10830
10829
10819
10818
10827
10826
10825
10824
10823
10822
10821
10820
10837
10836
7278
10843
10839
10840
10841
10842
2829
10764
10765
622
1067
6689
7374
7893
7375
7377
7378
2920
722
4339
4814
4400
1987
7892
2471
5106
770
7379
7889
1510
5659
3321
6646
7887
2351
5351
2212
6652
1548
8710
2530
6324
6325
7886
4897
7885
4882
6821
5794
9249
2684
4963
3565
10851
7337
10852
10853
2824
10854
10754
3614
3133
7882
5635
3576
4555
5634
780
7881
7880
4673
10749
1535
7879
10874
3289
5361
3307
4484
10873
5750
8828
7878
6301
7877
1068
7875
7876
2776
2479
3440
1190
7871
6316
6280
1281
3309
7870
7869
7868
7866
7867
7865
228
7860
7380
7856
5655
1282
7857
1852
4160
5247
2361
150
7381
7850
3480
7851
6310
4768
6311
1022
1585
4457
4203
4959
6888
6887
3808
2104
5641
7382
5171
7844
2063
3147
3533
7840
7837
6306
7836
4305
7834
1768
7832
7831
6286
7829
7825
7830
7826
2049
5214
1475
4758
1072
7820
7385
4458
7384
5332
7821
4948
7822
7813
3004
3155
7814
1283
6292
6293
7808
5402
603
5449
3327
3355
3401
954
7815
3430
1285
8856
6704
8855
6703
4470
1286
7804
7800
7801
7799
7802
6291
5319
7798
6289
4380
8843
4267
4734
4702
7809
6296
4652
7811
7328
4628
7812
7810
857
1841
4182
7389
905
9166
2993
7211
6302
2086
3188
7823
5450
5451
6303
4912
3006
7824
5649
7828
7827
4482
4665
2686
6304
3737
7833
4191
1264
4941
6305
278
5305
7835
3044
5651
7839
7841
7838
7220
4404
7843
7842
4931
4756
4775
7845
742
7846
4807
3107
3377
7233
7847
7848
7852
7234
7854
7853
3129
7855
689
7858
7859
5345
7861
7862
6315
7863
7864
6314
1672
1005
7873
7872
4128
6317
595
7395
7393
7394
3060
5657
7883
1547
4437
2225
819
3399
4979
7884
4753
1810
6327
10846
5476
10845
10844
7263
7330
7331
6328
7891
7890
4367
2798
5660
4217
6332
2106
7894
4653
7895
7896
7897
2705
7901
7900
7898
4965
1071
6336
6335
4111
5661
7905
6338
3556
4343
7904
515
1830
7913
7911
7401
5475
7914
7922
7919
8620
8619
4858
3522
7924
7925
7927
7928
7935
7930
4751
7929
3742
7939
1024
5057
7942
6351
3078
10882
6371
7944
6353
4631
7950
7951
6360
7949
3790
7957
6364
6366
7958
3301
418
7953
6362
7960
3831
7954
6365
7955
6370
7961
4190
7963
3747
6372
5667
617
4497
739
7966
5669
7407
5670
10777
7225
7230
1140
3829
7970
7972
7973
7976
282
6376
7975
6375
3729
7982
7983
1589
7990
6380
5031
5762
4371
4678
6382
7994
7995
7996
4300
2089
8001
5413
8000
6384
3756
7999
8002
5059
3036
6385
8007
8006
8004
8011
8748
8755
8750
8751
8752
8753
8754
8743
8747
6388
8005
8025
1073
8032
8030
8036
8037
8038
5674
8040
1075
2297
8041
8042
7414
568
6407
7415
8046
8045
744
8049
8053
8052
8051
6409
1291
8059
749
8062
1096
8060
5321
2663
6418
6421
602
4364
2768
4721
4288
8071
8069
6426
8076
8074
552
7235
8079
8078
8077
8081
6429
2513
2850
4365
8087
8084
3308
8086
5684
8085
4434
8090
3785
866
7419
3371
3482
6436
8101
8100
3760
8102
4930
3823
7422
5686
1074
373
8109
1697
8113
911
7425
8116
3496
8115
8119
8118
129
4402
3011
8120
8121
1368
8136
8135
8133
8134
7430
7428
7429
8138
3822
6455
4257
829
3815
8147
6462
3425
4488
8151
2867
1531
2725
7438
8153
1451
6465
3024
8158
8157
4943
1292
2096
8159
8160
5695
6468
8165
4645
1293
6472
8175
8172
4486
8189
8191
6483
8203
3003
8202
8207
6485
8206
6488
6486
5003
8210
8213
8214
4811
8226
8227
5009
6491
9250
7447
5704
3419
7446
8243
2861
8242
4490
7449
3435
8244
6502
3825
186
6503
2846
1690
8434
6556
8435
4648
4170
6478
6479
4279
7450
6511
3803
3741
8272
4682
8273
922
3562
5705
8277
1713
6512
4660
928
8299
8301
8291
264
634
3337
6522
8312
8314
8315
8317
8316
4225
4475
5706
8331
3848
6524
8327
8337
6527
8336
8334
8335
6659
6706
8858
3572
8418
9655
4664
4949
1966
4772
4504
7463
8350
8352
4390
6532
4896
6536
4770
5028
5074
4926
6535
8354
2496
8358
8359
1580
551
8361
1296
8733
8734
8367
8368
8363
3758
8366
8365
8369
6541
6542
4430
7470
2767
7469
864
4391
5708
2738
8372
4369
4842
8373
8377
8378
3476
8379
8383
8384
6545
8385
2853
7473
4376
7474
8380
8391
4671
6548
8389
8393
787
7475
7477
7481
7480
1729
8403
4677
8406
8401
8400
1093
8321
2766
6554
8417
8419
8423
8420
8421
8422
6555
7484
2870
5805
7488
7487
7489
7486
2370
7490
6557
8437
6559
2476
921
6560
4379
8439
7554
5761
3709
5718
6567
3767
5482
973
3334
7254
8126
8125
8123
8124
8129
8128
8127
8452
1706
8449
4268
8466
3510
7711
2500
5415
9092
8472
8476
6579
8477
5719
8479
2828
8478
4508
6578
8114
5013
6584
4715
6588
3055
5294
8489
8497
2022
8498
8496
6593
5683
7417
5682
5681
7418
4763
6596
6594
3538
4201
1571
7506
8506
8505
8504
8507
8510
587
4499
5723
6604
8525
8520
8522
7267
5724
5725
7187
5728
8536
8541
3730
4942
1693
8546
8545
8544
8543
5729
6610
7512
7511
5730
586
4210
8557
6611
8556
8559
8558
2498
4421
6613
8563
8564
3914
8568
8567
5327
8569
8572
8574
434
1974
6615
3746
6616
9107
8587
8584
3551
8583
8579
3857
8592
4679
3042
8593
8594
5733
1111
8595
6618
1300
8596
8597
6620
8600
8603
5485
8604
8605
8606
8607
4644
3008
6623
8613
4825
6625
8611
6975
8612
9254
8616
8615
8614
6627
8617
5734
6626
3333
8624
4905
8627
929
8643
495
8632
8631
8642
8644
8641
6628
8625
2056
3554
5736
4962
6642
4346
8649
8650
8652
8653
6635
8651
6634
8655
4950
8658
785
8661
8664
6637
8667
8668
8670
8672
2854
8677
6645
3037
8671
8678
878
8847
3233
165
8695
8694
2380
3515
8698
8699
8700
3049
6649
1301
8701
8702
8705
8704
3582
6650
8703
8708
8707
1302
1568
6657
4120
2204
8729
8728
8727
4165
6662
5042
8741
144
6682
8094
5452
7529
1303
2472
8762
2480
4655
8766
6668
4894
8773
8776
4741
6673
5414
5337
2071
8783
8785
6675
4676
3013
7518
5732
8791
8797
8796
1097
6678
6680
3555
5744
8804
8805
6685
8806
4903
8808
690
8809
6686
4953
935
8812
8811
4817
8814
8813
6687
5745
8816
8817
4494
8820
8818
10785
3304
10781
10784
10783
1389
4389
7539
5748
3511
6691
6692
8823
6694
4292
4282
6695
2051
8832
8834
923
8833
8831
4717
1080
3499
6309
2748
6701
5752
8846
8844
8850
8849
939
4969
8853
3819
6711
6326
8862
6712
6707
6708
4661
8870
8866
8871
8869
8868
8867
8865
8875
8872
4743
8880
8879
4910
1232
4766
8896
4668
8898
8900
8899
8901
6720
4406
8905
8906
2992
6722
6725
8911
8912
8909
5760
8919
8916
8915
6727
8917
3052
8924
3528
8923
8922
6729
4467
2188
3532
3732
6731
6730
8932
3865
8933
8937
8934
6732
8935
7555
8945
6735
8944
8943
6737
6736
8948
8947
8951
4865
8955
6738
8953
8954
4654
8952
5763
867
4196
4819
4224
1307
6739
4716
1698
6740
4683
8957
8958
1092
6742
8961
5765
7558
4957
968
7817
7818
6298
10755
10757
7202
10756
2366
872
6745
8974
6744
8976
4450
6748
2865
9002
5769
7565
2747
5770
2067
9695
7566
4725
3029
2469
9015
9018
9016
3051
3769
6755
4880
9019
6757
9021
9022
3370
951
9020
4786
6758
783
9027
5774
7568
3546
4384
4414
2477
6760
869
1086
9044
9050
4988
9051
3035
9049
6558
5715
6165
6764
9052
2503
9054
2857
5775
9055
9057
9056
9058
9062
4496
9061
9060
6767
6766
9064
9069
932
9072
9074
1310
2295
4762
1490
9085
9084
5778
1088
5363
5026
6643
3339
6773
9090
2504
9176
9099
9098
6774
936
4774
9102
9103
6776
9109
6780
6781
6782
4707
6783
9112
9116
9117
3302
6789
9120
9119
6792
4422
9124
2126
4688
6796
9150
4940
9157
9158
9159
4724
9155
2855
4767
9156
3340
6800
5781
7594
2145
5387
5334
9170
9171
3833
2769
7888
4900
7603
7602
6802
9172
4265
9177
5457
1311
9175
9174
5380
4453
4285
7933
7932
4701
7229
7931
7934
5783
9178
9181
3400
9180
9183
550
4843
4211
6808
3369
9190
9191
574
5784
7607
7608
5786
596
3053
9193
3824
9198
9197
9196
9195
9194
9202
4436
9204
6811
3535
4769
6809
5789
7614
2299
3827
4908
6812
9211
4792
6733
6878
5501
9220
6814
9218
9219
6815
6813
3748
5791
6816
6817
9224
3513
3745
4171
698
9230
9227
9231
9228
9229
7615
1386
7616
4802
2057
5792
1087
4747
9634
4937
7005
9947
5808
9246
3366
4290
7625
6475
4714
3818
9253
4675
6822
9251
9252
2158
6299
7816
9258
9257
9259
9265
1593
3708
4887
4493
9272
9273
3782
9280
3791
387
6830
6420
3012
9285
6828
3547
9264
9266
9292
1275
9294
9293
6833
4970
672
9305
6835
1312
4899
6836
5299
6837
9310
9311
9308
4935
9315
9313
4411
4247
7643
3589
6672
9327
9326
9325
9324
9323
9335
9336
3490
9337
9339
5423
1313
6844
5383
6845
4886
9346
9347
9348
9354
10782
2021
5352
5353
7308
7307
4426
9361
3798
2189
5768
9370
9371
9369
6854
9372
5365
5364
9373
9362
9364
4720
9377
4193
9386
5505
9387
6855
5389
9381
2851
1314
9390
9391
6858
9392
10885
5390
9399
9400
3735
2242
6861
6860
6862
9405
9409
1555
9408
9407
9406
9410
9411
6290
6447
4122
9419
6866
7647
6870
9438
9439
9435
7649
7648
9426
1315
3002
9445
1094
9160
6569
4347
1316
9454
2221
6873
9453
7246
9461
6876
6877
9455
6875
6874
9456
9457
4473
9468
9469
6879
5011
9472
7444
7443
4280
6881
9475
9476
3777
9479
3806
9487
9488
9489
2473
9482
3427
1818
5806
3503
3545
10805
3383
1619
10804
931
1765
6884
9502
9505
4875
4923
9509
9507
2994
9508
9510
4693
7650
1317
3485
9514
4197
9462
2481
3736
6886
9522
2084
5391
9535
9531
4258
6889
9539
9542
6793
4927
9458
5804
4345
9459
5810
3353
7651
7652
3794
9551
9552
9556
9555
9554
6892
1318
6895
1319
4684
6480
9584
6898
9586
6899
4870
7656
5812
9587
9588
6900
6901
9590
9592
6903
7654
7653
7655
9600
6904
6905
4413
9603
9602
6427
5309
8070
9611
6907
9616
9619
9618
4857
3027
9630
9629
9631
9639
9637
9635
8674
6644
6641
9638
4813
9633
9640
9644
4796
10762
10763
4152
3292
7221
4481
6910
4433
5428
3516
3498
1592
6911
9661
9664
9667
6912
9673
9674
9675
9676
9677
4164
5384
5385
2365
494
7849
3420
3784
6915
4924
4944
4917
6919
9692
6923
9704
9705
9707
6922
9706
8492
9708
2296
9715
6925
4867
6277
6279
1306
6928
3765
6929
206
1320
9746
9748
6932
7280
1600
5446
3347
1794
5821
7658
5820
5822
1761
1760
961
6937
6936
9772
7204
5823
6938
6934
6935
9773
8665
6638
2475
9779
4204
6942
6941
3787
9800
9799
9801
6945
4674
5456
8966
7387
7388
7386
9805
9803
9806
9804
9797
6944
5824
1910
9813
7660
7659
6947
6948
6946
9815
1321
3793
9828
6950
9827
9823
9826
9824
9825
6698
6951
1290
9837
4393
3048
10890
10140
3779
9845
3322
4283
5779
7662
7661
4744
9857
4487
7338
5826
4847
6954
9858
4409
6956
9864
9861
6955
9862
5827
9866
4474
8775
9867
9870
9869
9868
9874
9873
9872
9871
2282
9141
9130
9139
9133
667
8749
8746
8745
8744
8742
6663
9883
9886
9879
9884
4771
9893
3433
6959
6958
5348
5828
9902
4733
9901
4907
9905
6960
2740
5407
9903
5738
6962
4895
2059
7665
7664
1324
1323
9928
6798
7663
5829
6964
6967
6968
6966
9942
4366
4127
6972
8736
3017
3349
3789
4839
6973
1304
5832
4148
7666
4415
7667
7668
7669
6979
6978
9993
6980
9994
6981
2713
10004
4710
2682
6982
810
7671
4485
5488
7672
7670
6984
6985
6969
6970
6987
10016
10015
10027
10024
6988
10023
10026
10022
4284
7673
5833
2790
10034
246
10040
10881
7042
10879
4281
7698
5841
7025
3028
3799
10100
7015
10099
7020
7011
10877
7043
10174
10876
3783
7044
3032
10178
10043
10044
3338
1325
5680
3423
3534
10046
10045
4410
10048
6990
5834
10047
10049
6992
10050
10051
6991
937
10052
10054
10053
600
6993
6994
6995
10055
7223
3553
7674
3391
6997
6996
6998
10056
6318
7000
3739
6999
5382
10057
1327
10562
10190
8212
7309
7310
7311
4260
7676
7675
7001
10058
10061
10060
10059
7003
10062
7345
7002
4175
10066
10065
10064
10063
5368
989
10068
10069
10070
10067
7312
7004
10071
1328
5835
7677
4163
10073
10072
4816
2061
7006
7007
10075
10074
5836
4428
9026
6794
10076
4853
10077
10872
1329
10078
5837
7008
10079
4748
10080
6574
10081
5838
8590
6617
4783
4634
7009
5502
7678
7679
7681
7680
5460
5459
4223
2751
8739
6661
7683
7682
4286
7010
10085
10084
4429
10083
4465
10086
4264
7012
3306
10088
10089
4444
10087
7013
10090
2746
10091
7014
10092
6493
6492
8230
6494
10093
7016
10094
5503
6699
4739
10095
10096
10097
7502
5484
7205
10098
7019
7018
10101
3344
10102
10103
4787
10104
10106
10105
5839
10107
7021
7022
1815
8503
9129
8092
10109
7313
10110
1331
7017
2543
5366
5367
1330
10112
1102
10113
10114
10111
7534
7533
10115
7314
4135
4344
10120
10121
2490
10118
10117
10116
10863
10861
10859
10860
10862
7027
10122
7026
10123
10124
4735
7684
10126
10127
10125
7029
10130
7028
10129
10128
10132
10131
10133
5378
3368
10134
10135
8682
10136
10137
7030
10139
7031
10138
10141
7032
10142
3792
2100
10144
10143
7687
7686
7685
1333
10147
10145
10146
10148
10149
7033
4778
5369
7688
7689
7690
3331
4442
2226
3757
7034
10150
5336
6718
7035
7036
10151
10152
10153
1334
10154
8840
5701
7037
10156
10155
7038
10158
10159
10157
10160
4699
10165
10163
10164
7691
7692
7693
4116
7039
8659
7040
4407
5840
748
7694
2712
10166
3481
7390
10167
6750
7041
10168
7697
7696
7695
10170
10169
4446
669
10171
10172
10173
10177
5842
10176
10175
7700
1933
5843
7699
7701
7702
7045
2213
10179
4745
4757
10180
3025
10181
10182
7210
5311
5844
5408
4765
10183
1099
3502
7046
7047
3531
7703
3519
1100
10184
10187
10185
7048
7049
10188
10186
5845
4874
10191
10192
7707
7706
10193
3543
10194
3284
10195
10196
4788
3497
4374
4423
7050
10198
7051
2077
10197
1103
7052
10199
4781
7054
4846
7053
6930
6931
7056
7055
10202
10200
10201
7057
7058
10855
10856
1198
7339
10857
7342
4248
10858
7341
7340
10203
7708
187
3801
10204
10205
5335
10206
3517
7059
10207
10208
4221
10209
1104
7060
7061
10211
10210
10212
10213
5846
10214
5461
7315
2492
10215
10216
1335
955
800
7212
7062
10221
10220
6751
10217
10218
10223
10224
10222
7063
10219
4881
7709
5847
7064
1336
3754
10225
8457
10226
10227
7065
3367
1337
10228
6754
4192
10231
7066
5463
10229
10230
7710
5848
3372
10883
7095
10304
7067
4805
10232
7068
7069
10119
10884
7070
10888
7097
7213
4385
4651
9005
5743
8787
8789
8788
10233
786
7072
7073
10234
7071
8633
8634
4883
6576
8467
8465
8468
10236
7074
10235
4723
10238
2203
10239
4198
10237
10891
8174
8177
10241
7075
10240
791
10244
10245
10246
10248
10247
7076
10242
10243
10250
10249
7712
7077
4466
4898
10251
10254
7078
10255
10256
10253
10252
3781
10257
1338
10259
10258
10260
10261
3763
5464
7317
7316
1339
10266
10265
10264
10263
10270
10269
10271
7079
10267
10268
10272
6719
7713
8890
5757
8889
8887
10274
6401
7081
10275
5388
7247
7082
10276
3761
4145
7714
7084
7083
10278
10277
2694
10280
10281
10279
5849
4785
10282
7085
7086
10283
3520
7087
4220
1340
723
7088
10284
10285
10286
10774
10775
1142
7231
7089
10287
7090
5371
7091
10288
10759
5506
10760
6449
6448
4362
7715
7716
1341
10289
4443
10293
10290
10292
10291
7092
10880
7111
10871
10379
10380
7719
7718
7717
1109
6350
10296
10294
10295
7023
7093
1108
10297
2852
7094
10298
10299
10300
10301
10303
10302
7967
8097
8099
8098
8096
10305
10306
10307
10308
7096
5377
942
10313
10314
10311
4689
10315
7098
10316
10317
7099
4462
7100
10319
3733
10320
10321
4791
10318
10312
10309
10310
10322
1107
10327
10326
6419
10325
10324
10323
1342
7720
7102
7103
10328
10329
10332
10330
10331
1106
4259
2750
7104
7722
5850
7721
10333
10334
10335
10336
3759
10337
10338
10340
10341
10342
1343
10343
10339
10344
10345
10346
10347
10348
6402
4808
7101
10350
10349
10351
10352
2070
10353
10354
10355
10356
10357
10358
7105
10359
3262
5362
3305
10360
7106
10361
4780
10362
7306
10363
4824
7107
5851
7108
10364
10365
10366
10367
10368
4133
10369
5852
10372
3775
10373
1345
1032
7110
4454
4782
10374
10375
10376
8825
8826
8824
5742
10377
10378
2243
7725
7723
7724
6416
1346
10383
10384
10381
1347
10386
5853
10385
2674
7224
10382
10388
10387
4395
10390
4827
10389
10391
7726
2792
7255
975
10792
7256
7112
10394
10392
10393
1141
4445
4643
5360
4149
10396
10397
10395
10413
10412
4703
7114
10398
10399
10411
6549
10410
10409
10408
10407
10414
10405
10406
10404
10403
10402
10401
10400
10108
7024
10262
1348
10415
10416
7115
10417
10418
7214
5316
7116
10419
7117
7118
10420
10421
10422
10424
10423
7119
10425
7819
4637
6405
6404
6403
10426
7727
4293
5855
5854
7729
7728
10427
10428
7120
4464
10429
10430
7248
7249
5333
4449
10082
7121
10431
10432
10433
10434
10435
7122
4862
6943
9786
9787
10436
10438
10439
10437
7123
5359
1344
10440
10441
2487
7124
10442
2999
4638
4162
5856
10443
4799
7125
9836
7731
10444
10445
10446
5857
10447
10448
10449
7126
1110
10450
10451
7127
10452
10453
7737
7736
7735
7734
4832
10454
10455
10456
10457
1351
7733
7732
7704
7705
4779
10458
7232
5314
5313
10788
10787
10789
10786
10459
10460
10461
7128
7129
10773
10772
10771
10770
10769
10768
9300
9299
10462
7113
4809
3214
7738
7130
1352
1112
10463
7131
7319
7318
10464
7132
10466
10465
7133
7739
7740
7741
10467
10468
10471
10470
4831
10469
7134
10189
7215
7320
5462
943
7136
7135
10273
7080
10472
10473
10475
1353
10474
10476
10477
9547
7245
10478
10479
6791
9121
10480
10481
4440
1354
10483
10482
1355
10484
10485
5358
4174
5357
8276
8275
10541
10517
10518
7137
7657
10487
7138
10488
7139
10489
7322
7321
7140
9607
9608
6908
9612
9609
7805
7807
7806
7742
7323
10490
8737
3723
8972
8971
4692
1105
1586
7141
10492
10493
10494
10495
7142
10496
7383
5643
5642
10491
10878
10870
10531
10532
6852
6850
9355
10497
10892
10537
10538
10536
10535
7743
7744
7745
10499
10500
10501
10502
10498
10505
10503
10504
10506
4838
7143
2482
10507
10509
10510
10511
10512
10513
10508
1356
3195
10515
10514
10516
7144
10886
7145
10519
10520
7146
10522
10521
10523
5486
7748
7747
7746
1357
10526
7147
10525
10524
7917
7916
7915
10748
10747
10529
10528
10527
8676
638
7150
7151
4388
7152
7148
7149
4859
4855
10530
7750
7749
3023
10534
10533
7153
7154
10540
10539
10544
10545
10549
10548
10547
10550
10546
4219
10551
10543
7155
10542
10553
7156
10554
10555
10556
10552
7751
10557
10560
10558
10559
7157
10563
10561
10564
10565
7158
7159
10566
10567
10573
10574
10571
10570
10569
10568
10572
10575
7160
10576
10577
10578
10579
7161
1358
10580
10581
10582
7162
10584
7163
10583
5858
7752
10587
10586
10585
7753
10588
437
7755
4456
7754
3022
10590
10589
10889
10614
10613
10161
10162
10591
7164
6287
10594
10592
10593
7165
7250
7251
10595
10596
7324
10597
7166
10599
4844
10598
10600
7167
10602
10601
10604
6288
10606
10605
7168
10603
1359
7730
7756
5859
7170
10607
7169
10608
10609
10869
10611
7171
7172
10610
10612
10615
7796
7797
7803
10616
7758
5860
5861
10617
10618
9938
9937
9936
5830
7759
7760
7761
7173
4840
10619
10620
4829
10621
10622
10623
10624
10625
7762
10626
10627
7757
10628
10629
10634
10630
10631
10632
10633
10635
10638
10637
10636
5862
10639
10641
10640
7174
10643
10642
10644
10645
10371
10370
7109
1361
6422
8066
8068
10647
10646
8860
10648
10650
10649
10651
10652
4852
10653
10654
497
10659
10657
10658
5863
7176
7175
10655
10656
7763
10660
10661
10662
7177
10663
10664
5354
5355
5356
10665
10666
7765
7766
7764
10671
10670
10672
10673
10674
10668
10669
10667
5864
10675
10676
10486
10677
10678
10679
10680
10681
7524
7523
10682
10683
10684
7770
7771
5749
7768
7767
7769
10685
5865
7772
10686
10687
7252
7253
7178
10690
10688
10689
10692
10691
10694
10693
10695
7179
10696
10699
10700
10697
10698
10701
10702
10703
1364
7774
7773
10704
7180
3251
10779
10780
10778
7181
4841
1365
10705
7778
7775
7777
7776
7327
7326
7325
10709
10707
7779
7780
7782
7781
10710
10711
10714
10713
10712
10716
10715
10718
10717
5349
10721
10720
10719
7785
7783
7784
3020
10723
10722
10729
10728
10727
10726
10724
10730
10725
7216
7788
7786
7787
10706
10708
7182
7183
10731
10733
10732
10734
10735
10736
3019
10739
10737
10738
10740
10741
10743
10742
7184
10887
10744
10745
1366
4222
2166
2178
2177
2176
2175
2174
2173
2172
2171
2170
2169
2168
2167
2179
2180
