0
523
524
525
9696
9461
9430
2598
4499
9464
9433
3973
3972
3975
3974
2593
9465
9429
2592
4164
2274
550
3831
9040
8260
8269
3247
9463
9431
9449
9448
8234
9445
2597
9444
1499
9534
9511
9466
9432
4098
1940
2595
1938
4099
3957
1939
9462
9434
4743
4742
2594
9467
9435
4326
1945
1508
1568
2596
512
4822
6279
4823
516
8137
6734
2153
1371
1388
1378
1400
1397
1396
8934
9439
8645
1395
1394
1392
1399
1389
1387
8684
9375
8411
2151
1386
1385
1384
1383
9185
8307
9681
9385
2150
1379
1398
1390
1369
1370
1376
1373
1375
1407
1401
3015
1372
1374
1393
1391
1377
3069
7350
9373
8563
8562
4718
7586
6578
2152
1380
1381
1382
5090
3125
1863
7209
8308
2943
2944
2941
2942
2945
4544
4548
4546
4545
4542
4547
4543
4336
6690
2253
3766
6307
7566
4871
4810
5775
3765
8936
3385
4564
4576
4575
3806
3805
4570
3164
4416
4309
3163
3162
2234
2239
2240
2237
2235
2236
2241
2238
2330
2329
3753
3754
2131
2129
2126
2128
2132
2135
2136
2137
2138
2139
2134
2130
2133
2127
2125
2311
2312
2315
2314
2310
2313
2309
3589
4549
2242
2243
2332
2331
2124
9083
2307
2308
4193
3590
3591
3592
3383
8156
4495
6043
462
463
4784
6175
5060
4337
3384
3423
3672
9374
7572
8202
1404
1405
1406
1408
1403
1402
9654
9301
3624
1864
5089
3127
8754
7679
7680
2149
3223
3222
1862
5088
3126
3671
9419
428
1119
1118
1116
1117
3139
435
1368
2578
1367
1366
1364
8869
441
442
443
444
445
9812
1962
7411
4498
3642
624
1718
2743
4705
2742
643
1733
2740
4704
2741
1735
1736
2887
1200
1203
2888
1210
1205
1206
4010
1207
1208
1198
1204
2155
1211
1209
3116
1199
1201
1202
3234
1711
655
1707
653
1706
651
1705
649
1704
627
1703
1234
4009
1124
1125
2889
1133
1126
4221
1127
1128
1134
2405
1950
2404
2406
4237
1131
1132
1130
1129
2820
9187
1712
689
2107
2288
2106
3188
2737
693
1197
1901
1232
1233
1235
1231
1236
1237
1238
1239
1240
1241
1242
1243
1245
1244
1251
1250
1246
1247
4027
1248
1249
1727
2551
2552
2550
2554
2549
1732
2553
4586
1734
1737
2470
1098
2471
2467
2469
1096
1097
1100
1095
1099
1101
1104
1103
1115
1113
1102
1112
1111
1110
1114
1108
1107
2468
2483
1109
1106
1105
1722
92
5192
4019
4041
4020
1337
6397
1336
1720
8676
9086
9084
9085
8677
1344
8863
8862
1335
8861
1334
1333
1343
1338
1339
1340
8866
8865
8864
1341
1342
3994
6370
6371
1345
1346
97
4176
2975
3632
2973
2974
6596
8842
1716
8843
8844
8845
1279
1293
1295
1294
1296
8840
8841
1291
1290
1281
8839
1289
1288
1287
1286
1292
1285
7315
7314
9523
1284
3967
1283
3958
6339
6340
1282
1280
3633
4197
3003
3679
3001
3002
6618
8881
1723
8877
1417
8880
8879
8878
1414
1413
1410
1409
8876
8875
1429
1411
1415
2423
4093
1416
1426
1418
1419
1420
1421
1422
1423
7329
7328
9527
1424
1425
4016
6394
6395
1427
1428
100
1721
101
102
103
104
105
107
130
151
131
154
155
156
157
2123
1562
1563
1567
158
159
1565
1560
1566
1564
1561
4188
161
163
172
164
165
166
167
168
169
170
1513
171
1512
153
4100
162
1511
152
4096
140
1516
132
1514
1412
1517
133
134
1844
1846
1845
1843
8595
4208
3510
3224
3818
4669
2482
4560
2481
2480
2479
3511
4777
6074
4328
4417
3677
3220
3678
3221
6314
2590
6066
2193
2195
6804
2162
2164
2172
2169
2168
2167
2166
2165
2170
2171
2156
9355
3680
9354
7034
2161
2163
7557
2160
2159
2158
2157
1725
6667
3129
3130
3128
2316
1977
1976
1975
4301
1709
1269
1268
1267
1259
1266
1265
1264
1263
1262
1261
1260
1253
1252
3138
1256
1258
1254
1255
1257
28
29
2591
2192
2191
2194
2534
35
1724
37
1713
1753
6171
1752
2497
1751
1730
2
9508
1614
1617
1613
1616
1615
9
10
1726
3095
3096
14
1719
2531
1710
30
2976
42
43
66
67
68
69
1714
71
2532
73
6750
5022
2601
4824
2600
2602
2599
81
1715
83
1717
1731
1869
4223
1868
2493
2233
4207
1871
1874
1873
2926
1872
2492
1870
1729
2660
4409
3417
2466
4332
2142
2141
2144
2995
3708
2143
4333
2145
1728
1867
2442
2443
2444
2441
3557
3380
2445
2795
4436
2893
3381
302
3804
3899
6098
1961
272
2287
4434
6410
267
8362
269
270
4004
273
282
274
275
276
277
3086
2113
2181
9117
283
6725
4435
1585
9379
3406
3394
3403
3402
3401
4485
3400
3399
3398
1592
3404
9310
3396
3393
3392
3397
3408
3409
1583
3411
3407
3410
5567
3395
1586
1591
1590
1587
1578
1576
4323
1589
4672
1593
2421
3087
4671
2422
3690
2907
1577
1580
217
1584
1582
1579
3735
1574
1581
3405
1575
1573
3551
1572
1588
4593
211
4501
4322
1963
7038
2821
3014
1794
1797
1795
1063
3570
1062
1351
1061
1059
1058
1065
1353
1305
187
2476
2183
1075
1082
4151
1196
195
2071
3102
1323
1324
3025
1327
1326
1057
2184
3571
2446
4535
2001
1986
1070
2251
255
1053
3013
4444
259
1321
6454
1055
1054
1352
1328
1798
3550
1052
3809
1652
3692
3946
238
1086
1325
2173
1077
1066
1319
2738
237
9132
1078
1619
2946
1320
350
3696
2739
1094
1356
1620
2112
2121
1784
2489
1861
1304
98
1089
1979
236
2415
235
1302
1307
1090
1964
2804
1315
234
1074
2356
1316
1067
1068
1672
1317
1318
3517
3023
3070
1748
3032
1073
1354
1072
1071
3687
3123
1069
1348
1314
1505
1309
1507
1306
1506
3437
1313
4652
1349
1322
1060
2895
9186
2451
1076
3713
1357
1311
1310
233
1093
232
1091
2891
2683
1088
1297
1749
1358
1084
3501
1363
1750
231
4112
3124
1859
1347
2209
2073
1083
2072
1355
2604
1510
1080
1079
6653
9307
3889
3574
230
1085
1796
229
1618
2576
1956
1056
1081
2966
2381
1092
3161
3016
1350
5508
227
1957
6467
2851
2520
9293
9262
8324
8268
1270
8438
9123
9035
8951
8873
8850
8835
8831
8828
8825
8826
8827
8832
8836
8851
8874
8952
9036
9124
8439
226
8397
9092
8992
8919
8813
8797
8792
8787
8782
8783
8781
8780
8778
8777
8779
8775
8776
8771
8772
8773
8774
8770
8786
8791
8796
8812
8918
8991
9091
8396
1793
3251
1960
5545
3088
4329
5315
3580
4117
2213
6624
3492
3752
3544
225
2953
224
3249
1852
3577
223
3219
222
3187
221
1942
220
2461
2581
2119
1944
228
2508
240
3165
250
1943
2892
241
1941
258
257
256
254
2460
1900
8421
9114
9022
8941
8858
8820
8817
8815
8808
8809
8805
8806
8807
8804
8803
8814
8816
8819
8857
8940
9021
9113
8420
3424
9440
6131
3418
3391
3097
253
2803
2412
2408
3382
2411
2410
252
2413
2574
260
2409
2857
2858
9261
2414
251
3545
3250
5528
1954
3676
3131
9604
3756
2490
6046
3688
3694
5520
3038
3037
3062
6978
8264
5779
4173
4502
4213
6975
1953
249
2849
4668
1966
248
3733
3035
2182
1518
3421
5702
4064
5526
4533
7442
7310
2967
3963
7042
3525
6432
6959
7379
6717
3523
4050
2004
3033
3929
4051
3031
3030
4906
3040
3024
3021
3028
4500
3041
3027
3026
3022
3034
3029
3036
2819
2818
3801
1972
4296
3039
2940
4235
247
2196
2603
2197
246
1500
2684
1504
1782
1783
245
2198
1747
244
1746
2271
2814
2911
1933
1701
1700
1698
1694
1697
1695
1696
1702
9024
1699
1934
4115
1936
1935
2272
4021
2709
1952
4433
1965
243
8490
6163
8164
6752
8235
9281
6595
2357
242
219
1958
4111
3749
8733
3634
239
218
2114
2108
2111
2109
2110
9130
8732
4581
2204
2203
2199
2205
2202
2200
2201
3816
4424
9370
9493
8859
7547
6730
6493
6449
6447
6450
6495
6910
8160
9305
9613
9166
8157
6368
5596
5231
5148
5157
5375
5979
6688
6999
3153
193
6609
5737
4233
3154
192
1362
191
1361
190
1360
189
3011
3122
188
4056
4057
4206
2816
2817
4324
2839
6184
3438
9338
3439
186
194
6597
185
1515
183
1365
4149
182
2533
2256
2257
181
180
2186
2254
1968
2189
2255
2185
2187
2188
1970
1967
2258
1051
9869
9831
9692
9115
7409
6492
6304
6219
6214
6198
6199
6200
6201
6202
6203
6204
6205
6207
6206
6208
6209
6210
6211
6212
6213
6215
6217
6221
6255
6278
6283
6287
4907
4289
1969
179
1949
1947
1948
1971
3565
3566
3167
1973
178
1946
177
176
184
1708
2791
196
206
197
215
214
213
3830
212
2792
210
209
4587
2491
208
216
3772
1303
207
3010
3826
205
204
3009
203
3828
202
201
200
5547
2449
6060
199
198
262
305
263
1509
2873
2437
2438
6522
5743
2440
2859
2860
2861
2439
4320
9308
4882
4880
4883
4879
6691
4881
2174
2874
3827
325
324
323
322
321
320
1851
4216
1853
1848
1850
1847
1849
319
2850
1959
4088
1442
1441
1440
1439
1443
1437
1438
1430
1431
1432
1436
1434
1978
1433
1435
318
326
3775
6185
3502
2878
2876
4729
4901
2877
2875
5092
8275
8259
2140
9885
9820
9725
9231
7578
6134
5499
5043
5024
5020
5017
5016
5018
5006
5019
5015
5010
5005
5009
5012
5011
5004
5013
5014
5007
5008
5023
5002
5045
4992
5049
4954
5054
3910
6719
317
315
9881
9814
9705
9199
7525
6114
5377
4990
4988
4985
4984
4982
4983
4981
4980
4977
4979
4978
4974
4975
4976
4973
4972
4971
4987
4969
4991
4956
4995
4921
5003
3904
314
313
312
311
9519
8654
7028
4842
4227
4055
3955
3928
3926
3923
3922
3924
3921
3920
3925
3919
3927
3917
3918
3915
3930
3083
310
6418
8987
3519
309
3750
8315
4905
4448
4450
4904
4449
3520
9282
4072
4074
4073
4071
2120
4654
3078
4069
4068
6089
4067
2252
4066
4903
4070
4053
4065
308
3521
6958
2007
1569
1571
316
1570
4136
328
338
2879
329
1538
2711
9226
1537
2710
9227
3428
347
3212
346
3214
345
3213
344
343
3007
3008
342
4025
2588
2589
3803
6186
3625
3626
341
340
2584
2585
2587
348
2586
339
1308
2675
337
336
2358
1087
335
3888
1299
334
333
2674
332
1332
8730
331
8731
330
307
327
306
281
3825
280
279
278
271
2676
5595
1898
3141
2005
1895
8947
8930
1896
8946
8929
1897
1894
1893
1892
1891
3140
1899
1890
1301
268
266
265
264
284
294
285
9666
8854
7560
6929
6702
6672
6663
6661
6664
6671
6703
6928
7561
8853
9665
9645
303
301
300
299
298
9600
8688
7512
6943
6728
6714
6713
6729
6944
7511
8687
9599
9576
4856
2009
3802
1673
9015
9016
8354
1674
3420
1675
8353
2407
9876
9845
9711
9173
7481
6502
6312
6281
6276
6257
6259
6258
6260
6261
6262
6267
6266
6263
6264
6265
6268
6269
6271
6270
6272
6274
6275
6273
6277
6280
6282
6286
6294
6295
6297
4920
297
2070
296
304
295
293
6378
6379
8666
292
8199
9244
9168
9175
9176
9167
9245
8200
9260
4885
3553
4886
4837
7390
4838
3552
6155
8488
1951
2474
2475
2473
4438
1955
2450
3186
291
3006
3005
2896
2436
1780
1790
1651
2731
1792
290
289
1789
1778
1791
1777
1781
3718
2672
2957
2956
2955
3055
1650
288
1779
1763
9487
1765
1764
1762
2208
2871
2207
1776
287
286
7596
3389
3388
3387
4119
6401
6894
4426
3386
2085
3072
3071
3673
3581
175
174
9273
4573
4572
4574
9272
9125
9270
4756
9271
9274
3422
4186
4045
2074
2083
2075
2076
2077
2078
2079
2080
2084
2081
2082
6135
6949
6948
4558
4557
9101
4559
4044
4278
4042
9568
4277
4276
4049
4043
3533
4762
5636
3534
4048
4046
4047
6070
2936
2929
2934
2935
2930
2931
2932
6036
1974
2933
4766
4275
7634
1860
4591
173
129
9518
61
8664
6565
6566
6567
60
1064
2008
59
58
57
5250
4442
3207
3209
3210
3208
7569
5980
4446
4447
2260
2262
1755
1759
1761
1757
1754
1758
1756
1760
2263
2273
4026
2250
3092
2264
2261
2265
1189
1190
1191
1192
3433
1195
1194
1188
4174
2206
1187
1653
4054
3721
56
1186
1185
1183
1193
1182
1181
1180
1179
1178
1937
2834
4550
2266
1184
55
54
62
53
3823
51
3824
50
49
48
47
3004
46
4487
45
4676
9065
9061
9055
9057
9066
9062
9059
9060
9058
9063
9064
9056
9054
1312
44
2269
2285
2286
2267
3248
2284
2268
2283
2270
6057
8347
4167
4131
4134
5301
52
4133
4029
4132
64
5507
74
3012
65
1220
1212
1230
1221
1214
1215
1224
1225
1226
1227
4015
1228
1216
1213
1229
1218
5190
1219
1217
1222
1223
82
80
79
2118
78
1359
77
1738
76
1300
84
2115
75
72
70
41
17
16
15
6680
9742
9530
6681
8339
7343
7344
8374
4030
7342
6682
6683
7002
9285
6679
13
12
9289
2116
2117
2006
11
4327
2770
2769
2771
8
7
4585
6
5
4
3
1298
2498
3419
1
18
8729
19
20
9892
6093
1123
1120
1121
1122
3798
1485
1486
6150
21
1484
2359
2361
2360
1487
1483
4028
3905
7000
5067
39
38
8121
8120
4725
9914
8146
9740
6466
9171
5591
7401
4876
4875
2724
2723
4845
5529
4846
2722
2725
2721
5590
7400
4874
4873
2727
2728
4848
5530
4847
2729
2730
2726
4014
8965
1493
3060
8927
8928
1494
2916
4505
3059
1498
2918
5772
2919
3554
3555
2920
9366
9479
8724
4063
4836
7365
2913
5771
4488
9729
2915
5770
2148
4414
5786
6655
7321
2147
2914
2146
3512
8283
9269
2922
2923
7635
8476
2917
2921
8922
1496
4489
5287
5286
8924
3587
8925
8923
8926
1495
1497
4298
6512
1635
1648
9616
9615
1642
1643
1645
9283
8304
1646
8957
8958
1647
3390
8955
8953
1644
1629
1632
1631
1649
1640
1630
1633
1634
9331
9332
9387
8954
8956
1636
1637
8680
8679
9253
1638
1639
1641
4297
7054
2363
2364
2365
2366
2367
2377
2369
2376
4653
2374
2375
2362
2368
2373
2372
2371
8592
2370
3748
4299
6511
2335
2336
2337
2338
2339
2340
2334
3446
2344
2341
2342
2343
2345
9830
2346
3475
6328
2805
2813
2806
2807
2808
2809
4730
2810
2811
2812
3484
6124
2844
2845
2846
2843
2842
2840
2841
3968
8753
5149
8972
9721
8113
8608
8596
8599
8602
8649
8112
8616
8601
8598
8607
8617
8650
8971
1655
1654
2905
2903
4317
2939
1656
2901
5704
2904
9497
8750
4137
4855
7436
2899
5706
4506
9720
2897
5703
5705
9767
6063
8974
8661
8555
8489
8483
8475
8474
8471
8470
8472
8469
8477
8473
8484
8486
8532
7558
4508
8969
8970
3090
3091
9655
9594
2900
2902
2898
8968
4507
5518
5517
8967
4592
8340
8376
8330
8966
1657
3764
4300
6513
4751
7406
3667
3665
3664
3666
4752
7443
3528
3529
3530
3531
3532
8284
8663
2912
7674
4078
9339
3613
3610
3609
3608
3600
3602
3601
3614
3617
3607
3618
3615
3606
3616
3612
3611
3605
5764
3604
3603
3480
2962
2959
2960
2958
2961
3486
2963
4849
3487
6938
2802
1932
2801
2800
2798
4321
1927
5308
1931
5307
1921
9810
9703
9469
8351
6747
5983
5523
5303
5294
5305
5289
5310
5281
5312
4077
1925
9825
9744
9544
8571
6973
6028
5501
5247
5245
5238
5244
5236
5249
5226
5254
5189
5262
4023
1929
9860
9781
9633
8749
7265
6069
5386
5136
5130
5123
5124
5122
5121
5120
5119
5129
5105
5144
5097
5147
5066
5152
3961
1930
9836
9760
9578
8647
7009
6047
5502
5222
5230
5196
5234
5154
5241
4012
4006
5273
5099
5272
4007
1920
9884
9815
9707
9201
7528
6119
5387
5046
5042
5038
5039
5040
5033
5031
5037
5035
5029
5030
5034
5032
5027
5036
5028
5026
5041
5025
5047
4994
5053
4968
5055
3911
1922
9835
9757
9570
8626
6994
6034
5495
5224
5218
5210
5209
5217
5206
5228
5195
5233
5155
5240
4013
1924
9859
9780
9632
8748
7264
6068
5385
5135
5128
5118
5117
5116
5114
5113
5115
5127
5104
5143
5096
5146
5065
5151
3962
1926
9854
9776
9620
8718
7055
6064
5536
5318
5669
6102
6913
6103
5663
5316
5282
5200
5156
5185
5098
5191
3970
1928
9866
9798
9650
8939
7337
6078
5383
5091
5086
5078
5079
5080
5081
5082
5083
5084
5085
5087
5077
5093
5069
5100
5057
5106
3933
1923
9824
9743
9543
8570
6972
6027
5500
5246
5243
5237
5242
5235
5248
5225
5253
5188
5261
4022
1913
9858
9779
9631
8747
7263
6067
5384
5134
5126
5111
5112
5110
5109
5108
5107
5125
5103
5142
5095
5145
5064
5150
3960
1918
9841
9764
9589
8675
7032
6049
5390
5198
5184
5177
5176
5178
5183
5168
5202
5161
5213
5141
5220
4002
1917
9834
9756
9569
8625
6993
6033
5494
5223
5216
5208
5207
5215
5205
5227
5194
5232
5153
5239
4011
1915
9840
9763
9588
8674
7031
6048
5389
5197
5182
5175
5174
5173
5181
5167
5201
5160
5212
5140
5219
4003
1912
9809
9702
9468
8350
6746
5982
5522
5302
5293
5304
5288
5309
5280
5311
4076
2210
2799
2906
1919
1914
1916
3473
2122
4157
4580
3799
3578
3800
1670
6487
1662
9657
3488
8704
9146
9148
9147
8703
1664
8982
8983
1671
8984
1661
1669
1658
1668
1667
1666
8986
8985
8981
1659
1660
4129
6461
6460
1663
1665
5274
36
8274
4184
3496
3648
3495
3497
6987
3703
3215
3216
3478
9097
9098
9099
2290
2291
2292
2293
2294
3237
9096
9095
2296
2299
3236
2302
9094
2303
2306
2297
2300
2295
2289
7521
7520
9567
2304
4428
2305
4350
6694
6695
2298
2301
5510
2890
6722
3916
3079
3425
3080
3081
6748
3518
3094
3093
3474
9025
1827
9028
9029
9030
1840
1837
1836
1838
5319
3137
9026
9027
1839
1842
3136
1841
2736
4218
1835
1823
1824
1825
1826
1833
1828
1829
7423
7424
9549
1834
1830
4187
6507
6506
1831
1832
5320
34
6569
9799
7542
8427
8428
8429
8430
8431
8433
8425
8442
8435
8457
8492
8460
8493
7543
8459
8458
8434
8441
8424
8432
8426
9750
7582
8498
8515
8507
8525
8530
8566
7583
8567
8529
8526
8506
8514
8499
8503
8502
9794
7549
8447
8448
8450
8449
8452
8445
8456
8454
8461
8466
8511
8510
7548
8467
8462
8453
8455
8444
8451
8446
9728
7602
8541
8553
8558
8584
7601
8585
8559
8554
8542
8545
8537
8538
8546
9648
8124
8123
8655
8630
8620
8611
8610
8619
8629
8656
9688
7632
8582
8606
7631
8605
8583
8578
8573
8575
8574
8572
8579
9749
7580
8496
8512
8504
8523
8527
8565
7581
8564
8528
8524
8505
8513
8497
8501
8500
9817
7522
8393
8385
8386
8382
8383
8384
8387
8389
8388
8390
8465
8391
8400
8380
8404
8398
8409
8413
8464
7523
8412
8410
8399
8405
8381
8401
8392
9649
8128
8126
8657
8631
8624
8614
8615
8623
8632
8658
9539
8191
8715
8699
8706
8700
8714
8190
9647
8127
8125
8659
8633
8622
8613
8612
8621
8634
8660
2886
9727
7600
8539
8551
8556
8586
7599
8587
8557
8552
8540
8543
8535
8536
8544
3887
2663
2664
2666
6420
2885
4170
4282
4281
4551
2662
2661
2667
2665
8320
8741
33
32
40
31
27
26
25
3637
6181
2910
5777
3047
2909
5778
3628
4552
7256
3631
2908
5776
3627
4667
7326
3629
2605
8491
3630
2606
5985
4089
4090
4091
8172
9229
5317
4998
4999
5000
4997
9619
3159
3158
3157
6140
4898
2478
4270
5533
6622
3576
3575
3045
4872
9336
9404
3044
3043
3160
2098
2099
2100
2101
2103
2102
3593
2105
2104
2097
2095
2096
2086
2087
2094
2089
2090
2088
2091
2092
2093
4897
6380
7516
6144
2477
6308
5765
4114
4130
6109
4195
4870
6940
3156
3822
6174
2580
2579
8294
2699
9846
9770
9595
8697
7046
6058
5497
5193
5180
5171
5169
5172
5170
5179
5166
5199
5158
5211
5139
5221
4005
2698
9800
9674
9409
8286
6696
5981
5543
5381
5348
5380
5322
5382
4108
2697
8721
7332
6091
4590
4287
4198
4180
4183
3489
2380
2378
2696
2694
2706
2692
8638
7049
6039
4584
4303
4210
4204
3514
2705
8640
7047
6041
4583
4304
4212
4203
3513
2695
8639
7048
6040
4582
4305
4211
4205
3515
2700
2701
9418
8363
6733
4768
4231
4105
4058
4040
4037
4036
4038
4035
4039
4032
4034
4031
4052
3166
9477
24
5509
9478
9357
2379
2702
2707
9340
8248
6508
4724
4228
4118
4094
4087
4084
4086
4082
4083
4079
4092
3233
9396
2708
2704
2703
2693
3471
3483
6409
3693
3506
3507
3508
4295
2993
1774
2992
1772
1771
1770
1769
1768
1766
1775
1767
2994
9017
9018
1773
4878
23
4673
1681
1682
5264
1683
5263
1684
9723
9348
8244
6044
4443
4059
3912
3886
3883
3859
3863
3860
3861
3862
3864
3865
3866
3867
3873
3868
3869
3870
3871
3872
3877
3874
3875
3879
3876
3880
3878
3881
3882
3884
3858
3885
3852
3853
3847
3891
3057
1686
5270
1687
5267
1688
5266
1689
9520
8669
7033
4850
4232
4062
3969
3945
3942
3938
3937
3940
3939
3941
3943
3936
3944
3934
3935
3932
3956
3089
1680
9416
8359
6723
4763
4217
4085
4018
4001
3998
3996
3997
3995
3999
3976
3993
3971
4008
3121
1693
5265
1676
5269
1677
5268
1678
3468
1692
1685
1690
1691
1679
4349
4346
4343
4344
5278
4347
4348
1541
3635
6126
7258
4765
3821
3710
3711
4561
4562
8221
4563
6081
3709
6445
7541
3583
3582
3584
3585
3586
3477
6121
22
4808
2494
9675
2495
3058
2496
6030
2794
9733
2458
2457
4415
2456
5761
4230
2793
6521
3731
3767
3768
4655
3485
9212
5187
8321
4869
3903
4662
3416
3902
3901
3900
3638
6125
2862
2869
2870
9243
2866
2868
2867
2865
2864
2863
6122
8212
8422
4423
4422
4418
4421
4420
4419
5186
7476
8245
6173
9837
9861
9068
9653
9070
9067
9069
6458
3479
6120
3548
3547
3546
8468
3481
6525
2687
4692
2686
2855
3516
4658
2690
2691
2685
3594
2688
2856
2689
3482
8644
6451
7593
8722
6439
4120
4121
4122
3522
8346
8581
9111
8250
4123
6440
4124
3476
6396
3067
3066
1530
1528
1527
1536
1531
1532
1519
3068
1533
1521
1523
1535
1534
1520
1522
1529
1526
1525
1524
4663
2631
3065
5587
3815
2633
2634
2635
3722
3695
2487
2485
2488
2486
2637
2636
2632
1628
7592
8591
9425
6710
9495
63
85
9347
9706
9538
8148
8377
5295
86
8682
87
9558
9634
7438
149
8728
148
147
9769
146
4896
145
144
143
142
150
2353
2347
2350
2348
2349
2354
2351
2355
2352
2484
4767
1550
1549
1548
1547
1552
3779
1543
1544
1556
1557
1558
1555
1553
1540
1542
1551
1554
1539
1546
1545
1904
1902
1911
1903
1909
1905
1906
1907
3780
1908
1910
2514
3777
2515
2516
2517
2518
2519
2247
2246
2244
2249
2245
3781
2248
1745
1741
1740
1739
1744
3509
1742
1743
1625
1626
1621
2954
1622
1627
1624
1623
3469
2416
8182
6970
9528
4596
1981
141
2448
6313
3732
1982
1980
9358
8495
3712
2640
9381
3457
3456
3455
3454
3453
4279
9450
3451
3450
3460
2638
8223
4819
6470
6471
9304
3452
3464
3465
3462
3463
3459
2643
6342
9345
9344
9343
9342
3458
3461
5594
3467
2654
2651
2649
2648
2639
2647
8417
2646
4760
2642
2583
3470
4759
2582
3820
3620
2645
2644
5697
6995
2641
2657
2650
7573
2652
2653
3466
2656
2658
3845
2659
2655
9643
3778
139
8219
8418
8150
9683
3082
6285
6751
5531
4291
4293
5532
4294
2011
5372
9413
2039
6167
4166
2048
5369
2019
5371
4844
6914
2013
5668
7395
8249
8173
8665
2012
6113
2024
5370
6687
8298
7267
4125
8550
3556
3503
2567
5609
7640
2560
5608
2573
5607
2020
6284
138
8920
9606
9102
3647
6612
2023
5368
3770
6343
2021
5544
6398
137
2565
9694
2015
5363
2014
5667
2566
5606
4292
6516
7309
136
2018
5362
8569
9284
4829
4827
4828
9499
7678
8533
8337
8860
2029
5367
2559
5605
4225
6527
2038
5364
2045
5366
2569
6981
8176
9365
2044
5365
3202
8635
5379
6968
9108
5762
9395
9673
2040
6608
4000
2333
6739
2447
6137
4774
4776
4775
2938
2937
3700
6165
4761
8255
2872
2400
4826
2401
3771
8192
8921
8402
4733
4703
8158
6441
8547
8169
3746
2402
2403
7339
8678
2028
5357
9698
7513
8270
6851
7584
2562
5603
2564
5604
2010
8485
6176
4482
6599
2031
6853
2571
2032
5356
2033
6501
2563
2561
8933
7645
8139
9441
7642
2034
5665
3686
3685
2035
5352
2036
5354
7527
8481
8487
2037
5664
2570
7007
2572
7006
4951
7003
5933
3931
3447
3448
8693
9192
2568
2047
8181
9424
4412
2041
5350
8531
9037
9371
6484
7502
2042
5781
2017
8252
4786
2049
2558
7597
5666
2026
5351
7403
8323
6400
7351
9093
6919
6457
7479
8301
4229
4024
2025
5355
7540
9268
4175
7029
2022
5353
2027
9474
9592
8299
7577
8267
9133
8358
8342
8960
8959
9438
9278
9641
6514
8102
9697
9280
8186
6083
4690
4342
4288
4259
4258
4248
4256
4249
4250
4251
4252
4247
4255
4246
4253
4245
4254
4244
4243
4242
4241
4257
4239
4260
4238
4240
4234
4271
3569
2016
4290
6517
3702
5360
3203
7050
8151
2030
5358
2046
5359
4809
7594
6086
3769
9408
9535
8788
9230
2043
5361
6937
6708
8163
8279
9480
135
8149
9672
3505
8211
9393
9398
8662
8522
1271
8436
9121
9033
8949
8872
8848
8833
8829
8824
8822
8823
8821
8830
8834
8849
8871
8950
9034
9122
8437
160
8395
9090
8990
8917
8811
8795
8790
8785
8768
8769
8767
8764
8765
8766
8763
8762
8761
8760
8759
8758
8757
8756
8784
8789
8794
8810
8916
8989
9089
8394
2682
9019
8153
9638
7402
9359
9761
8672
9451
4142
4143
4140
4146
4145
4147
4141
4148
4144
7529
9753
8119
9353
8207
8648
7266
8287
7553
8707
8296
8711
7514
8352
6071
8246
4740
6945
3535
6448
8233
4737
6946
6088
7437
7027
8231
4739
6468
7608
4738
6947
4712
6956
4711
6954
4713
6955
3536
6701
8627
9194
9156
9140
9105
9087
9081
9079
9071
9072
9074
9073
9075
9076
9077
9080
9082
9088
9106
9141
9157
9195
8628
2575
9110
9900
9627
9577
99
9041
9537
9150
9526
5717
5716
4683
5715
5714
8134
5713
6112
7407
5712
4080
4081
9400
5711
7317
9337
9745
8254
8144
9266
9411
9911
8415
6332
9306
6404
6485
9209
7652
7658
6935
9716
9671
8752
9152
8673
7394
9471
8141
8379
5496
8977
8147
8378
8135
7659
6101
7475
6162
9275
7408
9288
8297
9640
9717
7615
6991
9509
6462
9447
9389
9372
9437
6411
8603
3691
7660
7348
8604
7656
7655
9118
7654
7653
7644
7651
8218
7650
7649
7648
7647
7646
7643
7641
4696
4697
8367
3895
7039
7657
5044
8712
6594
8292
4219
7530
106
3697
8708
1858
3909
3908
8303
9254
4588
6707
4589
8178
9349
9182
6097
2716
2712
2713
2717
2720
2719
2718
2715
9184
2714
4659
6056
4660
4661
8179
9494
8312
6996
8145
9360
95
8143
9346
4101
4102
4103
4104
6741
9103
9153
9376
8370
9414
9658
9739
9833
8852
6744
9276
8142
9326
9488
8727
9586
94
4895
93
4168
7480
2419
6951
3810
2418
3812
3412
3811
2417
2420
4698
4316
6172
9392
8726
9361
4162
6491
4160
9865
9864
9679
8867
7439
6965
6896
6803
6801
6799
6797
6796
6795
6792
6793
6791
6794
6790
6789
6788
6787
6786
6785
6784
6783
6782
6781
6780
6779
6778
6774
6775
6776
6777
6772
6771
6770
6773
6766
6769
6768
6767
6765
6764
6763
6762
6761
6760
6759
6758
6756
6757
6755
6754
6798
6800
6802
6895
6964
7440
8868
9678
9863
4163
4161
9856
9853
9663
8744
7414
6962
6901
6849
6847
6845
6806
6807
6808
6809
6810
6811
6813
6812
6815
6814
6817
6816
6818
6819
6820
6821
6822
6823
6825
6824
6826
6827
6828
6829
6830
6831
6832
6834
6833
6835
6839
6838
6837
6836
6840
6841
6842
6843
6844
6846
6848
6850
6902
6963
7415
8745
9662
9852
9851
9850
9660
8734
7413
6966
6906
6890
6882
6876
6863
6860
6859
6858
6857
6855
6854
6869
6868
6874
6864
6862
6861
6877
6880
6884
6886
6889
6893
6904
6403
6402
6903
6892
6888
6887
6885
6881
6879
6866
6875
6870
6871
6872
6873
6865
6867
6856
6878
6883
6891
6907
6967
7412
8735
9659
9849
8799
8534
91
9701
9726
9446
8751
8329
8253
8225
8224
8229
8265
8443
9214
9669
9693
9350
8348
6933
6335
6149
6136
6145
6222
6652
7613
8332
8739
9475
9708
9302
8278
6579
6061
5633
5569
5561
5559
5551
5550
5552
5553
5554
5555
5556
5557
5558
5560
5549
5562
5548
5564
5565
5570
4504
8740
9155
9498
8692
7503
6486
6143
6090
6080
6076
6075
6077
6079
6085
4754
2822
5735
8479
9145
9044
8980
8938
8932
8915
8913
8911
8910
8908
8907
8909
8906
8904
8905
8903
8902
8901
8900
8898
8899
8897
8896
8895
8894
8893
8892
8891
8890
8889
8888
8887
8884
8886
8883
8885
8882
8912
8914
8931
8937
8979
9043
9144
8478
2824
5734
8561
9163
9120
9049
9032
9013
9010
9008
9000
9004
9003
9005
9006
8999
9002
8997
8998
8996
9001
8995
9007
9009
9012
9031
9048
9119
9162
8560
2823
8220
6678
3759
3757
3758
3761
3760
6918
8185
8256
9050
7501
4107
4695
4694
8416
6977
9550
6917
7045
8482
6916
4577
89
9403
88
2607
96
1482
7609
5935
8800
3108
3106
108
118
6072
4787
3107
2837
4788
4496
3109
4791
4789
4790
2835
2836
3110
7323
9874
9842
9700
9172
7554
6735
6572
6547
6545
6543
6542
6541
6540
6538
6539
6537
6536
6535
6534
6532
6533
6531
6529
6530
6528
6544
6546
6548
6552
6563
6564
6570
5632
4736
2838
4919
2971
4150
2968
2969
3893
4181
4182
3819
3892
4565
9689
2970
4135
6611
9362
9529
5279
5767
6732
6985
8215
6986
9129
4345
6983
8214
8210
6984
6731
8213
3426
7627
9189
109
127
3543
8408
9369
9287
9286
126
125
124
8236
6580
8263
3844
4900
3951
3952
3843
3954
4899
3953
3950
3949
9246
4413
9397
123
122
2767
9777
4280
6497
3056
6979
3851
3849
7349
6743
3848
3434
3435
3436
3850
9181
9747
8258
8577
3720
8257
4727
4728
4726
121
9774
6584
6590
6589
6588
6586
6585
6587
8681
9664
7675
7676
7677
9225
5984
9551
9552
4226
9470
6988
6412
7579
3966
8166
3542
3588
6094
3052
4884
3054
3050
3051
3049
3053
9139
9128
9548
9813
1992
1993
1995
1996
1997
1991
1990
1988
1989
2000
1999
1998
5101
1994
1987
3636
6123
3563
8168
9637
6130
4312
4720
4721
8802
9053
4722
4723
9136
4311
9847
9890
4325
9823
9826
9651
9241
8285
7574
7483
7474
7466
7464
7450
7449
7447
7448
7459
7463
7462
7460
7461
7452
7451
7453
7454
7455
7456
7457
7458
7465
7446
7467
7445
7470
7472
7478
6706
9832
120
6721
9886
9821
9724
9242
7628
6338
5975
5628
5627
5625
5624
5623
5621
5622
5620
5619
5618
5617
5615
5616
5613
5614
5611
5612
5626
5610
5629
5599
5631
5593
5634
4196
128
4894
9889
9827
9736
9264
7633
6180
5656
5347
5346
5343
5344
5342
5340
5341
5339
5338
5337
5336
5335
5334
5331
5333
5332
5330
5329
5328
5345
5327
5349
5323
5374
5313
5376
4095
119
4893
9512
9533
8375
6971
6128
5934
5760
5758
5755
5754
5748
5749
5752
5751
5750
5753
5747
5756
5744
5757
5745
5759
4744
2677
9547
9818
7053
9051
7564
9382
8668
6464
6465
6974
8494
4335
7052
9755
6479
6482
6481
6480
8291
8670
8100
6478
6477
8372
6475
8272
8508
9020
6476
8720
6474
7473
7051
4334
9628
9715
6168
6170
7308
6169
8193
8609
9481
9485
9484
9482
9483
9486
2678
9363
9593
6142
4200
4236
9873
9843
9704
9165
7488
6551
6399
6366
6364
6362
6360
6361
6359
6357
6358
6356
6355
6354
6353
6352
6351
6349
6350
6348
6346
6347
6345
6363
6365
6367
6369
6373
6374
6377
5133
5505
3965
4113
9829
9802
9605
8696
7319
6523
6442
6430
6428
6426
6424
6423
6422
6421
6425
6427
6429
6431
6433
6434
6435
6436
5285
9442
9609
9127
9239
3838
3835
3832
3836
3833
3839
3840
3837
3834
9126
9240
8509
117
6957
6463
5657
5658
8366
9584
7207
7208
9198
9612
7536
8371
7535
8993
9401
6908
6603
6604
7544
6602
7545
6909
7546
6605
9579
9676
9388
3168
3175
8122
5670
8194
3181
6989
6610
6452
5204
3170
8945
3173
3061
4534
9200
3178
4986
4445
3179
6035
4272
5701
4691
3180
3172
3063
3169
4566
7001
2544
4061
4553
3177
3176
2545
2548
2546
2547
4853
3064
3174
4854
3171
8944
6446
9423
116
3736
3797
2555
3743
7555
8516
4286
4285
4283
4284
5325
3737
8641
7429
3741
3738
3740
3744
3745
7261
6805
4194
3742
3739
2557
9709
115
4889
114
4890
113
112
9668
8856
7562
6931
6704
6674
6665
6662
6666
6673
6705
6930
7563
8855
9667
9646
111
4891
110
4892
261
9598
8685
7510
6942
6727
6712
6711
6726
6941
7509
8686
9597
9575
9179
9580
9805
9279
8338
9555
9556
8651
9410
5709
3701
6453
5708
8689
9476
8277
9879
9848
9722
9210
7626
6921
6675
6647
6644
6625
6626
6627
6628
6634
6631
6633
6632
6636
6635
6629
6630
6639
6637
6643
6640
6641
6642
6638
6645
6646
6648
6651
6654
6658
6677
5773
2972
6920
349
449
6256
8177
6922
6923
9052
7318
8335
9335
9249
9255
9256
9250
9334
8334
9402
6414
3906
6413
5769
8206
2424
2430
2431
2429
2428
2427
2426
2425
5768
3907
9417
9909
8152
4701
4700
4699
8521
8154
4411
6961
2680
351
3490
687
3491
692
7330
8343
3681
3682
2556
4267
2454
2211
3568
2453
694
6510
4948
695
4274
4693
6953
2455
4269
2452
4268
4266
2999
2996
6489
2998
2997
5048
4741
3000
3719
4179
3539
3540
3538
9491
3217
3774
6147
3773
2472
1610
1607
1603
1601
1600
1599
1597
1605
1596
1595
1594
1602
1609
1611
1606
1598
1604
1612
1608
3668
2732
2733
3241
2002
2212
2734
4483
7346
5514
699
697
691
688
2539
2542
2537
2543
2536
2541
2540
2535
9571
2538
3597
4714
2735
3595
3596
2003
2927
3558
2928
4541
8691
9618
8870
7385
7386
7388
8251
9154
8738
8349
7387
8646
4840
4839
6146
4109
6689
686
684
5600
9623
6177
6178
3854
3855
3857
3856
6179
3715
3714
3716
9625
9532
9624
6742
9621
9622
8140
9811
7374
3145
3144
3143
3142
3146
3150
3147
3151
3148
3152
3149
8333
8369
6226
9894
8175
6745
9656
8361
7367
6050
7368
6227
6228
6229
6230
6225
6253
6231
6252
6251
6250
6249
6248
6247
6246
6244
6232
6241
6240
6239
6238
6237
6234
6254
6243
6236
6242
6235
6233
6245
9795
6051
6053
7369
7370
682
5512
8295
7495
681
5513
7372
7371
7373
8671
9603
7552
7021
7010
7014
7026
7023
7011
7012
8282
7013
7015
7016
7017
7018
7019
7020
7022
7025
9887
7024
9582
5259
5255
5256
6490
5258
5257
7550
9436
6686
6685
6684
4595
9602
3977
3979
3981
3980
3978
3983
3982
3986
3987
3988
3989
4812
3991
3990
3992
3985
5511
3984
4594
7551
6659
3894
9190
4156
4155
4154
4153
4152
8273
6052
8973
4731
9265
680
4888
6151
9803
2679
8695
6699
6698
6697
3427
6852
8593
6581
6582
6182
6583
8356
9454
7506
7507
7508
7505
9765
9808
8942
8943
7384
7381
3227
3228
3225
3226
3229
3230
3231
3232
7382
4484
8636
9169
5324
9540
2833
2832
6336
2831
2828
2830
2829
7700
8227
7383
8228
2383
2397
5541
2396
2395
3073
2399
5542
2398
5540
2387
5986
4656
3504
2393
3449
6417
6416
8170
4185
6932
7352
2389
2388
2392
2394
5539
2391
2390
2385
2384
5537
2386
5538
2459
7590
8281
7380
2382
678
6022
2847
2894
4425
677
676
3829
4843
7391
675
2681
4273
6649
5373
7257
8310
8736
673
8590
9323
9321
9319
3947
9318
4989
9313
3817
3948
9315
9324
9325
9320
9317
9322
9314
9316
6148
7482
2980
4490
4491
2977
4177
4493
2978
4492
2979
8600
9642
6990
6925
6927
7345
8130
683
6926
6549
6924
685
8174
3432
9496
7269
2224
2218
2216
2225
2227
2228
2229
2215
2214
2226
4429
2217
2219
2220
2221
2222
6073
2223
2232
2230
2231
7268
5519
8719
5052
7531
3897
3898
9407
6300
3896
2825
3846
7504
9135
9778
671
4887
4340
7670
7668
672
674
7667
8793
7587
7669
9134
9545
8239
9807
9590
8240
9248
8518
9196
9426
4666
8519
8241
8242
8341
9591
8243
7040
3730
9793
4339
4877
4338
4479
5521
9188
6499
5516
5515
3549
4682
644
9104
640
662
663
637
3564
7434
6154
639
668
669
670
9138
5568
650
652
654
656
657
658
659
660
661
664
665
666
667
648
647
646
635
626
628
629
630
631
632
633
634
636
645
638
641
642
679
696
690
698
555
625
448
447
446
440
439
438
437
436
450
433
432
431
430
429
427
426
425
424
423
422
421
420
434
451
452
453
471
472
473
474
475
476
478
485
479
480
481
482
483
484
470
469
468
467
466
465
464
461
460
459
458
457
456
455
454
419
418
417
383
381
380
379
378
377
376
375
374
373
372
371
370
369
368
382
367
365
364
363
362
361
360
359
358
357
356
355
354
353
352
366
384
400
385
415
414
413
412
411
410
409
408
407
406
405
404
403
402
416
401
399
398
397
396
395
394
393
392
391
390
389
388
387
386
477
486
487
488
587
586
585
584
583
582
581
580
579
578
577
576
575
574
588
573
571
570
569
568
567
566
565
564
563
562
561
560
559
558
572
589
590
591
609
610
611
612
613
614
616
623
617
618
619
620
621
622
608
607
606
605
604
603
602
601
600
599
598
597
596
595
594
593
592
557
615
556
546
518
517
515
514
513
511
510
509
508
507
506
505
519
504
502
501
500
499
498
497
496
495
494
493
492
491
503
521
540
541
542
543
544
545
547
554
548
549
551
552
553
539
538
537
536
535
9895
2259
3707
3706
7673
4757
3705
3704
4902
9583
9415
6934
7322
534
533
9205
9203
3042
2984
9206
3526
2985
9204
9443
2827
2990
2989
2991
2178
2175
2177
2176
2179
2982
9541
2983
2987
2986
2180
9202
2826
2988
4785
7524
4859
6650
7354
8111
7723
7944
7726
7937
7741
7933
7928
7929
7930
7927
7925
7926
7920
7921
7919
7924
7923
7922
7915
7918
7917
7916
7913
7914
7912
7911
7910
7909
7903
7906
7908
7904
7905
7907
7902
7901
7900
7899
7896
7895
7897
7898
7894
7753
7738
7727
7712
7703
7682
7610
7605
7598
7576
7639
7614
7683
7704
7713
7728
7746
7752
7893
7889
7890
7891
7892
7883
7884
7885
7887
7886
7888
7879
7880
7882
7881
7876
7878
7873
7877
7875
7874
7872
7871
7869
7868
7870
7866
7863
7864
7865
7867
7854
7862
7856
7855
7860
7747
7736
7719
7710
7702
7672
7589
7637
7588
7671
7701
7711
7720
7735
7737
7733
7718
7709
7685
7620
7662
7621
7684
8108
7353
7355
8110
7722
7943
7725
7936
7740
7932
7861
7859
7858
7857
7853
7849
7852
7851
7850
7845
7844
7846
7847
7848
7843
7842
7841
7840
7837
7838
7839
7834
7833
7835
7836
7832
7831
7830
7828
7751
7745
7732
7716
7708
7689
7618
7664
7619
7688
7707
7717
7731
7744
7750
7829
7827
7826
7825
7824
7823
7822
7821
7820
7815
7816
7819
7817
7818
7811
7810
7812
7814
7813
7749
7743
7730
7715
7706
7687
7617
7663
7616
7686
7705
7714
7729
7742
7748
7809
7804
7807
7808
7803
7805
7806
7802
7801
7800
7799
7798
7797
7796
7795
7793
7792
7789
7794
7790
7791
7788
7787
7786
7785
7784
7783
7779
7782
7781
7780
7773
7774
7775
7777
7778
7776
7772
7769
7770
7771
7768
7764
7767
7766
7765
7763
7762
7761
7760
7759
7758
7756
7754
7755
7757
7931
7739
7935
7724
7942
7721
8109
7356
9907
9904
9906
9905
4858
6133
7358
8115
7958
8097
7951
8093
7962
8090
7987
7986
7993
7994
7985
7983
7982
7981
7979
7978
7990
7975
7977
7980
7988
7989
7991
7992
7976
7984
7971
7970
7972
7973
7974
7999
7996
7995
8014
8013
8012
8011
8010
8009
8008
8015
8007
8006
8005
8004
8003
8002
8001
8000
8039
7998
8040
7997
8041
8042
8043
8044
8045
8046
8048
8049
8050
8051
8034
8021
8020
8019
8016
8018
8047
8022
8017
8023
8033
8091
7964
8094
7952
8098
7959
8116
7359
7362
8129
7363
7360
8114
7957
8096
7947
7941
7695
7625
7665
7624
7696
7939
7949
7955
7965
7968
8032
8031
8030
8029
8024
8027
8026
8025
8035
8028
8036
8038
8037
8085
8078
8053
8080
8076
8073
8077
8079
8081
8084
8086
8069
8088
8056
8057
8058
8052
8059
8060
8061
8062
8063
8064
8065
8066
8070
8089
8067
8055
8054
8068
8087
8083
8082
8075
8074
8072
8071
7969
7961
7954
7948
7934
7691
7612
7606
7607
7611
7690
7734
7946
7938
7694
7622
7666
7623
7697
7940
7950
7956
7966
7967
8092
7963
8095
7953
8099
7960
8117
7361
4780
6127
9898
9896
9897
9899
4571
5707
4128
4127
4126
9687
4033
8637
4928
4925
4924
4931
4922
4923
4926
4927
4932
4929
4540
7426
6606
7427
9734
4930
5059
3373
3378
3370
3371
3369
3368
3367
3366
3365
3347
3362
3345
3336
3319
3326
3323
3325
9758
3324
3318
3327
3317
3321
3329
3343
3341
3340
3339
3338
3344
3337
3334
3333
3331
3328
3330
3346
3342
3322
3316
3348
3379
3332
3335
3320
3372
3374
3375
3376
3377
3364
3363
3361
3360
3359
3358
3357
3356
3355
3354
3353
3352
3351
3350
3349
4794
4793
4798
7334
4805
4799
4800
4801
4803
4804
3776
8136
3431
3430
3429
2884
2882
2883
2880
2881
8198
9712
9797
9572
9513
9542
9783
9516
6897
8222
6899
9507
8548
6898
9585
8238
9684
4797
3755
9741
4796
4795
5563
9801
7585
8406
2616
2613
2615
2619
2621
2627
2320
2746
3498
2754
2318
2758
2319
2752
3500
2322
2750
2328
2749
2326
2760
2751
2325
2323
2745
3499
2747
2324
2756
2321
2629
2612
2628
2626
2617
2620
2624
2625
2630
2618
2614
2622
2623
3189
2528
2529
3190
2527
3191
2526
2524
2523
2521
2525
3192
2522
2755
3751
2753
2530
2748
3193
3194
2744
3195
2757
3196
2759
2327
2317
6558
6553
6559
4820
7486
6969
6561
6562
6556
6557
6555
6554
6560
3660
6676
3640
3747
4735
3641
9901
3661
9039
9014
3786
4825
3790
3789
3788
3787
3785
3784
3791
3792
3782
3783
9023
1481
1480
1479
1478
1451
1448
1453
1477
1475
1473
1472
1471
1470
1469
1468
1467
1466
1465
1464
1463
1459
1455
1457
1458
1460
1461
1462
1474
1456
1476
1447
1452
1450
1444
1445
1446
1454
1449
9686
8302
9277
9149
9177
9011
9191
7591
9685
9193
6045
3113
4106
3524
4702
2465
2463
2462
2464
5306
3184
3201
3183
4410
3445
3211
3182
3185
3493
3567
1502
1501
5292
5291
9159
3807
4209
1856
1490
1492
1488
1855
1491
1857
3494
1489
2768
1331
1330
1329
1503
532
1559
2154
1866
3541
7945
8710
8132
7378
5490
5466
5463
5442
5462
5461
5460
5452
5451
5450
5449
5464
5477
5465
5487
5486
5484
5483
5482
5481
5480
5489
5474
5470
5469
5492
5491
5467
5468
5471
5472
7422
5473
5475
7421
5476
5478
5479
5485
5488
5454
5443
5444
5445
5446
5447
5448
5453
5455
5456
6505
6444
5457
9903
6443
5739
9233
9237
4841
9236
9234
5630
6138
6139
9232
9235
5458
5459
3669
4341
4831
6498
8742
8683
8743
9228
7533
6132
6550
9768
8701
9078
6737
6738
6376
6375
3198
8994
8847
4734
5326
2964
3727
7377
4834
7376
4833
4830
7490
8653
3413
3414
5074
5075
5073
5072
7044
5076
5696
6099
6108
8217
3415
8216
7059
9257
8463
9258
9718
4686
6065
4554
5635
3644
3645
5071
2671
3646
4665
3643
2670
6062
4664
7357
4310
5229
2608
2610
2611
2609
6692
3725
3235
2924
4330
6337
9531
3537
4439
4441
3670
4116
2925
2765
6718
2764
4685
2763
2762
2766
2761
7327
7489
3472
3723
4199
4214
8107
8103
8209
8104
8105
8716
9752
8106
8403
4802
4706
9327
8344
530
5414
5415
5416
5417
5418
5419
5420
5421
5422
5423
5424
5437
5425
5426
5427
5428
5429
5430
5412
5432
5433
5434
5413
5435
5411
5394
5397
5391
5396
5392
5395
7418
5393
5410
7417
5399
5400
5401
5402
5398
5403
5404
5405
5406
5407
5408
5409
5431
5436
5438
6503
7485
6117
5441
9902
6118
2965
9522
9546
4159
4158
8520
6980
7333
5284
5283
9636
9714
9383
8290
6936
6419
6303
6218
6196
6194
6190
6189
6191
6192
6188
6187
6193
6195
6197
6220
6305
6415
6998
8549
9608
9771
9514
8698
6911
5763
5102
4949
4918
4915
4914
4913
4912
4910
4911
4909
4908
4916
4917
4936
5021
5503
6141
7389
8230
4806
7254
3808
4431
4430
9455
9601
9180
7661
6709
6406
6329
6301
6298
6296
6299
6302
6330
6405
6753
8237
9421
9682
9329
8305
6494
5598
5070
4955
4935
4933
4934
4950
4996
5314
6038
6939
7397
6591
6593
9699
9422
6592
8167
4568
4569
3639
4816
9042
4815
4318
4813
4817
8316
6456
6455
4319
6736
5493
9295
9294
5068
9296
9298
6055
6315
6316
9299
9297
9893
5439
5440
3959
6331
3243
3242
3244
3726
3239
3238
3240
6082
6700
4494
3649
6032
2432
3206
4537
4172
5131
4171
5132
5746
6459
9819
9473
9427
8713
7441
7419
7396
7699
7471
7492
6668
9737
7425
7331
6483
8162
7416
7491
7375
7515
7433
7410
7484
8313
8276
8271
8311
8289
7565
9652
4486
2507
4224
3205
4538
4169
3204
4539
3683
4715
3684
4716
2434
9151
2435
4202
8643
5260
8597
7595
8171
8368
7570
8755
6952
7430
9211
7636
9456
9330
8364
8818
8414
8594
8373
8837
9573
8568
9352
9309
9300
9224
9174
8694
7698
9553
4510
5662
3964
4792
6571
4509
2433
4264
5299
3814
6500
8589
3098
3728
7428
8345
4941
4944
4937
4938
4939
4946
4947
4940
4945
4942
4536
7431
6607
7432
9730
4943
5061
3282
3254
3252
3267
3262
3258
3273
3271
3253
3269
3264
3261
3260
3259
3255
3257
3263
9759
3265
3266
3270
3256
3272
3268
3301
3302
3303
3304
3305
3306
3307
3300
3309
3315
3311
3313
3314
3312
3308
3298
3297
3299
3277
3278
3279
3281
3275
3283
3284
3285
3286
3287
3288
3274
3289
3290
3293
3294
3295
3276
3310
3296
3292
3291
3280
4263
5300
4017
5094
8419
9143
8962
8963
8961
8208
8288
4835
6115
6724
7393
8517
8618
3763
4781
8964
9428
2190
2848
5740
4556
5654
4555
4753
6107
8737
9581
5742
3076
4675
4674
4832
3218
6509
4097
3655
7575
3663
8935
4222
7311
1887
1886
1882
1888
1881
1880
1879
4852
4567
1876
1877
1875
1878
1889
1885
1884
4432
1883
6309
9328
9492
9290
9746
9292
9291
3796
4868
3652
4710
3650
4709
4331
6524
2668
3442
3443
3813
2669
4747
6960
5602
4745
4748
8101
4440
9574
6473
4750
5504
4749
5601
9164
5051
5694
6438
7693
7692
6437
5695
5050
3841
3842
6613
8196
8197
9587
9178
3699
7567
9878
9883
9910
7252
9912
9888
9748
9247
8159
7338
7206
7199
7195
7193
7194
7192
7191
7190
7189
7186
7185
7188
7187
7183
7180
7179
7181
7178
7182
7184
7176
7177
7174
7172
7175
7167
7173
7170
7171
7168
7169
7165
7162
7166
7163
7161
7164
7158
7156
7160
7154
7152
7157
7153
7155
7143
7144
7147
7148
7149
7140
7197
7064
7201
7061
7205
7057
7212
6614
7211
7056
7204
7062
7202
7065
7198
7159
7145
7146
7150
7151
7142
7141
7129
7132
7134
7137
7139
7138
7136
7135
7133
7131
7130
7127
7125
7128
7126
7118
7122
7123
7124
7121
7120
7117
7119
7116
7114
7115
7113
7110
7112
7111
7109
7107
7105
7101
7108
7102
7103
7104
7097
7106
7100
7096
7098
7099
7095
7094
7093
7091
7089
7088
7087
7086
7084
7085
7090
7083
7092
7078
7081
7082
7080
7079
7075
7074
7077
7068
7076
7069
7073
7072
7070
7071
7066
7067
7196
7063
7200
7060
7203
7058
7213
6623
7255
7404
8300
9489
9822
9908
9913
9891
9804
9406
8155
6341
6059
5923
5922
5918
5917
5915
5916
5913
5914
5912
5910
5911
5909
5908
5907
5906
5905
5904
5903
5902
5901
5899
5900
5898
5897
5896
5895
5894
5893
5892
5891
5890
5889
5888
5887
5886
5885
5884
5883
5882
5881
5880
5879
5878
5877
5876
5875
5874
5873
5872
5921
5792
5928
5789
5932
5783
5978
4680
4679
5977
5784
5931
5788
5927
5791
5920
5871
5870
5868
5869
5867
5865
5866
5863
5864
5861
5862
5860
5858
5859
5857
5856
5855
5854
5853
5852
5850
5851
5849
5848
5847
5845
5846
5844
5842
5843
5841
5840
5838
5839
5837
5836
5835
5834
5833
5832
5831
5830
5828
5829
5827
5826
5825
5824
5823
5822
5821
5820
5819
5818
5817
5816
5814
5815
5813
5812
5811
5810
5809
5808
5807
5806
5805
5804
5803
5801
5802
5800
5799
5798
5797
5796
5795
5793
5794
5919
5790
5926
5787
5930
5782
5976
4681
4755
6224
7556
9208
9731
9816
9792
7253
9828
9691
9112
6950
4821
4481
4407
4405
4403
4401
4400
4398
4399
4397
4396
4394
4395
4393
4392
4391
4390
4389
4388
4386
4387
4384
4385
4383
4382
4381
4379
4380
4378
4377
4375
4376
4374
4373
4372
4371
4370
4369
4368
4367
4366
4365
4364
4363
4362
4361
4360
4359
4358
4357
4356
4355
4354
4353
4352
4402
4404
4406
4408
4480
4764
6912
9207
9772
9877
9775
9490
8226
6159
4783
4684
4651
4648
4647
4646
4645
4644
4643
4641
4642
4640
4639
4637
4638
4636
4635
4633
4634
4632
4631
4630
4629
4628
4627
4626
4625
4624
4623
4622
4621
4620
4619
4618
4617
4616
4615
4614
4613
4612
4611
4610
4609
4608
4607
4606
4605
4604
4603
4602
4601
4599
4600
4598
4597
4649
4650
4670
4719
5321
6568
8365
9160
9789
9786
8133
9790
9787
9870
9868
4463
4464
4465
4466
4517
4512
4513
4514
4467
4468
4469
4470
4475
5271
3890
7030
4511
4215
4525
3246
4519
4531
5566
5535
5534
4530
8690
1275
4529
6031
6100
4461
4460
4459
4471
4526
4527
7260
4524
4452
4522
4473
4457
4453
4455
4456
1274
1277
1273
4518
3689
6693
4515
3245
5592
1276
1278
6344
6183
4528
4516
4474
4476
4477
6158
4523
4521
4520
4532
4472
4454
4451
5058
4462
4478
6157
4458
9785
1272
9788
8801
5741
7568
9732
9405
9399
7603
9639
9100
8355
7604
4779
8846
7262
6111
4778
9661
2815
3020
3046
3017
2981
3155
3048
3018
3019
6600
4952
4970
4953
7519
5296
7477
7469
7468
2797
7037
9561
8189
8188
8131
3729
1171
1172
1173
1176
1175
1174
1170
1168
1159
1136
1137
1138
1139
1140
1148
1149
1150
1151
1152
1166
1165
1162
1161
1167
1160
1158
1157
1156
1155
1154
1153
1169
1163
1164
1147
1146
1135
1145
1144
1143
1142
1141
1177
6306
9559
6322
6310
3085
9565
6577
6576
6317
6575
6620
6318
6321
6574
3084
6320
6323
6324
6325
2796
6573
6319
6327
6326
9566
4313
4314
4315
9875
9562
9563
529
4811
9560
9564
6900
8357
3074
9710
9751
7498
4807
6469
2061
2068
2060
2054
2069
2059
2051
2052
2053
2055
4138
7500
8266
2785
2788
2786
2784
2790
2783
2789
2787
2782
2773
2779
2778
2775
2774
2776
2781
2772
2780
2777
7499
7638
7494
9844
9754
5728
5733
5720
5729
5724
5725
5727
5723
5721
5719
5718
8203
5730
8205
8204
5726
5731
5732
5722
7496
9521
8407
7497
2066
2067
2050
2056
2065
2064
2063
2062
2058
2057
4139
3657
3656
4857
3658
4708
7325
4306
6496
7493
4851
2673
3619
4201
6029
7571
3762
3527
3444
2577
8642
3651
6720
6504
3111
3112
6601
3114
4437
3115
4579
6024
3914
4261
5298
5498
7364
3075
7035
7392
7399
8440
6110
6598
6997
5661
4427
3598
3599
3440
4578
9046
9045
9131
9047
9356
9452
8588
9364
3441
3675
3674
5137
6161
5780
8423
6291
6288
6293
9420
6292
5275
5277
5276
8331
6289
6290
3662
9267
4769
3134
3132
5785
3133
3135
4773
4771
4770
9536
4772
3562
4677
3653
4707
5138
6160
4302
5524
4110
5056
3795
9386
8975
9197
9351
9251
8138
3794
4818
2947
2948
2952
2951
2949
2950
3793
2511
9524
2513
2512
2509
2510
9862
9867
7313
7312
9680
9038
8798
8262
8261
9670
9719
9391
8309
6976
6488
6407
6392
6390
6388
6385
6384
6386
6382
6381
6383
6387
6389
6391
6393
6408
6472
7043
8580
9617
9773
9517
8702
6915
5774
5162
5001
4967
4964
4959
4957
4961
4958
4960
4963
4962
4965
4966
4993
5062
5525
6152
7398
8247
3077
9596
7435
8183
8184
9630
9629
9213
8195
7036
6715
6656
6619
6616
6615
6617
6621
6657
6716
7210
8336
9472
9690
9341
8317
6519
5738
5290
5214
5165
5163
5164
5203
5251
5527
6087
6982
7487
9312
9311
6905
9453
6372
7534
6740
3623
3734
3200
6095
5546
6311
3621
7041
3622
3199
9855
9871
9762
9378
8325
7444
7324
7305
7303
7301
7298
7288
7291
7293
7295
7296
7292
7294
7299
7297
7279
7287
7286
7285
7284
7282
7283
7272
7271
7270
7276
7274
7277
7280
7281
7278
7289
7290
7275
7273
7300
7302
7304
7307
7336
7532
8709
9610
9838
9880
9784
9510
8306
6669
6106
6042
6020
6018
6017
6016
6015
6013
6014
6012
6011
6010
6009
6008
6007
6004
6003
6006
6005
6002
5999
6000
6001
5998
5997
5995
5993
5994
5996
5989
5990
5991
5992
5988
5987
6019
6021
6054
6092
6526
7630
9259
9554
9109
9183
6334
4746
6333
3659
9170
4867
6518
4864
6166
4863
6992
4191
4190
4189
6037
4192
7681
4862
4861
4860
4865
4866
9367
8201
9500
9116
9377
9303
8746
8576
7526
3724
4814
4075
4060
8232
4178
5693
5736
8187
6670
6216
5691
7347
8480
9142
6515
9525
8360
8988
8280
8717
7008
8118
8667
4262
5297
7366
9107
5925
4165
9505
9501
6164
9502
9506
7259
7004
7005
9503
9504
2276
3913
2277
2278
763
762
761
1821
760
759
758
757
756
755
754
753
752
1815
751
1807
750
1812
749
748
747
746
745
744
743
764
766
789
767
788
787
786
785
784
783
782
781
780
779
778
777
776
775
774
773
772
771
770
1809
769
768
742
765
720
704
706
703
1810
702
701
705
700
708
738
1799
736
734
732
726
724
1822
722
721
740
716
715
714
713
712
711
1817
710
709
916
723
707
1811
717
718
719
739
725
727
728
1802
729
730
731
733
735
737
1808
790
853
792
882
881
880
879
878
1806
877
876
875
874
873
872
871
870
869
868
867
866
791
864
863
862
861
860
859
858
857
856
883
884
1820
885
886
914
913
912
911
910
917
909
908
907
906
905
904
903
1803
902
915
901
899
898
897
896
895
894
893
892
891
890
889
888
887
855
1818
900
854
837
819
1813
818
1819
817
816
815
814
813
812
811
810
809
808
807
806
805
804
803
802
801
800
799
1804
798
797
796
795
794
793
1816
820
821
822
823
851
850
849
844
843
839
1814
836
834
832
1800
831
830
829
827
865
741
824
825
1805
826
1801
828
833
835
838
852
840
841
842
845
846
847
1984
1983
1985
848
1854
2275
3117
3119
3120
3118
1786
1785
943
944
945
1041
1040
1016
1015
1013
1012
1006
1005
999
998
997
996
995
994
989
1019
1038
1039
1044
1047
1048
1037
1035
1036
1033
1032
1031
1030
1029
1023
1022
1021
948
947
924
919
933
973
982
975
971
970
931
932
949
976
1025
1027
1011
1017
1014
1010
1009
1008
1002
929
927
950
969
968
977
985
986
987
1024
1026
1028
1046
1045
1049
1043
1020
1034
1018
990
991
992
993
1000
1001
1004
972
918
1007
1003
1042
5506
946
941
930
925
920
964
956
1050
988
953
954
955
957
958
959
960
961
962
963
965
966
967
983
981
980
979
978
984
974
952
951
921
922
923
926
928
934
935
936
937
938
939
940
942
1788
1787
1865
2854
2852
2282
2280
2853
2281
2499
2501
2500
2502
2279
2503
2504
2505
2506
3654
5252
3099
3101
3100
3561
3560
3559
4678
8165
8838
8978
9158
3105
4497
3579
5063
9368
3104
3103
4503
9161
8948
8180
8723
7518
6153
4265
8328
4220
9222
9221
9220
9219
9218
9217
9216
9215
9223
3698
8161
4307
4308
5388
7340
8327
8318
8319
9380
8326
7341
5159
4351
8652
9796
9806
9137
7405
6156
5766
5660
5653
5650
5647
5639
5642
5640
5641
5643
5644
5645
5646
5648
5638
5649
5637
5651
5652
5655
4717
9644
9635
9738
9713
9735
8976
7335
6129
5700
5597
5588
5584
5581
5574
5573
5577
5576
5575
5578
5580
5579
5582
5572
5583
5571
5585
5586
5589
4689
9611
9626
9782
9252
7559
6223
5938
5710
5692
5688
5686
5684
5682
5683
5680
5681
5679
5678
5677
5675
5676
5674
5673
5685
5672
5687
5671
5689
5690
5699
4732
9695
9677
9607
8293
6749
6116
6026
5936
5929
5924
5937
4782
9333
9238
5659
4657
7316
4688
9857
9872
9766
9384
8322
7420
7306
7250
7248
7245
7214
7216
7215
7217
7218
7219
7220
7221
7222
7223
7224
7226
7225
7227
7228
7229
7230
7231
7232
7233
7234
7235
7236
7237
7238
7239
7240
7242
7241
7243
7244
7246
7247
7249
7251
7320
7517
8705
9614
9839
9882
9791
9515
8314
6660
6096
6023
5973
5971
5939
5940
5941
5942
5944
5943
5945
5947
5946
5951
5950
5948
5949
5952
5953
5954
5955
5956
5957
5959
5958
5960
5962
5965
5961
5963
5964
5968
5967
5966
5969
5970
5972
5974
6025
6084
6520
7629
9263
9557
3717
4758
4687
3572
3573
490
489
520
522
9394
7539
9412
7538
7537
9457
9390
6105
9460
3197
6104
5378
9458
9459
5698
531
528
527
526
90
8725
