0
415
416
417
9492
9512
9353
5821
6968
9511
9287
4322
4324
4323
4325
6124
9514
9337
5478
5918
2933
1585
5581
9367
8298
8272
5759
9509
9338
9211
9212
8149
9199
5479
9198
4615
9580
9456
9513
9305
7120
5550
5998
7054
6565
7053
5551
9510
9324
6790
6791
3919
9515
9336
6401
5507
5410
4625
5914
327
5169
7445
4673
2491
7764
5824
3315
2878
2879
2877
2876
2875
2874
9304
9712
8830
2892
2881
2905
2907
2904
2909
9061
9479
8512
3317
2908
2906
2902
2901
9500
8848
9766
9429
3316
2882
2883
2884
2885
2886
2888
2889
2890
2891
2903
4656
2893
1845
1846
1847
1848
2871
4672
9592
8870
8871
4099
7977
5722
3313
2894
2895
2896
3880
3011
3124
7240
8877
3001
2999
3000
3002
2998
5663
5664
5573
5665
5799
5666
5574
3797
7322
1823
3635
7700
8137
6789
6412
5613
3634
9168
3341
4418
4458
4459
3899
3898
5637
3253
4525
4386
3251
3252
1815
1813
1814
1820
1816
1821
1818
1822
1920
1922
3750
3751
1649
1647
1652
1643
1642
1641
1639
1637
1640
1644
1645
1650
1646
1651
1648
1852
1856
1853
1850
1854
1857
1851
3495
4376
1817
1819
1919
1921
1638
9365
1855
1849
4292
3496
3498
3497
3343
8172
5662
7086
371
369
6582
7029
7152
5623
3342
3565
2783
9591
8698
8710
2900
2899
2898
2897
2880
2887
9771
9441
4591
3122
5105
3013
9288
8431
8445
3314
2393
2392
3123
7632
3012
3311
9154
1535
6478
6479
6482
6481
2063
5525
2205
3916
2204
2203
1044
9335
475
478
477
468
466
9826
2105
8248
7952
5115
1484
3395
1809
3616
2847
1473
3394
1810
3617
2846
2165
6532
3003
975
2043
3004
2041
973
2040
3355
2044
2046
2042
977
4437
2047
976
3185
2957
2048
974
4390
2164
3134
2160
1525
2162
1538
2154
99
2166
100
2163
6485
2914
968
969
4237
2039
970
3935
2038
2034
2037
2523
4627
3170
2524
3865
2036
2035
971
972
4531
9487
2161
3478
2833
3525
2832
3874
3149
90
2045
2772
5999
1002
998
997
1003
1008
1004
1014
999
1000
1001
1013
1006
1007
1009
1010
1011
1012
2960
2102
1005
4260
3194
2549
2550
2548
2551
4259
2552
4136
2159
7125
4206
953
2395
2397
3505
1971
1970
952
951
950
949
948
955
947
946
954
944
938
945
943
942
941
2396
3442
939
940
3619
1032
7204
6753
4633
4229
4341
1313
7554
2442
7229
8812
9005
9006
9004
8811
1315
9253
9252
1310
9351
1319
1309
1311
2443
1316
1312
9251
9250
9352
1318
1317
4542
7960
7917
1314
2444
7292
5453
3921
3567
3301
3300
7779
9343
7327
9105
9106
9107
1257
1261
1248
1256
1259
9235
9236
1253
1252
1251
9342
1260
1263
1258
2369
1254
1255
8363
8353
9717
1262
4410
1250
4497
7945
7851
1249
2368
7570
5445
3915
3550
3290
3291
7766
9340
7450
9339
1208
9098
9099
9097
1203
2360
1215
2362
9230
9231
1216
1201
1210
4380
3181
1212
1213
1211
1214
1209
2361
1202
1207
8358
8352
9716
1206
3059
4491
7914
7845
1205
2363
1505
6121
256
257
258
259
244
260
243
241
226
227
228
229
230
3083
3246
1656
1659
6034
236
1655
1654
4350
1658
1657
3480
280
263
283
284
285
286
287
288
1520
3980
2124
292
2123
294
3533
296
2122
282
3502
1519
2121
264
2126
1204
2125
4164
269
1356
1353
1358
1359
8671
5504
4252
3988
4263
6467
2198
5117
2199
2197
2196
4253
5985
7614
5520
5409
4308
3440
4307
3439
7604
4357
4373
2779
2780
7830
2487
2486
2485
1385
1386
1387
2484
2483
2482
1388
2481
9549
3948
9550
8156
3147
2490
8271
2488
2489
1389
1390
4138
6073
3531
3532
4226
4436
3211
2729
1636
3494
6053
3372
2082
2089
2088
2084
2090
2081
2087
2083
2086
2085
2080
2974
3209
995
2091
993
994
996
1568
202
4356
1749
1751
1750
3069
3133
2167
200
4503
1350
5673
1349
2553
4182
5066
2495
9707
1218
1220
1221
1219
2364
1495
190
3014
1965
1964
188
2158
3070
4504
1504
3757
1549
206
1575
1584
4603
1582
2153
217
3071
207
8144
6342
3049
4431
4303
2217
3997
1489
2155
2496
2156
5607
1926
3738
1923
5675
4095
4697
2934
1927
1925
3259
3367
2049
1924
2152
5633
3936
5650
3636
5192
3050
2221
2219
3526
3666
2222
4564
2220
2157
4397
2143
2144
2145
4430
5029
3586
3421
3320
4496
3053
4587
5389
3778
5823
6649
2111
3477
1589
7539
7442
3138
8661
1508
1563
5028
2502
2498
53
2493
4163
4289
1967
1408
4302
8486
57
7904
7443
2172
8545
1777
2822
2819
1780
2821
3771
1775
1774
1773
2170
2824
9442
1779
2823
2820
2825
2817
2818
2174
3305
1771
1772
5106
1776
1042
2173
2171
1043
3016
2169
4377
2168
5412
3677
1710
1966
5411
1711
3063
4144
3015
2175
26
1039
1038
1035
3151
1033
1041
1778
1034
1036
2522
1037
1040
5131
2499
3208
7481
2110
8120
3514
1630
1752
1753
1754
1905
8046
1896
3641
1870
1871
1881
1872
992
2249
3476
3159
3991
1880
1882
4400
2943
2492
2962
4221
3689
2238
2935
2234
2231
1887
2214
3777
4661
6005
2971
3412
1888
3356
2519
1889
2727
2947
21
2246
7451
1890
1891
991
2247
2782
7255
1893
4617
3833
4248
4596
3470
1909
2242
3075
1897
1894
3038
3417
3734
9422
1892
2445
4663
2245
2501
4293
4076
1885
3922
2728
1742
3789
2958
3454
5107
2244
2518
1884
3060
3132
3383
3137
2253
2251
1883
3377
1784
2252
2511
1879
2384
3413
1878
1877
1217
2240
2239
3524
2937
3140
3192
3369
1876
2079
1875
1874
3718
7765
1873
2078
2237
3450
2236
3449
2235
3052
4353
2233
5407
2077
1062
1895
4327
9462
1963
1898
4044
989
3039
2232
3139
1907
1502
1910
4198
2218
1899
2230
4054
2075
1911
4053
3344
2815
2506
6055
8033
2987
2076
3398
3947
1903
2963
3642
3117
2358
1900
1901
8044
9530
4109
3877
1529
1902
2781
3475
2446
3709
1015
1904
1906
3539
3469
1908
8039
3373
990
7993
128
2106
8045
3393
4618
9486
9449
8743
8663
5921
8808
9273
9180
9113
9087
9059
9039
9040
9045
9049
9053
9051
9048
9047
9057
9089
9115
9181
9270
8807
7094
8776
9240
9159
9065
9009
8998
8989
8974
8973
8972
8970
8962
8977
8978
8979
8981
8982
8983
8985
8986
8987
8988
8993
8965
8997
9010
9063
9158
9239
8777
2816
5065
2104
6337
2975
4374
7482
3613
5708
3150
8091
3861
4558
3695
2497
3353
3474
3687
3760
3799
4166
3622
3978
3590
3981
2430
4517
1760
3118
4452
2428
4288
3142
3733
3834
2500
3748
3513
4161
2429
4602
1580
1578
1579
2805
6577
8798
9255
9169
9102
9037
9032
9024
9023
9022
9021
9020
9014
9019
9018
9017
9016
9015
9031
9038
9101
9170
9254
8799
3062
9469
7465
5033
3842
6074
1483
5416
2466
3523
5417
2465
3158
1501
3157
3460
94
3821
2356
2357
9522
3156
358
3354
5779
7537
2112
4209
3583
8907
3879
4406
7103
3633
3463
6010
1935
1937
3030
8068
8597
6056
4611
4533
4156
8050
2109
4399
2910
5892
2107
2494
3007
3931
3031
4251
3384
7228
4003
5989
4544
8263
8132
7624
3941
8048
3408
7627
8040
8253
7705
3148
4476
1598
4520
3588
4328
1928
1930
4689
3646
1933
1936
1931
3207
2940
2938
2939
1929
1932
2936
1934
2257
2255
4509
3175
3517
3368
2730
5198
1488
5529
3247
5387
4681
2099
5175
1186
5508
4317
1518
4670
2462
387
1361
2759
4201
4781
4650
1332
1331
1333
1338
1339
1337
1336
1335
9378
1334
2674
2950
1600
1599
2760
7067
3500
2115
6125
2114
4167
8845
7552
8586
7995
8680
9409
7582
4547
3136
3472
2113
4575
4104
9188
4244
1510
357
4218
1662
1660
1661
4215
9395
9186
7669
2830
1781
2829
1782
1783
2827
2828
5561
4309
9311
9579
8897
8237
7710
7611
7599
7595
7607
7620
7872
8356
9379
9724
9334
8494
7488
6792
6333
6331
6330
6569
7157
7741
7988
3671
3977
8051
7259
5406
3670
1476
1940
2520
1939
2513
1938
2516
1633
3518
3729
3933
4195
4362
2254
2256
4378
3461
7205
3261
9535
3260
379
1569
6051
378
1017
377
2206
4202
1577
4320
1737
1736
376
375
1740
1738
1603
1739
1735
1741
4364
4092
2675
1601
2774
7206
9892
9861
9751
8840
8081
7778
7762
7759
7758
7743
7742
7744
7745
7747
7749
7752
7753
7760
7761
7757
7756
7755
7754
7751
7750
7748
7746
7763
7768
7777
7781
7711
6468
3445
1602
3975
1374
1373
3143
1590
3028
3029
2216
3176
361
1372
1566
4516
1542
4387
2525
1543
359
1546
4518
1550
1552
4473
1554
3177
365
356
5030
1943
354
353
3605
2241
4287
1634
1695
2515
351
1631
350
1696
1553
1565
349
7190
2949
7235
347
1545
355
1541
366
2359
4358
1968
2956
7192
5988
1969
2117
2116
2118
3669
4463
9347
4643
5913
4642
5061
7444
5062
3076
4595
1699
1573
4165
383
382
2507
4160
1357
3308
1351
1355
1354
2456
1352
1536
2702
2103
3741
1056
1053
1058
1054
1055
1052
1045
1050
1047
1057
1046
1051
5811
1048
1049
1490
380
4177
7838
3564
2985
2983
6117
7238
2982
2984
7436
8360
8682
7237
9907
9862
9794
9265
8231
6685
6571
6514
6517
6518
6519
6521
6526
6525
6520
6515
6522
6513
6512
6511
6510
6524
6509
6516
6523
6529
6528
6527
6570
6474
6642
6119
6097
4440
8114
1523
7143
9904
9855
9786
9203
8197
6684
6567
6494
6493
6496
6491
6498
6492
6490
6495
6497
6502
6499
6500
6503
6504
6505
6506
6507
6508
6501
6568
6473
6641
6118
6096
4439
1533
346
1517
5991
9722
9294
8419
6638
5514
5089
5081
5072
5080
5073
5074
5075
5076
5077
5078
5079
5082
5069
5071
5034
4718
4142
388
5680
8602
3310
345
3647
8667
5622
5454
4438
5621
4691
4756
8810
4069
3790
4070
3791
2531
4640
3551
3792
4071
6041
3793
2915
3464
5487
3794
4306
3795
3735
3606
7467
5511
1265
2376
319
2375
3574
318
317
3547
4683
3447
1811
9497
3446
1812
9496
3831
4162
3568
3731
3569
3471
4100
1583
2517
1632
1629
1539
4658
2033
2977
4020
7185
3762
3761
3982
3974
3805
3153
3152
1561
3521
1560
3414
2857
316
315
2777
2922
2514
2970
1061
1557
313
6323
320
1016
9190
308
9189
1555
306
322
1548
339
1698
337
336
333
332
4105
7177
4153
2061
3195
2258
9300
9290
3042
9301
9291
1071
1070
1069
1068
3043
2062
2259
1067
2250
1513
1512
331
1511
330
1509
329
9696
8821
8113
7484
7312
7276
7269
7267
7270
7273
7315
7485
8111
8820
9699
9557
1507
326
1514
325
344
9618
8718
8104
7601
7532
7474
7475
7530
7600
8106
8720
9617
9504
4394
4170
4021
4632
9374
9375
8873
2432
4159
2431
8859
7367
9898
9870
9765
8867
8090
7772
7739
7725
7716
7719
7724
7722
7720
7718
7715
7717
7721
7723
7737
7727
7728
7729
7730
7731
7732
7733
7726
7734
7735
7736
7738
7740
7771
7776
7707
6454
1477
2012
457
456
1485
4286
7331
7260
8881
4284
8600
9472
9360
9400
9401
9361
9473
8599
9125
5761
3673
5477
5457
8138
5757
3672
6639
8462
3648
2756
2755
2757
4506
2108
1962
3264
2509
1635
1628
2427
5055
4018
3786
4723
2758
1426
447
2505
1427
2521
3515
1425
4448
3365
3592
2978
2980
2979
4169
2394
1570
4553
2475
9682
1371
1370
1369
2752
4403
1694
4783
1540
4285
8546
3690
3374
3691
5177
7572
8125
5456
3692
4213
3113
3114
3623
3166
1479
3736
9112
5535
5537
5536
9214
8898
9215
5653
9160
9183
3479
7321
5533
1610
1612
1614
1611
1613
1609
1607
1605
1608
1604
1606
5915
7712
7713
4593
4455
8832
4592
3913
4371
3597
9178
4368
4370
3598
3599
3074
5039
4487
3499
3268
4130
3600
6461
2536
2537
4078
2538
2539
3541
3180
4231
2554
3832
4311
4369
8259
2941
5616
1537
458
9729
3135
8909
7665
7634
7664
459
1886
3696
1472
461
476
5753
5667
3350
4572
5488
3351
8159
7909
5652
5651
4155
4628
1397
1394
1398
1391
1396
1392
1393
1395
4755
1808
4360
3119
3202
5620
4538
7166
959
2018
958
956
2778
2013
2014
957
3189
2961
961
2545
2873
3847
479
962
963
964
2015
965
960
966
2016
2017
1595
4340
5493
2981
967
1516
3976
473
1534
1697
1532
2753
474
471
1528
2510
2726
1527
3347
467
7063
8628
8623
8616
8622
8620
8619
8625
8624
8618
8621
8617
8626
8627
2248
3473
1704
1588
1587
1703
2207
3171
3262
4048
1705
6969
8325
4223
4299
4140
5059
1496
4141
5575
3893
1522
5576
1521
4075
5992
2966
2059
985
2964
986
979
2965
2968
981
988
2932
978
987
2060
2058
2967
4004
984
982
980
983
436
1471
3732
2530
433
879
1475
1031
1494
4519
1480
1707
408
405
404
402
1486
1487
4682
7366
9718
9660
6966
8428
7646
7688
8476
4063
7647
7365
7136
7319
9289
6105
2504
1491
9364
1709
1708
1858
1586
4610
3932
1942
2942
411
1567
4714
412
413
431
430
2243
3552
3309
429
428
9185
427
426
9841
5677
6477
6476
6475
6480
3034
5612
2226
5483
425
3688
2763
2762
2761
2227
1060
4379
3759
7714
4354
422
421
6000
6001
5558
9914
5466
8919
7994
7911
5572
7628
4466
4467
2056
2054
4318
5448
5729
2988
2052
2053
5571
7629
4465
4468
2050
2057
4319
5449
5730
2989
2055
2051
3772
8429
1029
2464
9318
9317
1028
1761
3645
2463
2142
2807
4125
3302
2460
2461
3304
9561
9635
9162
4346
3951
6039
2808
3869
4573
9803
2810
3870
2701
3848
4561
5731
7987
1625
4372
1626
4577
8707
9464
2811
1762
8480
8780
3303
2809
9321
1025
4412
6991
6990
9320
7126
9207
9206
9319
1026
1027
3994
7683
894
896
9731
9730
883
884
885
9455
8689
886
9176
9175
1944
3992
9299
9298
887
888
889
890
891
892
893
882
895
9446
9445
9495
9296
9297
899
898
8869
8868
9389
897
880
881
3993
7597
1440
2532
2533
2534
1443
1444
1438
2535
3508
1439
3162
1441
1445
3161
1446
1442
8540
1447
4359
3995
7209
1452
2544
2540
2541
2542
2543
1455
3329
1449
1453
1448
1450
1451
9878
1454
2711
5814
1790
1788
1785
1786
1787
3882
3632
4096
2831
1789
2714
5549
1765
1764
1763
1768
3876
1767
1766
3796
8209
5540
9329
9642
8053
8559
8549
8548
8552
8574
8054
8544
8551
8547
8558
8543
8573
9327
1066
1065
1623
1621
4619
2455
1064
2698
3681
1624
9647
9177
4383
4049
6654
2696
3682
4563
9800
2700
3683
3684
9669
4652
8684
8501
8439
8397
8394
8385
8382
8381
8384
8380
8383
8389
8378
8398
8368
8404
7649
5818
9330
9332
3090
2383
9782
9726
2699
2697
1622
9328
4401
7121
7122
9333
7438
8701
8709
8685
9331
1063
3781
3996
5577
4385
7535
4025
4026
4028
4027
4384
7585
3942
3943
3944
3945
3946
5832
7986
2806
8011
3306
8708
2615
2618
2617
2614
2613
2612
2611
2616
2604
2603
2610
2605
2606
2607
2608
2609
2602
4129
3196
2601
4343
3266
2738
2737
2736
2735
4342
2734
4189
2712
7608
4344
1018
3130
2423
3512
3382
2127
3511
2128
3510
5527
9854
9793
9608
8654
7881
7180
7154
7139
7142
7156
7134
7167
6970
6755
4560
5706
9868
9807
9675
8731
7973
7145
7097
7076
7077
7075
7084
7080
7100
7057
7123
6679
6627
4536
6046
9887
9833
9743
8856
8062
7061
6949
6759
6760
6767
6762
6768
6763
6764
6765
6766
6761
6945
6748
7028
6471
6406
4483
5784
9876
9813
9705
8773
8018
7129
7070
7034
7072
7032
7109
6644
6564
4522
4513
6686
6338
6687
4514
7181
9905
9856
9787
9204
8198
6688
6578
6547
6548
6549
6550
6553
6552
6551
6546
6545
6543
6541
6535
6536
6537
6542
6539
6540
6538
6544
6579
6486
6652
6123
6110
4449
5785
9874
9812
9694
8749
7997
7131
7071
7041
7046
7042
7043
7044
7045
7074
7031
7108
6646
6562
4523
6047
9889
9832
9744
8857
8063
7060
6948
6782
6771
6772
6773
6774
6775
6776
6778
6779
6780
6947
6747
7026
6470
6407
4484
5922
9884
9828
9734
8839
8030
7101
7144
7128
7419
7479
8072
7480
7420
7127
7132
7025
6951
7066
6560
6469
4498
6344
9891
9836
9759
8893
8094
6988
6752
6692
6694
6695
6691
6689
6698
6697
6696
6693
6699
6690
6700
6751
6680
6967
6411
6339
4475
5707
9867
9808
9674
8730
7974
7146
7098
7083
7082
7081
7079
7078
7099
7058
7124
6678
6626
4535
6045
9888
9831
9742
8858
8064
7059
6950
6769
6777
6781
6784
6783
6785
6786
6788
6787
6770
6946
6746
7027
6472
6405
4485
5834
9879
9822
9714
8787
8014
7119
7048
6994
7004
7003
7002
6992
6993
6996
7050
6982
7091
6621
6489
4512
5786
9875
9811
9693
8748
7996
7130
7069
7037
7040
7035
7036
7038
7039
7073
7030
7110
6645
6563
4521
5833
9880
9821
9715
8788
8015
7118
7049
6995
6997
7005
6999
7000
6998
7001
7047
6983
7090
6622
6488
4511
5528
9853
9792
9607
8653
7880
7179
7155
7141
7140
7153
7133
7168
6971
6754
4559
1743
4208
3481
1019
1020
3667
1627
3054
7429
5635
4571
3668
4094
1383
7569
2480
9781
7247
8826
9028
9029
9030
8825
1377
9268
9266
1375
9356
1378
1376
1379
2479
1380
1384
9267
9269
9357
1382
3144
4562
7979
7959
1381
2478
3822
1481
7972
5099
4139
3345
3292
3293
7855
4187
2862
2861
7370
9151
9149
9150
1469
1460
1462
1458
1464
2147
9263
9262
3164
1459
2146
1456
9354
1465
1457
1461
2547
1463
1466
8407
8395
9721
3165
4488
1467
4565
7978
7958
1468
2546
3776
3441
7999
5037
4103
3289
3198
3199
7816
4157
2835
2834
7464
9350
1301
9127
9128
9129
1302
2433
1303
2434
3726
2119
9248
9249
3093
1305
2120
1297
4392
3295
1307
1306
1304
1300
1308
4300
1296
1299
8391
8377
9720
3092
3091
4541
7961
7944
1298
2435
3725
1551
7328
9690
7541
8289
8284
8285
8290
8286
8287
8288
8295
8277
8306
8307
8273
8308
7542
8274
8305
8278
8294
8291
8282
8283
9665
7831
8451
8457
8444
8465
8435
8474
7832
8471
8437
8467
8441
8456
8448
8452
8449
9686
7566
8317
8321
8318
8319
8320
8323
8327
8312
8334
8304
8340
8341
7565
8303
8333
8313
8328
8322
8316
8315
9645
7983
8507
8524
8500
8529
7984
8531
8498
8525
8504
8515
8510
8508
8513
9599
8171
8168
8676
8638
8659
8647
8649
8658
8642
8675
9620
8083
8563
8595
8082
8596
8562
8581
8568
8572
8571
8567
8582
9664
7833
8454
8459
8443
8466
8436
8473
7834
8472
8438
8468
8442
8458
8453
8450
8447
9711
7216
8185
8186
8187
8188
8189
8190
8183
8191
8196
8193
8206
8194
8195
8184
8201
8178
8217
8161
8207
7215
8162
8216
8177
8202
8181
8192
8182
9600
8169
8170
8677
8639
8655
8646
8645
8656
8641
8674
9552
8362
8803
8766
8784
8767
8802
8361
9601
8166
8167
8673
8643
8657
8644
8648
8660
8640
8672
3026
9646
7985
8506
8523
8499
8528
7982
8530
8497
8526
8505
8514
8509
8511
8516
3436
3358
2930
2931
7461
3027
3522
3190
3191
4050
1867
4393
1869
1868
7439
8314
400
392
393
396
399
401
410
3064
5476
3047
4010
3330
3048
4009
3840
3930
5643
3839
3046
4011
3841
3929
5796
4101
2374
7567
3838
2373
4508
3169
3168
3167
8275
9111
5413
4687
4688
4685
4686
9444
3985
3986
3984
6483
5068
3321
4534
5025
7213
2775
2776
3530
5473
9484
9558
2476
2477
4180
3112
3095
3096
3109
3106
3102
3938
3101
3100
3099
3103
3104
3105
3107
3094
3756
3111
3098
3110
3097
3108
5415
6943
8108
7248
4111
6944
5435
3873
4123
5638
4019
5813
7956
3987
4446
4417
2859
2858
8225
6044
9882
9824
9725
8824
8024
7088
6984
6963
6961
6962
6958
6965
6964
6960
6959
6985
6936
7056
6531
6463
4493
5517
9837
9780
9567
8575
7824
7191
7171
7172
7160
7183
7055
6978
4578
4653
9280
8477
7672
5820
5524
5447
5414
5222
4234
1701
1702
1619
1616
1615
4569
9117
8388
7619
5802
5531
5432
5392
4245
4568
9118
8387
7617
5801
5532
5434
5391
4247
4567
9119
8386
7618
5803
5530
5433
5393
4246
1618
5826
9643
9003
8262
6122
5515
5190
5181
5173
5172
5171
5174
5170
5182
5147
5168
5100
5026
4174
9587
463
5427
9586
9292
1700
4064
5631
9572
8846
8146
6008
5512
5380
5235
5213
5214
5236
5210
5211
5143
5054
4190
9454
2695
3200
1617
1620
2151
4211
5660
3116
3554
3863
4241
5418
3711
4301
3410
1343
1345
1348
1342
1347
1346
1341
1340
5544
9369
9370
1344
4313
1526
6637
4127
2132
3855
2133
3850
7416
9809
9606
8854
7559
5611
4766
4758
4733
4727
4737
4736
4751
4730
4748
4739
4740
4744
4746
4752
4732
4726
4728
4731
4734
4735
4750
4749
4745
4743
4741
4738
4753
4747
4742
4729
4759
4724
4725
4684
4649
4089
2134
3854
2137
3852
2135
3851
6049
9723
9302
8420
6651
5518
5108
5102
5090
5096
5097
5091
5095
5094
5093
5092
5098
5103
5086
5088
5038
4754
4145
5790
9641
9002
8260
6120
5510
5183
5145
5138
5139
5140
5141
5142
5146
5136
5137
5085
5024
4172
2131
3853
2129
3856
2130
3857
2990
3258
1024
2136
1021
1022
1023
4080
4079
4083
4082
5398
4081
4554
1098
3067
4233
5569
3804
4447
3549
3548
5430
5431
8455
4532
7175
3867
4629
7556
2852
2850
2851
2854
2853
2716
3784
1506
5506
1715
9459
1716
2923
4220
7135
3585
9819
1793
1792
4181
1791
6459
3544
2732
4495
3835
3055
3056
3534
2709
8751
3844
7875
3949
3639
5047
3032
3640
3638
3637
3066
5700
3160
2467
2468
9502
2469
2470
2471
2472
2473
2474
4077
8269
8464
4057
4059
4061
4060
4062
4058
3843
7218
7879
5036
9857
9903
9498
9737
9419
9521
9453
7580
2708
4641
2419
2418
2417
8728
2715
6653
2211
3934
2212
5705
4186
5384
3041
2210
2209
3386
3448
2213
2208
2710
8032
5221
7980
8251
6561
3737
3433
3432
4205
8771
8864
9312
8092
3431
6003
3434
2713
7033
2813
2812
1085
1088
1072
1089
1087
1084
1083
5982
1082
1081
1080
1078
1077
1076
1074
1086
1073
1079
1075
3956
2268
5791
5919
4432
3057
2264
2265
3612
4657
2139
2140
2141
2138
3058
2266
2267
4721
8349
7431
8880
5121
8994
5390
437
8369
9404
9277
5472
7593
3952
1503
8143
4398
9562
9632
8329
1500
9192
1499
1498
9814
1515
5452
440
2512
442
5760
6465
1402
1401
1400
1399
1407
1406
1403
1404
1405
2946
5645
1108
2260
1107
1095
1104
7234
1101
1100
1097
1094
3045
1103
1109
1106
1105
1110
1099
1096
1093
1102
1663
1671
1669
1668
1666
1664
1670
2740
6006
1665
1667
2440
5497
2439
2441
2437
2436
2438
2019
2020
2021
2024
2022
5644
2023
1366
1365
1364
1363
1362
5897
1367
1368
1247
1246
1245
5678
1244
1243
1242
1241
2150
1706
6349
7112
8837
4612
1596
451
1653
5113
3927
1597
2665
8866
8117
2855
2447
8704
2067
2993
2997
2065
2996
4067
9621
2068
2066
2070
2451
8238
4528
7447
7363
9440
2069
3396
2995
2994
2991
2992
2454
5513
9539
9542
9541
9540
2073
2072
5388
2074
1328
2453
2452
1322
3121
2450
7966
2449
5429
3758
1769
2149
5428
1770
3197
4204
3120
2448
4214
7645
1323
1324
1325
8043
1326
1327
2071
1330
1329
2973
1320
1321
9573
4510
2508
5564
8101
5463
9388
3359
5608
6402
3621
2986
3402
3620
3403
2002
3742
8396
1998
5395
4416
1999
3437
2000
3746
5501
7263
2001
3678
8073
8433
8493
8822
1992
4507
2003
3438
7563
8343
6952
3765
8180
4210
4255
2409
4014
4582
2403
4016
2404
3714
2010
4631
391
7578
9194
8102
3955
6062
2009
4212
3721
5603
2008
4002
4239
406
2406
9689
2011
4035
2006
3679
2416
4015
3405
4396
7636
389
2005
4043
8797
9372
5064
4639
4638
9629
8326
8816
8662
8906
1993
3745
2414
3713
3895
5614
1997
4040
1991
3744
3084
5619
8012
9508
1975
4036
2769
8006
4655
7706
8884
5494
9520
9762
1976
5713
4540
2771
4778
2731
5671
5111
5110
5109
2972
3676
3708
5542
4490
8240
4679
3507
4557
3506
4126
8491
8912
8735
5519
5636
8422
7589
8713
8479
4185
3780
3779
7998
8723
1978
4361
9493
7965
8695
6343
8503
2415
4013
2411
3712
1974
7158
4216
4296
5718
1979
4555
3466
1973
4031
1972
4131
2412
2413
7670
4581
4667
8917
4702
1977
4482
2725
2724
1980
4034
1990
4032
7592
8403
8175
1982
4193
2408
7199
2410
7198
5385
7258
7242
4365
3379
3378
8690
9257
1284
1983
7197
9589
3406
1984
4039
7690
8400
8876
7149
8079
1985
4152
2004
7571
3950
2007
2407
7666
3989
1989
3747
7621
8739
5584
8347
8696
8076
5647
8417
8550
3990
4298
1988
3743
8165
9366
4236
5728
1987
4042
1986
8842
9631
8324
8031
8270
8829
8408
8366
8752
8817
9452
9100
9553
5116
8025
9791
9548
8732
7360
5618
5189
5179
5159
5166
5167
5165
5164
5163
5161
5160
5162
5157
5156
5155
5154
5153
5152
5148
5158
5151
5150
5149
5180
5144
5176
5087
5027
4171
1996
3404
5543
2848
4033
2768
5716
5120
1995
4041
1981
4037
5500
8004
6113
3182
9494
9603
8900
9315
1994
4038
8080
5405
7841
8219
8351
307
5468
9082
3516
7806
9527
9546
8853
8815
5920
8805
9272
9179
9114
9086
9058
9042
9044
9054
9052
9050
9046
9043
9041
9060
9088
9116
9182
9271
8806
7093
8775
9238
9157
9064
9007
8999
8991
8963
8961
8966
8958
8960
8959
8984
8992
8976
8975
8968
8971
8990
8969
8980
8964
8967
9000
9008
9062
9156
9241
8778
2948
8085
5471
8954
5499
8555
9499
7430
8687
2803
2802
2801
2804
2800
2799
2798
2797
2796
7989
9625
8098
9346
8339
8694
7638
8264
8066
8678
8478
8715
8061
8470
5114
8078
4133
6648
2694
5679
8164
4134
6106
5178
7452
7217
8250
4579
5721
7859
4135
7223
5401
7165
5402
7163
5403
7164
3245
7579
8835
9308
9224
9172
9153
9145
9136
9138
9139
9140
9137
9135
9134
9131
9132
9133
9130
9144
9152
9173
9225
9307
8836
3286
7534
9900
9595
9555
343
8235
8785
9174
9450
4664
5458
6975
4665
5128
8242
5129
5509
8148
5555
4148
4149
9584
5130
8029
8346
9458
8077
5467
8342
8782
9848
6068
5628
8402
4474
4256
8152
4421
4420
6633
9634
9480
8281
8021
7650
5570
8679
5465
7686
3871
7856
5470
7555
6624
5480
4395
7265
4243
8301
5717
8502
7596
9344
9104
7826
4674
8770
4348
8750
8823
8849
8736
4179
7253
2215
5822
5021
7221
4422
4423
7813
5194
4429
4425
4426
5565
4585
4584
4583
4427
4428
4586
4424
3298
3299
6756
3627
4608
4703
3553
7588
7245
8227
4634
7775
4680
3782
8492
1360
5804
4696
8831
9261
4527
5496
4367
5610
8440
8463
7207
2269
2271
2275
2270
2274
2276
2277
2273
9437
2272
4087
4454
3800
3801
5609
8615
8542
7610
5464
8554
370
5469
8521
3536
3538
3537
3535
6640
8693
8570
9096
8226
9184
9559
9738
9805
8590
4722
8779
5462
8609
9728
9187
9451
1497
2917
372
4168
7641
1827
7320
3371
1825
4677
3628
4188
2872
1826
4312
5404
5567
9478
9191
8354
3363
5126
2926
9700
9851
9681
8632
7434
6457
6177
6175
6149
6150
6151
6152
6153
6154
6155
6156
6157
6158
6159
6174
6160
6173
6161
6162
6163
6164
6165
6166
6167
6168
6147
6169
6170
6171
6148
6172
6146
6139
6128
6129
6130
6131
6132
6133
6134
6135
6136
6137
6138
6140
6141
6142
6127
6145
6144
6143
6176
6178
6458
7433
8631
9680
9852
2924
2925
9688
9844
9650
8585
7425
6573
6398
6393
6376
6362
6358
6356
6355
6353
6354
6359
6352
6351
6350
6357
6360
6372
6391
6390
6387
6386
6392
6381
6379
6384
6382
6383
6385
6388
6389
6361
6378
6380
6375
6374
6377
6373
6371
6370
6369
6368
6367
6366
6365
6364
6363
6394
6399
6572
7426
8584
9651
9845
9687
9843
9639
8577
7428
6628
6453
6445
6443
6436
6424
6435
6418
6419
6420
6421
6422
6423
6425
6433
6427
6428
6429
6430
6431
6447
6450
6414
6408
6341
5579
5578
6340
6409
6413
6449
6446
6417
6442
6432
6426
6415
6434
6416
6444
6440
6439
6441
6438
6437
6448
6452
6629
7427
8576
9638
9842
7955
8020
386
9574
9741
9411
8607
8268
8218
8212
8210
8214
8232
8371
8844
9622
9755
9420
8589
7659
7239
7176
7173
7174
7214
7468
8147
8401
7682
8700
9776
9463
8630
7364
5828
5604
5600
5587
5585
5586
5589
5590
5592
5593
5594
5595
5597
5591
5588
5596
5599
5582
5598
5560
5538
4391
7681
8345
9582
8863
8256
7212
6052
5911
5906
5907
5903
5908
5831
5816
4616
2225
7623
8768
9226
9147
9035
8995
8955
8925
8930
8920
8932
8931
8929
8928
8927
8924
8923
8922
8921
8947
8948
8949
8946
8950
8943
8944
8936
8935
8940
8934
8939
8945
8951
8952
8953
8937
8933
8926
8938
8941
8942
8956
8996
9036
9148
9227
8769
2224
7264
8813
9278
9196
9142
9094
9083
9068
9069
9070
9071
9072
9073
9074
9075
9066
9067
9076
9077
9078
9079
9081
9080
9084
9093
9141
9195
9279
8814
2223
8109
7466
3608
3611
3610
3609
3607
5084
7631
8418
9219
8173
3826
3297
3296
7967
5199
9234
6065
7626
8484
6066
4719
1564
9286
381
1264
384
2228
7211
4690
8469
2750
2751
385
368
4600
4073
2749
2202
4074
3584
3288
4072
5505
5060
3040
2201
3287
8007
9893
9864
9753
8850
8122
7915
7906
7888
7889
7890
7892
7894
7896
7897
7898
7900
7901
7899
7895
7891
7887
7886
7893
7885
7883
7882
7884
7905
7910
7916
7943
7876
6989
4192
2200
5825
2865
3391
2864
3629
2856
3836
3837
2929
3626
3649
9790
2863
4102
7105
8918
9630
5397
5819
8245
8338
8635
8335
8841
4084
8336
8612
8594
8337
8243
8634
3072
8460
9358
348
352
4090
8809
9536
9528
9529
363
364
1524
8013
4637
7976
4461
7147
4224
3767
4460
3768
7148
4065
4066
3769
8861
3722
8903
460
328
3009
9798
4389
5553
3399
6487
3079
3504
8037
7804
3078
2679
2681
2680
4068
9276
9757
8375
8487
3674
8350
4598
4599
4597
362
9748
5041
5040
5046
5045
5044
5043
5042
8409
9655
7991
7992
8000
9025
5566
9656
9657
3896
9418
7839
7102
8261
4122
8141
2739
3846
6987
3129
4576
3128
3125
3126
3519
3127
9313
8560
9533
9840
1188
1187
1190
1191
1192
1193
1195
1197
1198
1200
1199
1189
6112
1194
1196
3065
3785
3749
8372
9668
7219
4052
5489
4693
8882
8911
4692
4694
8905
4051
9850
9901
7411
9727
9830
9670
9012
8145
7613
7358
7356
7335
7334
7333
7348
7345
7337
7347
7338
7339
7340
7336
7341
7342
7343
7344
7346
7351
7349
7350
7352
7353
7355
7332
7357
7323
7317
5682
9860
1571
7689
9906
9858
9788
9216
8229
7114
7052
7006
7010
7009
7008
7007
7011
7023
7013
7014
7012
7015
7016
7017
7018
7019
7024
7020
7021
7022
7051
6980
7096
6574
6533
4501
1547
7296
9908
9865
9795
9275
8241
6976
6738
6668
6669
6671
6672
6661
6670
6667
6666
6665
6664
6663
6662
6676
6674
6660
6657
6656
6659
6658
6673
6675
6737
6650
6942
6346
6335
4470
1559
6647
9359
9598
8692
7953
7087
6332
6092
6088
6080
6082
6085
6084
6083
6081
6086
6078
6079
6089
6076
6090
6063
6050
5419
1090
9678
9761
5749
8539
7227
9197
8424
7095
6460
7448
8257
6937
7200
9612
5794
5659
5793
5656
7981
8364
7606
5654
5795
8393
5655
7968
8221
8608
5658
8496
5657
7254
5904
4121
9708
9623
5381
5502
8299
5503
8583
8891
9382
9387
9386
9385
9384
9383
1092
9482
9564
6745
4173
7605
9897
9869
9760
8862
8096
7818
7807
7788
7784
7787
7782
7783
7786
7785
7789
7795
7793
7790
7796
7794
7800
7798
7791
7792
7797
7799
7801
7802
7803
7808
7812
7817
7822
7769
6557
5629
3830
7246
9866
9834
9658
8702
8074
7908
7871
7865
7860
7868
7869
7866
7864
7862
7861
7863
7867
7870
7878
7907
7912
7857
6977
9560
9659
9243
9092
3560
3559
3557
3561
3562
3555
3563
3556
3558
9244
9362
8725
1556
5995
5912
5035
4626
8703
9602
7656
7671
9345
9663
8279
8556
8280
9247
9325
8042
7835
7695
8591
7696
8605
8005
8604
7809
9661
9763
9578
2841
2845
8157
5624
8142
3624
6057
7233
7220
5396
2840
8855
2843
3033
3346
9430
2844
5482
4203
3327
4012
4375
5474
4636
3326
3926
2457
3325
3591
5898
1914
4199
4086
4262
3328
1913
1912
1916
1915
5439
2458
3925
5104
2842
9306
4720
8902
96
4409
3035
3339
3349
8234
8650
3912
3911
3910
4146
4623
3630
8883
8093
2869
2866
2867
2868
3631
8070
7949
3520
3348
2870
2405
9537
1576
2919
1470
2918
1478
98
9697
8818
8112
7486
7313
7274
7272
7268
7271
7275
7314
7487
8110
8819
9698
9556
1572
2921
1581
2916
104
9616
8719
8105
7603
7531
7473
7476
7533
7602
8103
8721
9615
9503
8895
9554
9849
9326
8520
9671
9672
8783
9505
5788
3458
7536
5787
8727
9590
8518
9899
9872
9768
8885
8139
7948
7941
7925
7920
7924
7919
7922
7923
7921
7939
7929
7932
7933
7940
7938
7937
7935
7934
7918
7936
7931
7930
7926
7928
7927
7942
7946
7947
7951
7913
7092
3008
5063
86
87
6345
8300
7844
7820
9165
7544
8669
9506
9406
9439
9438
9407
9507
8670
9392
7231
4107
6986
6054
8376
1866
1865
1863
1860
1859
1862
1864
1861
7470
4108
8888
9859
5758
3824
3823
3825
8038
5461
3407
5440
3044
89
2026
109
2025
1558
7159
8416
3415
3416
1941
5383
4154
5400
4098
3940
110
5711
5605
3131
4158
3827
7836
2976
4333
3939
4175
5632
3020
3019
5829
3444
3018
6318
5421
3017
3451
5559
3923
4456
3602
9701
4254
3715
5704
4017
3881
1230
1231
1232
1233
1234
1235
1236
1240
1239
1238
1229
1237
1227
1222
1225
1224
1223
1228
1226
7151
4644
2928
5020
1758
2860
3370
4315
7678
7115
111
132
133
143
2179
2177
2176
2183
2178
2180
2184
2182
9735
2181
3710
4347
5023
3390
3389
1759
3894
5521
2764
6324
8957
9640
9027
7969
7963
7970
8411
8915
8847
8564
7971
8714
5032
5031
6566
3411
5617
130
1474
4419
9577
7104
7257
5724
5725
5726
5723
7230
5492
5490
5491
9604
9551
9605
7594
9597
9596
8252
9706
7113
2189
2190
2195
2188
2186
2194
2191
2185
2192
2193
2187
8153
8233
3240
9719
7692
5547
9391
8200
5548
5378
5443
3217
3228
3233
3225
3237
3219
3218
3216
3234
3227
3229
3224
3230
3236
3232
3212
3239
3231
3221
3213
3220
3238
3241
3214
3215
3222
3223
3226
3235
9583
5376
5375
5441
5442
3730
4388
7622
7361
113
4546
5083
5639
5444
8136
9408
7651
4276
4273
4277
4271
4266
4270
4269
7840
4268
4267
4274
4275
4281
4278
4265
4280
4279
9796
4272
9435
4551
4549
4552
5905
4550
4660
7652
9471
7170
7064
7065
4407
9205
3651
3656
3657
3664
3662
3660
3654
3658
3652
3655
3659
4329
3661
3663
3665
3937
4712
3653
4242
7691
5546
3340
8742
4114
4116
4117
4115
4118
7266
5377
8541
5049
8892
1531
3357
3572
9846
3435
8916
7703
7685
7702
3073
6655
8405
6556
6115
4257
6116
8592
9531
8331
8276
8267
8332
9783
9801
8879
8878
7964
8009
3338
3337
3336
3335
3332
3331
3333
3334
8016
5058
8833
9213
5568
9684
2719
2720
7663
2723
2722
2721
2718
8239
8293
8003
8258
1693
2744
3707
1692
1685
2913
2748
3706
2745
4006
1691
4316
3849
3269
1682
3141
5923
5797
8533
4091
6334
7630
1687
1683
1684
2743
4007
1689
1688
1690
2747
3705
2746
4005
1844
8199
8716
7902
1686
1562
4671
1824
3146
3380
54
1544
2754
3401
5017
19
1091
3680
5018
4137
5640
7657
9431
1574
8733
8758
8754
8756
5649
8759
6087
8745
3068
3203
8760
8762
8757
8761
8746
8744
8755
8734
5583
7644
2765
3999
3998
2766
3829
4366
3601
5019
2767
8705
9611
7770
7698
7677
8055
8355
1492
7676
7435
7661
1482
8426
3603
9095
7693
3089
2426
1295
3085
1289
1291
3086
3088
1292
1293
3254
1294
1290
2425
2424
3087
4222
1288
1287
1286
1285
6098
5556
8722
5382
8057
3543
3862
9594
6095
3542
1059
4238
6455
9517
9709
1493
2920
3186
5810
5809
2
3
5808
8292
7454
5984
9518
9256
7873
9773
9685
7687
8738
8204
8686
9155
4294
8203
7874
7704
8034
9516
7637
7850
3248
9797
3188
4548
3187
3155
5719
8890
7549
5408
5523
3322
3723
1530
8495
8
15
9
10
3571
7469
5646
11
12
13
14
9314
4441
36
58
59
60
61
71
38
39
40
43
44
45
48
49
50
51
52
73
148
149
247
252
253
254
233
234
237
238
240
242
289
291
293
297
281
279
265
266
267
270
271
272
273
224
204
169
170
152
153
154
165
208
221
222
205
203
189
191
192
193
196
197
198
199
201
300
91
195
194
220
219
218
216
215
214
213
212
211
210
209
187
186
185
184
164
163
162
161
160
159
158
156
155
151
157
166
167
168
183
182
181
180
179
178
177
176
175
174
173
172
171
223
225
278
277
276
275
274
268
298
295
290
262
239
235
232
231
255
251
250
249
248
246
245
150
47
46
42
41
55
72
56
70
69
68
67
66
65
64
63
62
37
35
34
6
5
4
1
7
16
17
18
33
32
31
30
29
28
27
25
24
23
22
20
74
129
75
127
126
125
124
123
122
121
120
119
118
117
116
115
114
147
131
146
145
144
142
141
140
139
138
137
136
135
134
112
85
84
83
81
80
79
78
77
76
82
92
93
108
107
106
105
103
102
101
97
95
261
299
414
424
432
394
395
397
398
403
435
407
409
434
438
462
465
472
439
441
443
444
445
446
448
449
450
452
453
454
455
324
390
334
335
338
340
341
342
301
323
321
310
302
303
304
305
309
311
312
314
9885
3265
3529
3527
8415
4588
4093
3528
4464
9756
9569
7252
8150
373
374
9121
9124
3193
4486
9123
4469
3845
9122
9614
2093
2667
3201
2669
1748
1747
1744
1746
1745
2666
9736
2668
2670
2671
3589
9120
2092
2672
3582
6007
4500
8134
4335
4715
4776
4792
4795
5015
4819
4818
4824
4814
4816
4817
4820
4822
4825
4835
4845
4842
4841
4840
4839
4838
4837
4844
4836
4834
4833
4832
4831
4830
4829
4828
4826
4843
4827
4815
4821
4823
4872
4847
4996
4990
4985
4984
5011
5009
5006
4810
4798
4782
4767
4695
5118
5112
4668
5188
4704
4768
4784
4799
4813
5004
5003
4991
4983
4982
4981
4960
4959
4958
4957
4956
4962
4955
4953
4952
4949
4954
4979
4969
4975
5007
4987
4951
5001
4966
4967
4968
4970
4971
4972
4973
4974
4976
4977
4978
4980
4947
4964
4963
4948
4805
4793
4780
4764
4675
5446
4676
4763
4779
4794
4806
4950
5008
4808
4800
4787
4769
4710
5195
4705
4762
4713
4334
4337
4716
4775
4790
4797
5014
5010
5012
5002
5005
5000
4986
4988
4989
4992
4999
4993
4994
4995
4997
4998
4961
4945
4895
4873
4874
4875
4876
4877
4878
4879
4880
4881
4882
4883
4884
4886
4887
4888
4811
4803
4788
4772
4706
5197
4707
4773
4786
4802
4812
4848
4849
4851
4852
4853
4855
4856
4857
4858
4859
4860
4862
4863
4865
4866
4896
4920
4923
4925
4927
4928
4930
4934
4807
4801
4785
4771
4709
5196
4708
4770
4789
4804
4809
4922
4944
4898
4900
4902
4905
4906
4907
4965
4846
4918
4917
4916
4915
4914
4913
4912
4911
4910
4909
4908
4904
4903
4901
4899
4919
4921
4943
4942
4941
4940
4939
4938
4937
4936
4935
4933
4932
4931
4929
4926
4924
4897
4870
4868
4867
4864
4861
4854
4850
4869
4871
4894
4946
4893
4892
4891
4890
4889
4885
5013
4796
4791
4777
4717
4336
9223
9220
9221
9222
4499
8116
4444
5185
5206
5228
5231
5372
5280
5264
5262
5261
5256
5275
5252
5254
5255
5257
5258
5259
5260
5263
5265
5266
5267
5268
5269
5270
5284
5283
5282
5281
5286
5279
5285
5278
5276
5274
5273
5272
5271
5253
5277
5240
5241
5243
5250
5245
5246
5247
5249
5288
5349
5348
5347
5344
5343
5342
5350
5341
5339
5338
5337
5336
5335
5334
5333
5340
5351
5353
5370
5369
5368
5367
5366
5365
5364
5363
5371
5360
5359
5373
5230
5227
5208
5184
4443
4435
5119
4434
4445
5186
5209
5225
5223
5220
5205
5134
5460
5133
5204
5219
5233
5237
5354
5331
5361
5329
5330
5305
5304
5302
5300
5299
5297
5295
5294
5293
5292
5291
5290
5306
5309
5325
5324
5323
5322
5321
5320
5317
5316
5314
5313
5312
5311
5310
5318
5362
5315
5319
5326
5327
5308
5307
5289
5301
5303
5352
5332
5345
5346
5287
5298
5328
5296
5355
5356
5357
5358
5239
5232
5216
5200
5124
5425
5424
5125
5201
5215
5224
5217
5202
5135
5459
5132
5203
5218
5234
5238
5251
5242
5248
5244
5374
5229
5226
5207
5187
4442
1030
1409
9229
9237
9232
9228
4183
4624
3173
3174
3172
9626
3727
8213
3883
3885
3890
3884
3892
3887
3889
3886
3891
3888
3897
7250
5642
7251
9421
3570
7842
1176
1183
1174
1172
1171
1170
1167
1166
1165
2331
2330
2348
2353
2337
2340
2341
2344
8603
2329
2339
2336
2343
2342
2333
2332
2335
2345
2351
1163
1168
1169
1175
1178
1179
1184
1180
1164
1152
1160
1159
1156
1155
1185
1153
1162
1151
1150
2347
2334
2354
2346
2350
2352
2349
2355
2338
1177
1158
1161
1173
1149
1154
1157
1181
1182
3485
3486
3487
7368
3488
3489
3491
3490
3482
3484
3459
8133
3204
3205
3206
2954
2953
2952
2951
2955
8652
9581
9767
9475
9390
9465
9733
9163
7635
8222
7654
9242
8423
7655
9474
8127
9649
4085
3615
9483
4230
4382
4545
9654
7256
8129
1733
1731
1730
1729
1725
1720
1428
1801
2693
1795
1432
1798
1429
1800
3244
1431
1807
1430
1794
1433
1796
1802
2526
1435
1797
2692
1803
2527
1799
1434
1726
1717
1728
1734
2773
1722
1721
1719
1718
1732
1727
1723
1724
2385
1676
1673
3115
1679
2391
1678
1674
1672
1677
1675
2389
1681
2838
3242
1806
1680
1804
2390
2387
2839
2386
2837
2388
1805
1436
1437
6576
7210
5781
4232
7853
5807
7089
5386
5901
5900
6575
6934
6935
1755
7478
4147
5399
4462
3920
9883
1757
8691
8737
3243
3163
2691
2682
2683
2684
2685
2686
2687
2688
2689
2690
8726
931
906
920
935
934
933
928
927
925
937
922
929
930
926
923
932
936
924
901
905
912
915
917
918
909
911
910
908
904
903
900
921
902
907
919
913
914
916
9627
8706
9481
9293
9381
9126
9394
8348
9091
8699
4355
3717
4457
3604
6957
4000
4310
2229
3051
7297
7194
7241
7196
7680
7437
7261
7193
7195
2459
5755
1111
5485
7162
7161
8598
7062
5917
2400
2097
2095
2098
2399
2096
2398
3154
2094
5830
3010
3388
3387
5800
88
1266
5634
3307
6635
7117
8637
7568
7950
2634
2633
2632
2630
2629
2628
2627
2626
2635
3183
2664
2625
2624
2623
2622
2621
2620
2619
2631
2636
2662
2638
2661
2660
2659
2663
2658
2657
2656
2655
2654
3868
2653
3184
4119
2637
2652
2651
2650
2649
2648
2647
2646
2645
2644
2643
2642
2641
2640
2639
3509
5762
3803
9538
5127
5212
9110
9056
4580
9055
9109
6534
7453
7421
9001
9108
1593
1594
3145
3352
4363
5899
8875
8843
8874
9245
6451
5516
6061
9695
8434
8205
5057
5056
4411
4666
3294
8538
8532
5426
5545
2673
2703
7814
4515
7815
4635
4194
7243
8610
3255
3257
4413
5475
4415
4414
7858
4574
5815
5798
6094
8374
3256
8373
7182
9282
8537
9283
9764
4143
5067
4207
5902
3456
3457
6048
2366
3770
5437
4494
2367
6329
5438
7625
4110
6348
4024
4326
2365
3080
4305
2705
5606
3618
4283
7107
9732
4321
4338
4339
3467
4604
3318
2028
7553
2030
5022
2032
2031
2027
2029
7957
7244
2911
2704
3381
2814
8027
8047
8421
8035
8026
8712
9777
8036
8527
3483
4471
9258
8412
2503
2568
2574
2600
2573
2572
2571
2570
2569
2567
3178
2575
2566
2564
2563
2562
2561
2560
2599
2559
2558
2557
2565
2576
2577
2578
2597
2596
2595
2594
2593
2592
3864
2591
3179
4106
2590
2589
2588
2587
2586
2585
2584
2583
2582
2555
2581
2580
2579
2556
2598
3503
7697
5481
3802
9534
4433
3566
9457
9443
3798
3468
8427
7529
8130
5526
5048
9485
9772
9460
8425
7642
7295
7290
7288
7284
7279
7286
7278
7283
7282
7281
7280
7285
7277
7287
7289
7293
7354
7837
8633
9648
9816
9636
8886
7821
6972
6042
6033
6021
6020
6019
6018
6017
6012
6015
6014
6013
6011
6016
6035
6038
6464
7222
8160
8485
4774
7609
4128
3593
3594
9371
9677
9208
8266
7660
7471
7460
7458
7455
7456
7457
7459
7463
7527
7810
8446
9501
9778
9488
8665
7591
6741
6093
6075
6072
6070
6071
6077
6091
6462
7169
7975
8158
6554
6555
9624
9490
7326
8249
4761
4760
5630
4291
8414
4451
3693
4112
4290
8095
6317
5732
4529
5909
4055
9201
9166
4647
9167
9200
7116
7547
7472
9146
9202
9911
1591
1592
3983
5539
2261
2263
2262
3866
2372
2370
2371
4408
5674
3783
2794
5910
3828
3362
4124
3763
4351
3764
4352
4381
5641
9835
9543
9525
9011
7699
7674
7658
8052
7684
7819
6558
9613
7679
7584
5994
8121
7673
7847
7633
7852
7701
7668
8058
8410
8365
8367
8413
8392
8128
9610
4132
2826
3462
3360
3878
3210
3361
4261
3453
3954
3452
3953
2678
9402
2676
7202
8588
5420
8580
8099
8236
8489
8065
8688
7550
7962
8860
8126
9285
9161
8475
8729
8522
8601
8557
8834
9593
8664
9171
9164
9103
8910
8865
8629
8124
9246
3724
4526
3492
4297
5557
4008
2677
3755
4539
3400
4282
8097
2717
2706
7846
8302
3967
3972
3970
3969
3968
3966
3964
3965
3963
3971
3928
7329
5712
7330
9423
3675
7848
1135
1134
1133
1132
1137
1129
1131
1136
1138
2309
2310
2312
2313
2314
2315
2316
2317
8606
2318
2319
2307
2311
2320
2306
2305
2304
2303
2302
1147
1144
1139
1142
1140
1141
1143
1145
1146
1148
1130
1113
1115
1112
1117
1119
1120
1121
1128
2328
2326
2323
2321
2308
2324
2322
2327
2325
1125
1126
1116
1118
1122
1127
1114
1124
1123
3754
4046
4314
4613
8613
8851
8801
8764
8828
8357
8587
4601
5672
7477
8023
8697
8747
4662
5554
8827
9393
3573
2064
4217
3595
3719
3267
4620
5552
8115
8914
5983
2733
4056
5817
5498
3061
5789
4304
2789
6004
2787
8519
4295
8008
1416
1414
1413
1412
1411
1410
1423
5522
4654
1424
1417
1419
1422
1421
1420
1418
7085
1415
6677
8913
9644
9433
9789
9434
9432
4240
4505
2785
3005
2784
3419
3686
7106
3312
3077
4196
4264
2849
4331
7543
5122
4332
4330
8247
6981
9403
6109
4614
5648
5379
5123
9264
5783
6580
7545
8483
8482
7546
6581
5782
4228
4227
7829
8611
8651
9666
9417
3081
7311
9896
9886
9770
8100
9912
9890
9746
8681
7184
6941
6933
6868
6869
6870
6871
6872
6873
6874
6875
6876
6877
6904
6908
6923
6919
6804
6809
6836
6831
6813
6796
6800
6806
6803
6808
6797
6799
6802
6837
6811
6835
6834
6833
6810
6830
6829
6828
6827
6826
6825
6832
6812
6814
6815
6816
6817
6818
6819
6820
6821
6822
6823
6824
6939
6795
6953
6631
6396
5450
6395
6632
6954
6793
6940
6805
6807
6801
6798
6838
6863
6840
6916
6917
6918
6920
6921
6839
6922
6924
6931
6925
6926
6927
6929
6930
6914
6895
6902
6903
6906
6909
6932
6894
6910
6907
6905
6901
6900
6899
6898
6897
6896
6912
6913
6915
6928
6911
6892
6865
6893
6862
6861
6860
6859
6858
6857
6856
6855
6854
6853
6852
6851
6850
6849
6848
6847
6846
6845
6844
6843
6842
6841
6864
6866
6891
6867
6890
6889
6888
6887
6886
6885
6884
6883
6882
6881
6880
6879
6878
6938
6794
6955
6630
6397
5451
6400
7137
7767
9380
9823
9910
9913
9909
9827
9323
8019
6325
6319
6241
6240
6239
6238
6237
6236
6235
6234
6232
6231
6229
6228
6227
6226
6245
6246
6247
6248
6268
6267
6266
6265
6264
6262
6261
6260
6269
6259
6256
6255
6254
6253
6252
6251
6250
6224
6225
6258
6223
6202
6198
6197
6196
6195
6194
6193
6192
6200
6190
6199
6188
6322
6182
6326
6099
6060
4699
4700
6058
6100
6327
6180
6320
6189
6201
6221
6220
6219
6218
6217
6216
6215
6214
6213
6212
6211
6210
6209
6208
6207
6204
6203
6249
6270
6290
6272
6314
6309
6307
6299
6304
6296
6295
6298
6300
6301
6302
6303
6306
6305
6316
6310
6311
6312
6313
6315
6293
6292
6273
6274
6275
6287
6289
6285
6284
6297
6308
6286
6288
6291
6277
6283
6282
6281
6271
6280
6279
6278
6294
6276
6205
6206
6222
6191
6183
6184
6185
6186
6187
6257
6263
6230
6233
6242
6243
6244
6321
6181
6328
6101
6059
4701
4711
6069
8010
8838
9754
9825
9847
8002
9863
9775
8904
7708
5990
5981
5978
5934
5941
5945
5950
5940
5971
5968
5976
5962
5957
5952
5949
5965
5969
5972
5964
5966
5958
5946
5955
5956
5960
5961
5967
5970
5974
5975
5951
5938
5939
5947
5925
5959
5935
5924
5953
5954
5963
5926
5927
5931
5977
5973
5944
5943
5942
5937
5948
5936
5933
5932
5930
5929
5928
5979
5980
5987
6179
8067
9349
9820
9902
9829
9619
8461
7236
5895
5890
5883
5886
5868
5836
5867
5842
5845
5846
5847
5849
5851
5865
5852
5854
5857
5864
5863
5862
5861
5860
5859
5858
5856
5853
5844
5843
5838
5837
5850
5866
5870
5888
5887
5884
5882
5879
5876
5875
5873
5872
5880
5835
5885
5881
5878
5874
5889
5871
5839
5840
5841
5848
5869
5877
5855
5891
5893
6742
7675
8781
9368
9676
9704
7640
9702
9588
9804
9544
3858
3860
3279
3283
3958
3959
3426
3427
3278
3272
3274
3270
3581
4225
3973
5714
3698
7483
3429
1917
3703
3962
4178
4404
4405
3700
8244
875
3430
4450
4590
3276
3275
3580
3578
3422
3961
5580
3704
3280
3428
3271
3273
1713
1712
3859
874
878
876
3697
2148
4589
3701
1918
4184
3319
2912
5394
4543
3960
3425
3576
3282
3575
5710
3699
3702
3424
3423
3284
3285
3281
4001
3577
3579
5709
3277
9703
877
9713
9284
3740
6403
9633
9476
9568
8223
9667
9033
8569
8228
5436
8753
8041
6410
4537
9679
7226
7188
7208
7187
7548
7415
7249
7186
7189
7564
7412
7440
7413
8075
7583
7843
7773
7774
1714
7417
9376
8255
8254
7903
7538
841
873
832
835
851
834
836
868
865
864
855
866
852
850
838
831
870
869
867
853
833
856
857
858
859
860
861
863
837
839
849
840
842
843
844
845
846
847
848
872
871
862
854
7827
9410
5986
7262
3249
9143
4479
4480
3906
4477
4402
3908
3587
4481
3250
3900
3904
3905
3907
2770
4478
3902
3903
3901
9377
4097
4249
4250
9749
9322
9563
360
4176
9396
9397
5191
8049
3263
9752
9750
8089
4669
7639
3465
2401
1283
1277
1278
1279
1280
1281
2402
1282
2741
8088
8344
1946
1951
1950
2945
1949
1948
1947
1960
1961
1957
1952
1956
1959
1945
1953
1954
1958
1955
2944
8087
8297
8118
9691
9806
3493
3818
3817
3813
3811
3820
3815
3808
3809
3814
3812
7424
3806
7422
7423
3807
3810
3816
3819
8086
9468
8593
8084
1276
1275
1274
1273
1272
1271
1270
1269
1268
1267
2742
1756
2786
3540
2791
3420
8296
4023
5812
8432
7138
4030
4556
5601
7560
8536
4757
4530
4453
3957
9090
2793
7446
7561
4200
3716
7854
4349
6126
3397
5101
5792
4651
3753
4047
4630
7225
3875
7203
7828
7232
8359
5455
6456
8135
5993
4659
3375
3376
3455
5615
9260
9259
9295
8908
9405
9526
8740
9428
3739
3037
3036
4151
4645
4258
8119
5627
5752
5626
9416
5625
5668
5669
5670
8517
5751
5750
2795
8894
5486
3773
4594
4765
3774
3775
4605
4607
4472
9662
4606
3324
3545
2788
3418
4150
4646
3364
3596
3650
4492
3643
9532
9274
9341
9547
9436
8406
3644
5070
2378
2377
2379
2382
2380
2381
4566
2927
9710
1841
1843
1840
1842
9881
9877
7551
7462
9673
8724
8614
8211
8215
9523
9774
9461
8430
7662
7325
7316
7309
7304
7298
7299
7300
7301
7302
7303
7305
7307
7306
7308
7310
7318
7414
7849
8636
9652
9817
9637
8887
7823
6974
6043
6036
6026
6032
6023
6024
6025
6029
6030
6031
6027
6028
6022
6037
6040
6466
7224
8163
8488
4502
9609
8069
8309
8310
9524
9683
9233
8311
7780
7590
7581
7575
7574
7573
7576
7577
7586
7612
7954
8490
9519
9779
9489
8666
7598
6758
6114
6107
6102
6103
6104
6108
6111
6484
7178
7990
8176
9467
9466
7294
9491
6347
8174
7825
4088
3366
3385
6643
6064
7528
3501
7643
4235
7587
9745
9871
9784
9217
8155
7562
7526
7524
7503
7505
7506
7509
7511
7490
7489
7501
7522
7514
7504
7507
7508
7510
7512
7513
7515
7516
7517
7518
7519
7502
7520
7521
7491
7494
7495
7493
7500
7498
7497
7496
7492
7499
7523
7525
7557
7667
8553
9575
9839
9894
9815
9570
8379
7432
6749
6736
6732
6731
6718
6729
6711
6728
6723
6706
6705
6704
6717
6716
6702
6715
6726
6720
6722
6721
6727
6719
6725
6733
6701
6712
6708
6713
6730
6703
6707
6709
6724
6710
6714
6734
6735
6740
6743
7418
8131
9210
9566
8763
8896
5996
5484
5997
2790
8804
5541
7359
5423
6002
5422
7877
4622
4489
4621
7291
4345
8265
5053
5051
5052
5050
6336
9348
8370
9545
9013
9448
9363
8852
8717
8224
2707
4113
5016
4191
8220
3766
6744
7111
8481
7805
7540
6750
8154
8683
8889
7150
9470
8534
8872
8399
8772
7615
8246
8711
3752
4045
5562
8668
5916
4120
9427
9414
5563
9413
9426
7648
7709
7694
9398
9425
1837
5495
3625
3917
663
525
529
2301
531
574
572
569
565
564
562
545
544
2279
543
2285
542
2284
636
668
683
669
670
671
677
667
676
675
674
673
672
678
679
680
681
682
685
684
696
695
694
693
692
690
689
691
687
686
2292
697
688
610
650
651
652
654
655
2295
657
662
634
635
637
641
2281
645
595
629
594
557
2289
546
547
549
556
550
551
552
553
554
2278
555
541
548
540
530
2291
524
538
532
533
534
535
536
2293
537
539
558
575
578
581
2297
583
585
592
665
588
589
590
577
2300
576
566
567
568
573
493
571
570
666
563
561
560
584
591
587
586
582
580
579
559
528
527
526
644
2280
643
642
640
646
639
633
632
638
648
656
649
661
660
659
658
2294
664
653
631
647
630
611
609
608
607
606
605
604
603
601
600
599
598
2282
597
522
596
602
2283
612
2288
620
613
627
626
625
624
623
622
628
621
619
618
617
616
615
614
523
593
521
2299
495
485
488
480
490
489
2296
481
492
483
484
491
487
486
482
520
494
2298
519
518
517
2290
516
515
514
513
512
511
510
509
2286
508
2287
507
506
505
504
503
502
501
500
499
498
497
6682
6681
6683
496
8071
4609
3025
3023
3022
3024
3787
3788
829
826
825
824
823
827
821
820
776
770
717
718
719
720
721
722
723
715
725
726
727
728
729
712
698
699
700
701
702
713
705
706
707
708
704
709
710
777
711
714
703
724
761
762
763
764
765
766
768
769
771
772
754
749
753
752
751
750
748
747
746
744
743
742
741
740
739
738
745
755
756
757
774
773
736
767
760
759
758
737
775
735
734
716
733
732
731
730
788
3909
778
813
814
811
815
816
817
818
819
828
830
812
822
810
793
779
780
781
782
783
784
785
786
787
789
790
791
792
794
809
795
796
797
798
799
800
801
802
803
804
805
806
807
808
2529
2528
8001
3006
2101
1838
1839
2100
1836
1831
1834
1835
1828
3918
1833
1829
1830
1832
2792
4570
2420
2422
2421
3924
2836
3323
3546
7558
8765
8800
9026
3392
3614
2959
5806
9585
2969
3694
4197
8901
8786
8330
8741
8230
6739
3443
8151
3685
8774
8796
8790
8794
8792
8795
8791
8793
8789
3082
7324
3720
4022
4219
8060
8578
8565
8566
9373
8579
8059
6009
3914
8208
9810
9802
9034
8107
6559
5896
5780
5777
5776
5774
5772
5771
5770
5769
5767
5766
5765
5775
5768
5773
5778
5763
5764
5756
5720
4698
9692
9447
9769
9739
9758
8899
8056
6404
5827
5754
5748
5746
5745
5742
5739
5743
5744
5740
5737
5738
5735
5736
5741
5747
5733
5734
5727
5715
4678
9653
9424
9799
9281
8179
6530
5805
5703
5701
5690
5693
5696
5687
5685
5686
5688
5694
5695
5691
5699
5697
5684
5698
5692
5689
5702
5681
5683
5676
5661
4648
9747
9477
9628
8561
7811
7201
7068
6979
6973
6956
6757
5602
9412
9085
5534
3872
7369
5193
9740
9873
9785
9218
8140
7449
7410
7407
7399
7384
7385
7386
7387
7390
7397
7391
7392
7394
7395
7380
7379
7396
7393
7388
7383
7398
7403
7400
7402
7405
7404
7401
7382
7389
7378
7373
7371
7372
7381
7375
7376
7377
7374
7406
7408
7441
7616
8535
9571
9838
9895
9818
9576
8390
7409
6636
6623
6591
6586
6589
6590
6587
6585
6588
6617
6616
6615
6613
6594
6603
6612
6604
6606
6611
6598
6597
6602
6620
6619
6610
6608
6607
6605
6601
6596
6595
6618
6592
6609
6593
6614
6600
6599
6625
6634
7362
8123
9209
9565
3409
4029
7653
3728
3021
470
469
464
3979
9316
8017
9303
8028
8022
9415
9310
6583
9309
4524
6584
5894
9355
9399
6067
423
420
419
418
367
9193
