9914
9446
9445
9441
218
448
485
7321
5415
447
480
5941
5942
5939
5940
7319
449
484
7322
5750
7640
9416
6083
874
1654
1645
6667
451
483
465
466
1680
470
7320
469
8415
380
403
450
481
5815
7976
7318
7975
5816
5957
7974
452
482
5172
5171
7317
453
479
5588
7969
8406
8346
7316
9233
5092
3635
5091
9246
1777
3180
7763
8539
8540
8541
8535
8525
8511
980
475
1269
8510
8518
8522
8512
8537
8536
1230
539
1503
7764
8533
8532
8531
8530
729
1606
233
529
7765
8529
8542
8524
8523
8521
8513
8520
8515
8514
8527
6899
8543
8508
8507
8506
8509
6845
2564
541
1352
1351
5196
2328
3336
7761
8545
8519
8516
4824
6789
8050
2705
1607
6972
6971
6970
6973
6969
5366
5371
5368
5369
5372
5370
5367
5578
3224
7661
6149
3607
2348
5043
5104
4139
6148
978
6531
5350
5338
5339
6109
6108
5344
6752
5498
5605
6751
6750
7677
7676
7671
7675
7672
7680
7674
7673
7584
7583
6160
6161
7787
7789
7788
7786
7781
7775
7784
7783
7782
7790
7780
7778
7777
7776
7779
7601
7600
7605
7602
7606
7607
7599
6325
5365
7678
7679
7582
7585
7785
831
7603
7604
5721
6322
6324
6323
6530
1758
5419
3871
9457
9552
5130
3739
4854
5577
6529
6491
6243
540
2342
1712
8517
8538
8534
8528
8544
8526
260
613
6290
8051
4825
6788
1160
2234
2235
7762
6692
6691
8052
4826
6787
6242
495
9509
8798
8797
8796
8795
6775
9504
8550
7336
8547
8546
8549
1045
9503
9502
9501
9500
9390
102
7963
2503
5416
6272
9519
8180
7172
5209
7171
9389
8197
7173
5210
7174
8181
8179
7026
8708
8703
7027
8715
8714
8713
5904
8712
8711
8710
8709
7759
8707
8716
6798
8706
8705
8704
6680
8193
9274
8203
9273
8188
9272
8187
9271
8205
9270
8177
8682
5905
8783
8790
7025
8788
8787
5693
8789
8785
8784
7510
7964
7508
7509
5677
8782
8780
8786
8781
7094
727
8210
9269
7808
7626
7807
6726
7177
9298
8717
8013
8665
8680
8679
8667
8673
8674
8683
8663
8678
8677
8676
8675
8672
8671
8670
8669
8668
8681
5887
8664
8666
8191
7361
7364
7360
7363
7362
8198
7365
5328
8194
8186
7447
8799
7446
7443
7444
8800
8801
8802
8803
8804
8809
8806
8817
8816
8805
8815
8814
8813
8818
8811
8810
8812
7445
7431
8808
8807
8819
8195
9607
4722
5895
5873
5894
8579
3517
8571
8196
1237
829
828
830
1238
8574
1052
1051
8575
1053
8577
8581
8578
8570
8569
8568
1050
1048
1049
8576
8572
5920
3543
3544
8580
8573
9572
5738
6941
6282
6940
6939
3318
1071
8182
1069
1070
1072
8618
8633
8632
8631
8630
1074
1073
8629
8628
8627
1075
8619
8626
8625
8624
8623
8622
2600
2599
391
8621
5947
8620
5956
3575
3574
8634
8635
6281
5717
6911
6235
6912
6913
3296
1033
8202
1037
8505
1036
1034
1035
8498
8494
8485
8504
1038
1039
8503
8502
8496
7491
5821
8500
8499
8493
8492
8497
8495
8491
8490
2586
2585
387
8489
8488
5898
3519
3520
8487
8486
9601
8178
9600
9599
9598
9597
9605
9596
9594
9593
9592
9591
9590
9588
9587
7791
8347
8354
8348
9712
9711
8349
8350
8351
8352
8353
5726
9707
9715
9706
9702
9699
9697
9705
9727
9718
9736
8398
9735
8401
9734
5814
9733
8396
9732
5818
9729
8403
9737
8397
8501
8400
9728
9726
8071
8070
8069
8068
1319
5706
6403
6690
6096
5245
7435
5354
7432
7434
7433
6404
5137
3840
5586
5497
6237
6694
6236
6693
3600
7324
3848
7719
7720
3110
7745
7744
7742
7743
7746
7748
7747
7753
7749
7757
7756
559
6234
560
2880
7755
7754
2357
7758
7752
7751
7750
8192
3247
6786
6785
6784
7598
7938
7937
7939
5613
8183
8662
8646
8656
8647
8648
8649
8650
8661
8655
8657
8658
8659
8645
6776
8652
8660
8654
8653
8651
9724
9723
7323
7723
7722
7721
7382
9722
8204
9719
8209
8161
3743
8162
7416
8163
8184
9696
406
8301
8300
8299
8298
8297
9695
9672
8199
6818
6819
9670
8206
7381
8207
9668
6938
9667
9666
9665
9664
9663
9671
8208
9662
7380
9660
3164
4892
7313
5090
7314
7315
7312
9659
8189
9658
8190
8200
8047
5691
8042
7422
7681
5707
8041
8040
8046
6988
8043
7421
8044
8185
7254
5505
6497
7448
5581
7769
7770
7772
6919
6206
7771
5582
7773
8176
8045
7472
7473
7470
7469
6357
6534
7471
7119
5478
7021
6533
9656
6110
6015
3816
7953
9654
7627
5480
3504
9661
1552
9683
9674
5910
9692
9691
9690
9689
9688
9687
6828
7801
7733
797
9693
3189
5479
8335
535
6504
6505
6506
6507
6508
5429
6509
6514
6512
8321
6513
604
6516
6517
6519
6521
6522
6520
8329
6518
6515
6511
4347
6503
8338
8336
8327
8323
8322
8333
5591
8328
5242
8330
7492
6827
5243
7493
6224
7007
8326
8340
9682
8339
8334
8331
6179
8337
8324
6510
8332
8325
6363
8342
8341
5321
9677
5413
5592
7948
2876
7093
6901
8119
8117
8120
8824
6344
8844
8559
8849
8829
8825
8823
8560
8586
9857
7438
7730
8822
8821
5763
8718
9897
7843
6812
8616
8605
6874
8592
8594
8820
7731
6343
7468
5379
7913
7928
8826
7663
9891
8827
6900
5470
9885
8601
3460
8850
8851
8567
8606
8116
6364
8855
6105
8262
6222
5968
9371
8852
8593
7741
8853
8854
8590
7176
9376
782
8861
8296
6968
8599
9387
6218
7175
8856
8556
8294
7802
7793
8130
7425
8053
8589
9381
8857
7935
9383
7499
9384
8597
8595
8858
7962
7110
8614
9386
8859
7558
8598
8860
8862
8242
8600
8602
6397
6876
6844
8165
6875
8847
8561
8848
8845
6227
6790
8836
8565
8610
8408
8611
8407
8612
8409
6477
8613
5262
8562
8615
8830
7019
728
7465
8831
6201
8558
8603
8617
9352
8832
9354
8833
7023
7231
8834
8604
8166
8557
8828
6413
8555
8164
9358
5802
6792
8055
8564
7705
7841
8835
7842
8566
7310
8404
8837
8846
3261
607
6025
6340
9362
8838
8118
9364
8295
7338
7951
8839
8840
6948
7533
8841
6753
6898
8563
4406
9234
7957
3447
7063
7394
621
652
1590
1646
8644
1476
791
879
963
1041
1064
1079
1082
1086
1087
1088
1089
1083
1078
1063
1040
962
878
790
1475
9280
1517
822
922
995
1101
1117
1122
1127
1131
1132
1133
1134
1135
1136
1137
1138
1139
1140
1141
1142
1143
1144
1128
1123
1118
1102
996
923
823
1518
8121
6663
7960
4369
6826
5585
4599
6334
5797
7701
3290
6422
6162
6370
9486
6961
9478
6665
8061
6337
9485
6695
9487
6727
9496
7972
9488
7453
7333
7795
7971
9494
7406
9495
6749
9547
7970
7022
9557
7973
9532
9533
9539
9476
7454
8014
1493
800
892
973
1056
1094
1097
1099
1105
1106
1107
1108
1109
1110
1111
1100
1098
1095
1057
974
893
801
1494
6490
474
3783
6496
6523
6817
9427
7111
7505
7504
6532
7503
7500
9471
7501
7340
9472
7502
7057
7056
653
7506
9437
6369
6664
4386
7961
6238
6783
310
6158
7424
3868
6226
6220
4394
6873
6893
6852
2936
1650
4135
5741
5412
5701
2939
7956
9447
7065
5246
7955
9444
6181
6892
7732
8399
6493
4212
5850
4388
5381
2472
2604
6947
5951
2872
6389
3482
2955
2535
3197
6391
5863
7910
6890
5985
5864
6891
6888
5008
6887
6877
6886
6885
5414
6884
6883
6882
6878
6881
6880
6879
7098
7095
6113
7940
5618
6889
6974
5679
9452
7716
7311
7717
9443
8414
7230
8410
8132
8131
9440
7718
8168
9439
8167
7642
7100
7003
7981
8217
8218
8212
8216
8215
8213
8220
8219
890
8214
7980
5799
7979
7978
7643
5893
7205
7958
5481
7954
9438
1424
3751
1750
3162
1679
633
3319
7557
9436
9435
7952
5803
6165
1181
6280
9434
9442
7800
7806
7805
7804
7803
784
1182
5333
7715
7714
7713
7712
7711
7710
7709
6098
5490
544
421
1055
2367
3184
3421
3465
3467
3464
3419
3004
1754
609
301
748
1757
3546
4318
4683
4766
4757
4539
3935
3226
2915
6761
9470
3305
4177
5681
6760
9469
8554
9468
8552
9467
8551
9466
6903
6791
9474
5858
5857
5708
7097
7096
5590
7075
3730
6475
576
6476
9465
9463
3317
9462
8402
9461
8548
5765
9460
7383
7660
7659
9459
9458
7727
7658
7944
7728
7657
7726
7725
7729
7947
7945
7656
8863
45
83
222
799
2505
3422
3610
3695
3700
3716
3715
3714
3713
3712
3711
3710
3709
3708
3707
3706
3705
3704
3703
3702
3701
3699
3697
3693
3659
3636
3631
3627
5007
5625
7946
9456
7966
7967
7965
7941
6349
6348
6747
7943
9433
7968
9432
9431
9420
8211
7123
9407
9406
9405
9404
9403
9402
6084
9401
7122
9400
9399
5327
7423
9398
9397
6142
8596
9396
6904
6086
9395
9394
6905
9393
6088
9392
9391
9408
4367
7464
3854
9409
9410
9411
9429
9428
8405
7041
7475
7474
3392
4171
7476
7055
7054
7053
7477
5594
606
5035
5031
5032
5033
3223
5034
7740
7040
6087
9426
9425
9424
9423
9422
9430
8062
5698
8066
8063
8064
8065
8067
9421
7064
7959
5826
8483
8476
8477
8478
8479
8480
8481
8484
8475
8474
8473
8472
7936
8471
8482
9419
9418
6139
3729
6412
7036
7037
5185
5013
7038
7039
4822
1639
1655
7774
29
94
189
683
2336
3780
4415
4871
4890
4894
4895
4896
4897
4909
4898
4906
4905
4904
4900
4899
4902
4910
4908
4907
4903
4901
4891
4912
4869
4922
4865
4960
4860
6004
3195
9417
9415
33
100
209
715
2389
3800
4537
4924
4926
4929
4930
4931
4932
4934
4933
4936
4937
4935
4940
4939
4938
4941
4942
4943
4927
4945
4923
4958
4919
4993
4911
6010
9414
9413
9412
9453
395
1260
2886
5072
5687
5859
5959
5986
5988
5990
5992
5991
5993
5994
5989
5995
5987
5997
5996
5999
5984
6831
9475
3496
927
6394
9477
6164
1599
5009
5464
5465
5010
5466
6393
632
5844
5846
5843
5849
7794
5260
6836
5847
5841
3825
5840
7662
5842
5011
5848
5861
5845
9538
6395
2956
7907
8343
8344
9537
8345
5778
9536
9535
7035
9534
8377
7204
688
8376
7203
687
6486
9540
6700
9531
6701
9529
6702
9528
9527
6906
6907
9526
5889
7326
7325
6111
3728
6289
6288
9525
9524
7327
7330
7329
9523
7328
9522
8607
7240
9530
9542
7556
8843
9543
6026
8608
9561
9560
7239
9559
8582
1183
9558
1184
9556
9555
9554
9562
9553
6089
9551
9550
9549
9548
7238
4319
8017
6773
7909
8015
967
984
8023
968
985
8020
8019
8018
8022
8021
6774
8016
8024
8609
9546
9545
9544
9521
9541
9520
9497
248
1060
2354
2985
3212
3242
3251
3253
3250
3243
3211
2986
2353
1061
249
269
9493
9492
9491
9490
9489
315
1226
2403
2970
3185
3200
3201
3186
2971
2402
1227
314
338
5058
7906
6112
8241
899
898
1561
8239
6494
8240
1560
7507
38
69
203
741
2433
3412
3602
3633
3638
3657
3655
3656
3652
3654
3653
3651
3650
3649
3647
3648
3646
3645
3643
3644
3642
3640
3639
3641
3637
3634
3632
3628
3620
3619
3617
4994
9484
7844
9483
9482
9481
9480
3536
3535
1248
9479
1715
670
747
739
738
746
669
1714
654
5029
6362
5028
5076
2524
5077
6361
3759
1426
7949
7439
7441
7440
5476
7950
7463
6728
9498
6909
6908
7018
7478
8137
8122
8263
7183
8124
9508
9499
8125
8134
8123
8135
8136
6196
7242
6958
6959
6957
6859
8264
9517
8138
8149
427
8150
8151
8152
7707
7043
7706
8133
9516
9515
2318
6527
6526
6525
5795
3513
3020
5488
6528
7829
6843
6842
6241
6333
9514
9513
641
5342
5340
5341
642
789
640
5158
643
644
6492
5728
5869
7840
7838
7831
7832
7833
7834
7835
7830
7836
7837
7839
3779
2965
2966
5357
5355
813
5356
5866
5637
5865
346
5638
5639
5870
5871
6380
5152
4278
6381
5868
5867
5872
3844
6978
6979
6983
6980
6981
6982
6985
3878
7942
6984
5148
5636
2280
8054
5323
9512
9511
396
9510
1250
3348
3349
3347
9518
8842
7905
9507
9506
9505
4664
5472
6706
6704
6707
6705
2345
3934
5468
5467
7654
7648
8155
8153
8159
8154
8156
8157
8158
8160
7649
7641
5888
7664
6822
7650
7651
7652
8728
8721
8722
8723
6481
8720
8724
8725
5740
7708
8726
8261
5860
6193
9344
8727
8731
8732
8733
8730
8729
8736
8734
8735
7977
7080
5364
7653
8719
9266
9265
9264
9263
6091
9262
6090
9261
9260
9259
9267
6910
9279
5427
9289
5238
858
857
856
852
851
848
855
849
850
859
860
853
854
8591
9297
7645
7628
7629
7646
6666
7631
7647
7630
7644
3857
1567
5747
5783
5781
4613
9296
5782
5885
5780
9295
4407
9294
6902
9293
8693
8685
8684
8686
8687
8688
8689
8690
8691
8692
5899
8694
8699
8700
8701
8702
4724
8698
8697
8696
8695
9229
9228
9227
7796
9226
8553
9225
8201
9224
8587
9223
7799
9222
9221
9220
9219
9218
9217
9216
3233
172
384
3234
1575
2572
2570
1540
5884
2571
3235
3232
2912
629
3231
9235
9236
625
7798
7797
7908
9254
5587
7143
7145
7144
9253
9252
5329
9251
9250
9249
9248
8588
7417
6495
9247
9255
1185
9244
9243
22
3820
8791
8794
8793
8792
6116
8431
8430
3764
9238
8432
7555
7553
7554
8428
8429
5886
6009
2914
4847
9237
9278
1793
1794
5189
0
1767
174
3448
743
4324
2513
5039
5038
7191
7190
5069
4385
5068
7189
7192
7193
4323
2514
5041
5040
7184
7185
5067
4384
5066
7186
7187
7188
5900
949
8416
6854
988
986
8421
6997
5409
6855
8419
7000
4142
6999
6359
6360
6991
548
435
1190
5851
5078
2549
6993
4143
5425
185
6992
4144
7767
5500
4128
3259
2593
7768
6998
7766
6402
1631
645
7002
6996
2279
1438
7001
6994
992
8417
5426
4627
4628
989
6327
991
990
987
8420
8418
5617
3402
8273
8268
298
299
8274
8271
8277
631
1610
8283
957
956
8282
6524
958
961
8278
8276
8272
8269
8266
8270
8285
8265
8267
582
583
527
960
959
8275
8284
1234
1235
661
8279
8280
8281
5616
2860
7539
7541
7542
7544
7545
7546
7538
7549
5261
7537
7540
7543
7547
7548
7550
7552
1322
7551
6166
5614
3403
7571
7573
7568
7579
7578
7576
7580
6468
7575
7574
7572
7570
7569
84
7577
6428
3586
7108
7107
7106
7109
7104
7105
5184
7103
7102
7101
6429
3790
7070
7072
7073
7074
7071
7069
7068
5946
1161
4765
942
193
1801
1306
1318
1316
1312
1264
1802
1298
1313
1315
1307
1297
1265
943
8258
8260
7010
7017
5597
6975
8259
7014
4208
7015
417
1164
5777
5059
2478
7011
4209
5408
194
7013
4210
4211
147
3851
940
1253
1359
1425
1431
1439
1440
1443
1444
1442
1445
1437
1441
1430
1428
1382
2356
5406
945
944
6824
6823
259
320
7016
7012
7009
946
5407
4397
4396
947
5322
1574
1538
1584
948
8257
6150
5615
3401
5162
2508
6248
6250
6247
6249
5163
2471
6385
6384
6386
6382
6383
1630
1251
6995
2240
5836
575
6298
6297
6300
6299
6301
6302
6314
6313
6312
6311
6310
6309
6296
6303
6304
6305
6306
4150
6307
6308
6430
6956
6951
6955
6954
6953
6432
6952
5065
6436
2976
7113
7995
7112
7116
7115
5593
7996
4606
7999
4607
8000
104
211
445
1563
3167
3931
4391
4611
4620
4609
4625
4604
4633
4602
5837
7985
89
170
370
1343
2941
3886
4413
4667
4669
4676
4670
4678
4665
4688
4660
4725
4652
5891
7986
54
133
281
1165
2649
3845
4528
4778
4784
4790
4791
4792
4793
4795
4794
4785
4809
4770
4817
4767
4848
4762
5952
7984
78
154
336
1267
2905
3867
4412
4692
4684
4718
4680
4760
4673
5902
5908
4641
4815
4642
5907
7988
30
99
207
713
2386
3795
4527
4868
4872
4874
4875
4877
4885
4879
4876
4884
4883
4882
4881
4880
4888
4878
4886
4887
4873
4889
4867
4920
4861
4946
4859
6003
7991
79
157
344
1288
2920
3880
4419
4690
4696
4704
4705
4697
4708
4686
4719
4681
4759
4674
5901
7997
55
134
282
1166
2650
3846
4529
4779
4786
4796
4797
4798
4800
4801
4799
4787
4810
4771
4818
4768
4849
4763
5953
7990
60
138
294
1196
2859
3850
4378
4596
4245
3812
3001
3811
4251
4598
4632
4714
4758
4729
4816
4723
5944
7993
48
116
264
975
2577
3836
4531
4823
4828
4833
4835
4832
4834
4836
4830
4831
4829
4827
4837
4821
4845
4814
4857
4808
5981
7983
90
171
371
1344
2942
3887
4414
4668
4671
4677
4672
4679
4666
4689
4661
4726
4653
5892
7989
56
135
283
1167
2651
3847
4530
4780
4788
4802
4803
4805
4804
4806
4807
4789
4811
4772
4819
4769
4850
4764
5954
7992
73
150
325
1239
2882
3865
4524
4716
4730
4736
4737
4738
4731
4746
4712
4753
4701
4773
4694
5911
7994
80
158
345
1289
2921
3881
4420
4691
4698
4706
4707
4699
4709
4687
4720
4682
4761
4675
5903
8001
74
151
326
1240
2883
3866
4525
4717
4733
4740
4739
4741
4732
4747
4713
4754
4702
4774
4695
5912
7998
105
212
446
1564
3168
3932
4392
4612
4621
4610
4626
4605
4634
4603
5838
7704
7114
7008
7987
7982
8002
6438
7792
5757
5334
6114
6336
6115
8256
3427
8253
257
6437
1210
768
767
766
1211
8243
932
931
8244
930
8245
8246
8247
8254
8249
8248
928
929
933
8250
8255
5785
3454
3453
8251
8252
4640
9379
1640
5730
6417
6266
6418
6419
2927
6211
6699
6698
6431
817
816
815
7623
7622
7621
7624
7620
6677
819
818
7617
7614
6678
7619
820
7609
7608
7610
7611
7612
7613
2394
2393
347
7615
5486
7616
5564
3219
3220
7618
7625
4404
7024
3192
5998
6834
6489
6835
6833
3166
6396
6820
6821
6426
889
8087
886
884
885
8090
8086
8085
8084
4595
6777
888
887
8083
8082
6778
8088
7178
5696
8079
8076
8078
8072
8073
8074
8075
8077
2490
2491
365
8081
8089
5727
3408
3407
8080
8091
4594
9373
3345
115
2372
1487
1485
1486
1483
1484
1481
1489
1472
1479
1457
1422
1454
1421
2371
1455
1456
1480
1473
1490
1482
1488
164
2332
1415
1400
1407
1388
1384
1348
2331
1347
1385
1389
1408
1399
1416
1411
1412
120
2365
1464
1466
1467
1465
1462
1469
1458
1460
1453
1448
1403
1404
2366
1447
1452
1461
1459
1470
1463
1468
186
2312
1373
1360
1356
1329
2313
1330
1355
1361
1372
1368
1377
1376
1369
266
1790
1791
1259
1284
1294
1303
1304
1295
1285
1258
226
2282
1331
1309
2283
1308
1332
1336
1341
1339
1340
1342
1335
165
2334
1418
1402
1410
1391
1387
1350
2333
1349
1386
1390
1409
1401
1417
1413
1414
97
2392
1521
1528
1525
1530
1531
1532
1523
1529
1524
1526
1449
1527
1514
1534
1510
1516
1505
1501
1450
2391
1502
1504
1515
1509
1533
1513
1522
265
1786
1788
1257
1283
1290
1299
1300
1291
1281
1256
375
1723
1199
1215
1208
1214
1200
1724
267
1787
1789
1255
1280
1292
1301
1302
1293
1282
1254
7028
187
2314
1374
1362
1358
1328
2315
1327
1357
1363
1375
1371
1378
1379
1370
6027
7250
7249
7251
3494
7029
5744
5633
5632
5363
7252
7253
7247
7248
1594
1173
9563
9828
9890
9889
9888
9887
9886
6279
3733
7006
4136
6867
7004
4137
6283
5362
2658
6284
7005
4138
6285
5247
2588
6286
7309
1423
6287
7307
3929
5825
5823
5824
1742
685
4597
4914
4916
4915
4917
295
6757
6754
6758
3774
5016
7436
5644
4381
3292
6338
6339
6871
5042
578
510
6870
6869
6756
7826
7825
7824
7810
7823
7822
6321
7821
7820
7819
7818
7817
7814
7815
7827
7813
7812
7809
7811
7816
7828
5017
3534
2398
3770
7437
3606
4149
5800
5784
3805
5719
5044
2974
6755
6092
3740
7334
7335
1620
7220
68
144
319
1217
2868
3856
4417
4721
4734
4745
4744
4743
4742
4735
4748
4715
4756
4703
4775
4693
5909
7221
114
240
505
1628
3218
3933
4371
4533
4566
4534
4592
4532
5806
7219
1193
2582
3823
5324
5627
5716
5734
5731
6425
7535
7534
7222
7215
7214
7213
1275
2865
3874
5331
5611
5704
5711
6401
7208
1274
2866
3873
5332
5609
5702
5710
6399
7218
1276
2867
3875
5330
5610
5703
5709
6400
7216
7207
496
1551
3181
5146
5683
5809
5856
5874
5877
5878
5876
5879
5875
5882
5880
5883
5862
6748
436
9880
4405
437
557
7536
7206
7217
574
1666
3406
5190
5686
5796
5820
5827
5830
5828
5832
5831
5835
5822
6681
518
7209
7210
7211
7212
6443
6439
3505
6221
6408
6407
6406
5619
6922
8147
6921
8146
8145
8148
8143
8142
8141
8140
8139
6920
897
896
8144
5036
9910
5241
8223
8224
4650
8232
4651
8226
191
566
1670
3870
5471
5855
6002
6028
6031
6051
6052
6053
6055
6054
6049
6041
6042
6050
6043
6044
6045
6046
6047
6048
6038
6039
6040
6033
6037
6034
6032
6035
6036
6030
6056
6029
6062
6061
6067
6023
6857
8236
4647
8227
4648
8228
4646
8229
394
1245
2881
5064
5682
5852
5945
5969
5972
5976
5977
5974
5975
5973
5971
5978
5970
5980
5979
5982
5958
6825
8230
498
1555
3191
5151
5697
5829
5896
5913
5916
5918
5917
5919
5915
5938
5921
5943
5906
6793
8231
4649
8234
4644
8233
4645
8238
6446
8237
8221
8235
8222
8225
5566
5565
5570
5569
4636
5567
5568
8362
6278
3788
2656
5149
6093
6205
6204
5353
5351
1693
5352
3833
6203
3469
2373
6330
6329
6331
6332
6328
6441
3793
9901
5106
7419
239
7418
6856
7420
3884
7121
181
7458
7457
5499
7456
4153
5684
7120
3393
6183
6146
6147
5259
6433
702
4728
1593
5045
6013
5252
6498
6014
6011
6012
6277
3789
7051
7050
7049
671
7048
7044
7052
7046
7047
7045
3792
1702
1492
5493
5494
5495
5496
5491
5492
4727
2438
1669
3741
77
53
847
261
844
846
845
3456
6434
3794
6366
6368
6367
1446
6435
3389
7229
5222
7228
7058
6398
5256
7227
7226
7225
6320
7224
7059
7223
6440
1270
3463
2321
1192
3475
5791
5792
5794
6392
1568
1333
803
1664
5793
3474
5790
6427
3518
6847
6849
8391
8395
8394
8382
8383
8389
8380
6848
8381
8379
8378
8393
8384
8385
8386
8387
8388
8392
8390
5251
7277
6846
4327
6099
7283
7278
7280
6192
6219
7426
7429
7428
7427
7282
7279
7281
8286
2322
1323
489
3204
419
9573
9584
567
208
376
1769
1537
4619
9628
1232
9708
356
280
2476
9717
1186
9730
9655
145
9653
5018
9673
9685
9681
9680
9679
7559
7562
7560
7561
7567
7564
7565
7566
7563
7430
5147
8364
8371
8361
8373
8358
6137
8375
8357
8372
8366
8356
8360
8370
8367
8359
8374
8368
8369
8365
8363
8012
8009
8008
8005
8011
8003
8010
8004
6135
8006
8007
7395
6134
7398
7400
7399
7397
7396
7670
7668
7669
7667
7666
6133
7665
8169
8170
8171
8172
8175
6405
8174
8173
8288
8289
8290
6960
8291
8292
8287
8293
6445
7498
1732
2944
386
5318
7932
9678
7466
3601
6182
7933
7934
556
1419
6202
7256
533
6448
6450
6451
6452
6453
5635
464
6455
6447
6449
7257
1691
5095
3444
3443
610
6454
6456
6462
6457
6458
6459
7258
3572
569
570
571
572
6461
6464
4320
6460
7259
7273
7275
7276
7260
7255
1496
7272
5155
7261
7332
6444
5154
7331
6094
6294
7274
7271
4217
2919
7270
7269
7268
2341
7267
7266
6463
7265
7264
6069
7263
7262
271
6136
9676
1695
1498
1768
231
6832
3629
3163
4383
5621
5620
4382
5622
7870
4543
501
7878
3747
5748
7880
4544
7893
4542
5070
3000
7892
4246
2519
1665
1741
1249
7891
3801
7890
4545
3227
1616
2646
5789
1364
6358
6411
7352
4305
2258
7353
4306
7346
4307
7889
3630
9675
994
308
812
6267
3302
7895
4546
6144
3571
7865
4370
3516
9215
7349
220
7881
4547
7883
4247
7345
4308
5623
3398
2605
9826
7884
4552
1345
630
5085
5087
5086
415
2236
1381
1577
1054
7894
4548
7342
4309
5689
3387
7879
4551
7867
4550
7341
2933
1738
549
7885
4549
6711
1279
4535
2946
806
4152
519
241
7871
3306
5914
7581
3175
7467
3777
5140
5138
5139
6976
6977
6214
3749
5153
1659
7042
7511
5088
7512
6143
1722
993
1512
5181
5211
1756
3473
1367
1745
6168
7513
7514
2575
1236
7887
4557
216
2401
1644
3063
2330
7351
4311
7344
4310
7882
1429
3738
5432
3315
7888
3061
7354
7896
4558
7866
3413
7348
7350
981
2273
1775
473
2274
7868
4249
6229
6228
7877
4559
7898
4562
2387
1433
1427
7869
4250
7347
2908
7343
2907
4963
2911
3981
5983
6466
6467
1221
722
7357
7872
1733
490
5503
7873
4564
1383
877
543
3430
2412
7874
4133
7875
1662
5128
7876
7355
2317
4248
7886
4563
2511
1591
3514
2563
821
2996
3457
2435
1613
5685
5890
7897
4560
2374
646
5739
2885
7902
4561
7899
440
322
1615
2337
1647
781
1556
1572
954
955
476
636
273
3400
1812
217
634
1728
3831
5224
5572
5626
5655
5656
5664
5658
5663
5662
5661
5660
5672
5659
5671
5665
5673
5666
5670
5669
5667
5668
5657
5675
5654
5676
5674
5680
5643
6345
7903
5624
3397
6212
4554
6712
2864
1761
7904
4555
7901
4556
5105
2320
3828
6145
506
379
1126
684
7900
4553
2977
3206
1751
1635
434
9684
1770
242
6409
1703
521
516
1252
1392
8643
1478
793
881
964
1042
1066
1080
1085
1091
1090
1092
1093
1084
1081
1065
1043
965
880
792
1477
9686
1519
824
924
997
1103
1119
1124
1129
1146
1145
1147
1149
1150
1148
1151
1152
1153
1154
1155
1157
1156
1158
1130
1125
1120
1104
998
925
825
1520
7232
895
1773
276
2512
555
153
1242
463
5773
5774
5772
5771
5770
5769
5768
5767
5766
2385
161
1795
561
1707
1266
2648
1627
2361
1207
1618
1203
2400
1562
3843
1668
5176
2968
6378
3466
1681
5174
2967
3826
2477
2887
1683
5175
3446
2306
5177
2969
5202
2958
5203
2959
5201
2960
6379
3213
1287
720
758
774
809
827
833
835
843
842
840
841
839
838
837
834
832
826
808
773
757
719
1286
7339
804
14
287
337
9657
873
377
764
388
4197
4198
5231
4199
4200
1780
4201
3802
2507
4202
5833
5834
514
4203
2597
577
169
1660
1766
648
503
3
1499
3582
608
3510
3429
705
2260
2256
2979
198
243
1162
762
1241
2520
443
1760
1535
4418
937
1765
1536
1779
2259
3813
2439
3752
639
2506
626
1617
274
197
2299
2923
405
3452
467
525
542
477
3503
1311
6223
2272
2566
1310
2265
2261
796
2266
2268
2267
2263
1696
2257
2270
2271
2262
2269
2264
2254
5217
5218
1547
6019
2875
2255
4870
1202
3320
1622
5695
2384
9669
6217
1206
8056
6005
6006
1611
660
5325
3207
5326
1735
565
732
3817
7202
7195
7196
7197
7198
7194
7199
7200
730
7201
5253
3858
5255
5254
1736
420
1602
2918
1762
554
9716
1763
568
5811
5810
5813
5812
3173
811
761
538
1544
500
256
175
81
1062
3170
638
1764
588
426
1187
328
9720
5019
9721
5746
2434
7494
2963
6102
7495
6103
6502
6104
7496
7497
5216
5598
3742
522
1188
553
5752
3423
5753
49
51
235
1047
2475
2949
3018
3111
3113
3115
3118
3117
3119
3120
3121
3122
3123
3127
3126
3125
3124
3131
3128
3129
3130
3132
3134
3133
3136
3135
3140
3139
3138
3137
3142
3143
3141
3144
3145
3146
3147
3148
3152
3151
3150
3149
3155
3156
3153
3154
3158
3157
3159
3160
3116
3114
3112
3019
2950
2474
1046
236
50
5751
5754
58
61
252
1170
2500
2952
3013
3065
3067
3069
3108
3107
3106
3105
3104
3103
3101
3102
3097
3098
3099
3100
3096
3093
3095
3094
3090
3089
3091
3092
3088
3086
3087
3082
3083
3085
3084
3080
3081
3079
3076
3077
3078
3075
3074
3073
3072
3071
3070
3068
3066
3064
3012
2951
2499
1169
251
62
63
64
254
1180
2501
2948
3008
3024
3032
3037
3057
3058
3039
3049
3054
3060
3052
3051
3047
3044
3043
3041
3040
3038
3034
3029
3028
3025
3021
3010
3511
3512
3011
3022
3026
3027
3030
3033
3035
3055
3045
3042
3056
3053
3059
3050
3048
3046
3036
3031
3023
3007
2947
2502
1179
255
65
1115
1380
9725
213
188
468
1163
1585
1661
1689
1690
1685
1649
1471
700
245
221
564
1566
2981
3579
3765
3778
3769
3692
3262
2301
1582
1174
439
206
612
1636
3335
3853
4281
4345
4353
4355
4363
4364
4362
4359
4360
4361
4358
4356
4357
4354
4365
4352
4366
4350
4349
4344
5410
1175
759
416
1222
2411
3428
3771
3824
3834
3838
3839
3837
3835
3829
5160
7089
4179
1435
769
870
934
976
982
999
1001
1003
1004
1005
1006
1007
1008
1009
1010
1011
1012
1014
1013
1016
1015
1017
1018
1019
1021
1020
1022
1025
1024
1023
1026
1028
1031
1027
1032
1029
1030
1002
1000
983
977
935
871
770
1436
7090
4180
1353
751
794
865
882
901
904
906
914
911
908
909
910
915
912
917
913
918
916
919
907
905
902
883
866
795
752
1354
7091
1694
3236
6153
6157
6154
6155
6156
2995
1729
1658
864
2413
5807
5220
5219
1497
2937
364
2997
2869
1432
2998
5337
9698
511
9700
7308
9701
8427
2305
3979
1114
6805
6808
9703
9704
3842
5127
6807
7078
5124
5418
6804
5126
5125
5123
7077
7079
6806
2591
40
72
214
742
2360
3179
3342
3367
3369
3371
3372
3373
3374
3377
3375
3376
3378
3379
3380
3383
3381
3382
3386
3385
3384
3370
3368
3366
3362
3351
3350
3344
4282
5178
7076
4995
6944
5764
6946
6943
6022
5732
5733
6095
6021
5349
225
6945
5779
3303
552
385
4635
4147
3182
2928
1699
2929
785
5571
2930
1700
1704
2931
3183
1701
6487
2287
725
9709
9710
6371
1506
545
627
628
9713
9714
9652
1678
3334
1651
6071
5015
5961
5962
6070
5963
5014
5964
5965
5960
668
5502
517
9651
9650
7147
137
5634
3417
6858
2935
6066
6063
2565
3171
6064
6480
6479
6478
6065
733
167
1657
1337
6194
1656
5188
5187
5186
9589
140
3330
3325
3326
3329
3324
3327
3328
1233
250
2237
2238
2239
689
3930
363
362
5688
444
2926
3502
2335
5948
1748
6372
6326
3821
6861
5030
6865
6864
6860
6862
6863
775
786
366
101
7916
7917
7924
7919
7918
7920
7921
7927
7926
7923
7922
7925
4813
7915
7914
6276
3791
6351
1746
277
3784
5603
5194
5193
1112
861
5192
5191
778
5602
67
24
5589
91
88
263
673
1629
2340
2431
2440
2448
2450
2452
2466
2465
2451
2464
2463
2462
2461
2467
2459
2460
2458
2457
2456
2455
2454
2453
2449
2468
2447
2469
2444
2442
2436
3208
82
9602
3193
28
93
190
672
2286
3576
3939
4286
4287
4289
4290
4291
4292
4293
4295
4294
4296
4297
4299
4298
4301
4300
4302
4303
4288
4304
4285
4315
4283
4321
4280
5718
9603
5020
25
87
178
650
2281
3734
4258
4567
4568
4571
4570
4572
4574
4573
4576
4575
4579
4577
4578
4580
4583
4582
4581
4584
4585
4586
4569
4587
4565
4591
4540
4601
4538
5819
9604
5021
402
381
1539
2943
3786
3980
4154
4156
4159
4161
4164
4165
4166
4162
4163
4160
4167
4158
4170
4157
4169
4155
5170
7234
367
96
2863
863
2350
532
1246
3450
3449
2940
1420
5580
2861
159
3439
3433
3434
3432
1623
1244
1814
3436
3438
1542
3435
1642
1406
894
3440
1194
3437
2441
2862
5579
286
199
3745
3744
2606
3746
1721
1305
429
432
433
430
431
428
7233
551
321
3772
5714
5678
41
71
210
749
2426
3363
3515
3548
3550
3552
3554
3553
3555
3557
3556
3558
3559
3560
3561
3562
3563
3565
3564
3566
3568
3567
3569
3551
3549
3547
3545
3541
3540
3537
4781
4409
5949
5801
85
112
309
1218
2595
3391
3472
3484
3486
3488
3489
3490
3492
3493
3491
3487
3485
3483
3481
3480
3479
3478
4629
472
305
787
675
6082
6081
6080
6078
6077
6076
6074
6079
6075
788
674
1405
9586
2957
3451
4256
4257
1548
330
2706
2707
716
302
2378
1543
2379
921
513
3005
3309
3310
2370
3312
2369
3006
2368
3311
335
238
526
6745
6733
1792
4244
1720
6737
2925
3304
3462
4710
6744
970
6743
6853
5380
714
6742
4928
5469
6741
3879
5642
4213
5223
6746
6739
6850
6738
5348
2913
7369
5853
5361
6740
6736
7367
7366
7370
7368
5060
6851
6735
5061
6734
969
3468
491
9585
6175
6117
7359
6173
2359
1398
5629
5631
5628
5630
4589
6178
1273
2485
6169
6170
6172
6177
6174
2653
3109
5720
6171
6176
7356
205
9583
5024
9566
5025
9567
9568
247
1058
2352
2984
3209
3241
3248
3252
3249
3240
3210
2983
2351
1059
246
268
9569
5023
9570
5022
9571
316
1228
2404
2972
3187
3202
3203
3188
2973
2405
1229
317
339
735
334
109
635
1576
359
358
1263
504
4205
6213
3461
4206
1225
438
1637
35
66
192
704
2288
2993
3239
3267
3270
3287
3286
3289
3288
3279
3281
3278
3282
3285
3280
3284
3283
3276
3275
3271
3274
3273
3272
3277
3269
3268
3266
3263
3260
3256
3237
4141
6942
2994
9574
9575
3658
1737
2991
2992
862
2596
1579
579
664
658
659
665
580
1580
512
3501
6007
3500
4145
1708
7483
7484
7490
7486
7485
7487
7488
7489
4146
6008
497
5
1772
5214
5213
5215
1393
1771
5501
2953
7236
9576
6423
9577
6424
9578
2584
1571
6233
6232
7358
5648
7461
7703
6346
7462
9579
3404
4966
9580
5640
5221
2961
7460
5647
7459
5645
5646
6917
6914
3425
6918
6916
4866
5173
6915
6195
5735
6374
6375
6376
423
6697
6141
3767
6140
7442
8311
8310
8307
8315
8317
8306
8304
8302
8308
8316
8303
8305
8313
8314
8320
8318
8319
8309
8312
6246
7181
7180
6673
7911
7702
7182
5431
2568
4400
9581
9582
9595
9606
7375
7379
7376
7378
7374
7373
7372
7371
343
7377
6317
5200
7179
6318
6319
7912
6987
6356
6986
5373
1223
296
1044
2529
2526
2528
1663
760
1176
1565
2527
1268
5075
5074
3768
5805
3225
9608
9631
4314
293
3735
3736
6060
6059
6058
6057
3737
6198
6199
6200
292
382
291
3172
290
289
1774
103
2547
6763
6769
6766
6765
6764
6770
6772
6762
6771
6768
6767
1581
1545
3666
20
1739
3169
258
1553
2542
3863
2543
3677
3683
3686
3684
3685
3687
3689
3674
3672
3669
3671
3667
3663
3662
3661
3681
3680
3679
3675
3678
3682
3673
3660
3665
3676
3664
3668
3670
3688
119
3861
3862
2546
2541
9632
4402
1619
2419
9633
4401
2545
2544
2540
1243
311
2363
2903
2902
2888
2889
2890
2891
2892
1632
2900
2901
2893
2904
2899
2898
2897
2896
2895
27
2894
332
4657
4659
4658
3424
4655
4656
2362
478
3229
3228
3230
5320
312
5934
5937
5923
5924
5925
5926
5927
5928
5929
5930
5931
5102
5932
5936
5933
5922
4403
5935
5319
2364
3255
6020
724
5762
5759
5760
5758
5761
1641
3864
941
5183
649
9634
5026
3763
111
7237
1219
3216
3217
3215
6488
3062
1321
3333
3332
3732
3331
1558
460
2408
2407
2406
2409
149
106
971
972
2531
2530
6682
6689
6688
6685
6686
6687
6683
6684
2532
5430
1278
745
4590
374
7081
7085
3578
7086
7083
7082
7084
2214
1686
2534
1687
7525
7524
4374
7522
7532
6841
7516
4372
7515
4373
7517
3928
5258
6410
7530
6465
3497
3498
1744
5729
2982
2562
7526
7523
7521
7520
4375
7531
7527
7518
7528
4377
7519
4376
7455
2324
1633
2533
7529
9635
3892
7067
7020
5489
9636
9637
6085
5071
2523
9638
7235
5641
3265
4541
2657
1604
1178
9640
1324
594
589
590
5967
591
4925
592
6097
5966
593
595
601
596
597
598
599
600
3766
2432
6937
5421
5422
6936
5737
5423
6935
5424
6934
1314
272
2924
2990
2987
2569
1784
9649
2989
3365
2988
9641
1740
6482
418
2645
7693
7700
7689
7698
7699
7682
7697
7696
7687
7686
5485
7691
7685
7683
7684
7690
3841
7692
7694
7695
7688
2647
4395
1195
4862
2383
6016
6018
507
3614
6017
7092
6068
2410
780
136
9642
5027
5576
2245
2246
9643
9644
2247
1121
2327
2244
779
369
1675
107
324
1671
666
1396
718
488
5248
1395
1672
1673
1573
323
1674
2874
6184
121
5575
5037
5574
5435
4393
726
3415
4398
4399
6365
5232
9645
810
9646
9647
9648
9630
6350
2480
3760
9639
9629
9617
9609
776
4346
9610
9611
9612
9613
9614
9615
9616
9618
9627
9619
9620
9621
9622
9623
9624
9625
9626
9694
9738
9739
9740
9851
9852
9853
9854
9855
9856
9858
9860
9869
9861
9862
9863
9864
9865
9866
9867
9868
9850
9859
9849
9837
9829
9830
9831
9832
9833
9834
9835
9836
9838
9847
9839
9840
9841
9842
9843
9844
9845
9846
9848
9871
9892
9872
9895
9896
9898
9899
9900
9902
9904
9913
9905
9906
9907
9908
9909
9911
9912
9894
9903
9893
9881
9873
9874
9875
9876
9877
9878
9879
9882
9883
9884
9870
9827
9782
9763
9764
9765
9766
9767
9768
9769
9770
9772
9781
9773
9774
9775
9776
9777
9778
9779
9780
9762
9771
9761
9749
9741
9742
9743
9744
9745
9746
9747
9748
9750
9759
9751
9752
9753
9754
9755
9756
9757
9758
9760
9783
9804
9784
9807
9808
9809
9810
9811
9812
9813
9814
9816
9825
9817
9818
9819
9820
9821
9822
9823
9824
9806
9815
9805
9793
9785
9786
9787
9788
9789
9790
9791
9792
9794
9803
9795
9796
9797
9798
9799
9800
9801
9802
9565
9564
9388
9325
9326
9327
9328
9329
9330
9331
9332
9334
9343
9335
9336
9337
9338
9339
9340
9341
9342
9324
9333
9323
9311
9303
9304
9305
9306
9307
9308
9309
9310
9312
9321
9313
9314
9315
9316
9317
9318
9319
9320
9322
9345
9366
9346
9369
9370
9372
9374
9375
9378
9380
9382
9385
9368
9377
9367
9355
9347
9348
9349
9350
9351
9353
9356
9365
9357
9359
9360
9361
9363
9302
9301
9300
9239
9240
9241
9242
9230
9231
9232
9245
9256
9257
9258
9282
9283
9284
9285
9286
9287
9288
9290
9299
9291
9292
19
7655
6209
6207
2241
5157
6210
6208
5012
331
499
2980
2592
9268
9277
708
711
6872
6931
709
6388
6932
710
471
7088
6929
6923
6928
7735
7734
7738
7739
7736
6927
373
6926
6925
6930
7737
712
7087
6924
5129
2390
5056
3264
2560
1803
2191
1970
2188
1977
2173
1981
1986
1985
1984
1989
1988
1987
1995
1994
1993
1992
1991
1990
2000
1999
1998
1997
2003
1996
2004
2005
2001
2002
2008
2009
2011
2010
2007
2006
2015
2014
2013
2012
2018
2017
2016
2019
2020
2161
2176
2187
2202
2211
2232
2304
2309
2316
2338
2275
2300
2231
2210
2201
2186
2168
2162
2021
2025
2023
2024
2022
2026
2027
2028
2029
2030
2031
2032
2033
2034
2035
2039
2036
2041
2037
2038
2040
2044
2045
2046
2043
2042
2047
2051
2049
2050
2048
2054
2058
2053
2052
2060
2167
2178
2195
2204
2213
2242
2326
2277
2325
2243
2212
2203
2194
2179
2177
2181
2196
2205
2229
2294
2252
2293
2230
1806
2561
2559
1804
2192
1971
2189
1978
2174
1982
2055
2056
2057
2059
2065
2064
2063
2062
2061
2070
2068
2066
2067
2069
2074
2073
2071
2072
2081
2080
2079
2078
2077
2076
2075
2084
2083
2082
2085
2163
2169
2182
2197
2206
2226
2295
2250
2296
2225
2207
2198
2183
2170
2164
2086
2090
2088
2089
2087
2091
2092
2093
2094
2099
2098
2096
2095
2097
2100
2102
2103
2101
2104
2165
2171
2184
2200
2209
2227
2298
2251
2297
2228
2208
2199
2185
2172
2166
2105
2110
2109
2107
2111
2106
2108
2113
2114
2112
2116
2117
2118
2119
2115
2123
2120
2121
2125
2124
2122
2128
2126
2130
2129
2127
2134
2135
2132
2131
2133
2136
2137
2138
2141
2140
2139
2145
2144
2142
2143
2148
2150
2149
2147
2146
2156
2155
2151
2154
2152
2153
2160
2158
2157
2159
1983
2175
1979
2190
1972
2193
1805
2558
9
10
7
8
5055
3781
2556
1799
1956
1817
1963
1821
1952
1824
1936
1938
1922
1942
1921
1900
1911
1918
1916
1937
1940
1899
1930
1939
1941
1902
1904
1905
1907
1908
1913
1943
1906
1932
1929
1928
1920
1924
1933
1934
1919
1910
1912
1901
1903
1923
1931
1944
1917
1914
1935
1927
1925
1926
1867
1915
1893
1909
1892
1898
1872
1887
1886
1885
1884
1883
1881
1876
1866
1871
1870
1869
1879
1889
1894
1891
1897
1896
1895
1823
1950
1820
1962
1816
1955
1798
2553
2552
1785
2551
2554
1800
1957
1818
1967
1973
2219
2289
2249
2291
2218
1975
1965
1959
1949
1946
1882
1880
1875
1878
1877
1888
1874
1873
1868
1865
1864
1863
1890
1847
1846
1845
1844
1843
1842
1835
1840
1839
1838
1837
1836
1848
1831
1830
1827
1834
1825
1832
1833
1829
1828
1826
1841
1849
1862
1851
1861
1860
1850
1859
1857
1858
1856
1855
1854
1853
1852
1945
1953
1960
1966
1980
2223
2302
2308
2307
2303
2224
2180
1968
1976
2220
2292
2248
2290
2217
1974
1964
1958
1948
1947
1822
1951
1819
1961
1815
1954
1797
2555
5134
3787
16
18
17
15
5343
4207
5788
5786
5787
229
5881
1277
4982
4983
4984
4985
4986
4991
4988
4992
4989
4990
5374
2487
3308
2488
180
4987
4855
6576
6595
6596
6592
6587
6585
6584
6582
6589
6593
6591
6583
6577
6594
6597
6590
6598
156
6588
6581
6580
6579
6578
6586
6575
6536
6538
6542
6541
6540
6544
6539
6535
6543
6569
6568
6566
6565
6564
6563
6562
6561
6545
6558
6552
6550
6549
6547
6548
6551
6553
6554
6555
6556
6557
6559
6560
6567
6570
6571
6572
6573
6546
6574
6537
5118
5115
5114
2580
5108
5110
5111
5113
5116
5117
6138
1778
6485
6483
6484
7030
7031
7032
7033
7034
1717
202
117
342
401
372
131
398
3017
1692
3016
407
1366
3015
329
1676
230
5109
6159
173
5120
5121
4351
113
2329
1508
7292
7293
7294
7298
7284
7300
7586
7157
6416
7158
7587
7159
7588
7160
6415
7589
7162
7590
7163
7596
7166
7165
7591
7593
7161
6414
7156
7594
7154
7595
7288
7290
7302
7289
7286
7287
7291
7285
7301
7295
7296
7297
7299
6725
7384
7385
6722
7386
6724
7389
7390
7391
7387
7393
6723
7388
7170
6163
7169
7392
7168
6718
6720
7164
6719
7155
6721
7167
7592
7597
3355
3357
3361
5094
2428
2945
3360
3358
3354
3353
3352
3359
3356
6265
3238
6273
6167
5179
6275
13
6257
875
900
6122
5089
6125
6124
6131
6130
6129
6132
6127
6123
6126
6128
891
8453
8448
8462
8447
8455
8445
8440
8449
8450
8451
8452
8454
8456
8464
8457
8458
8459
8460
8461
8463
8446
8433
8434
8435
8436
8437
8444
8439
8438
8441
8442
8470
8469
8468
8467
8466
8465
8443
227
1612
637
765
737
903
723
2323
228
721
3869
6800
5808
6390
5212
7451
7449
7450
7452
4608
6732
6713
6729
5504
6469
6703
6730
6731
6421
6347
8411
8413
4623
4622
755
6107
5705
8057
8426
8425
8424
8058
8422
8059
6420
8423
7146
8584
8585
8583
8412
9275
8355
7760
8048
6373
1969
1204
1782
2536
4464
4463
4462
4461
4460
4459
4458
4457
4465
4456
4454
4453
4452
4451
4450
4449
4448
4467
4455
4466
4470
4471
4472
4469
4468
4447
4442
4423
4424
4425
4427
2492
4429
4436
2493
4444
4422
4443
4441
4440
4439
4438
4437
4435
4434
4433
4432
4431
4430
4428
3409
3471
4426
11
3470
4174
682
680
5073
681
677
4284
3775
3776
678
679
4445
4446
6245
5573
5084
3416
1172
1231
1171
686
2381
3782
3364
146
1213
836
3176
3177
3539
3538
6716
920
1067
5180
4588
6949
6185
2538
5082
2537
5081
5080
2425
1261
6501
6499
4841
4839
4838
4842
2870
4840
4218
3815
3806
1697
6500
1698
2855
657
1451
656
196
5228
3849
5360
4279
6271
6268
4843
7244
6269
5249
6270
7243
3852
5250
2557
5604
4685
7303
7304
7305
7306
3222
6190
6679
6989
5584
3577
383
6377
5473
5474
6244
5798
6990
7149
3196
7152
5229
7151
7150
7153
7148
2587
2424
6442
6187
5715
5700
1809
1807
1705
1810
1811
1198
162
1808
1511
5119
5208
587
1570
9276
4521
4520
4519
4516
4511
4508
4506
4507
4522
4482
4481
4503
4502
4474
4500
4494
4491
4485
4488
4493
4475
4504
4483
4497
4479
4523
4513
4518
4517
4515
4514
2496
4512
4505
2497
4476
4487
4480
4477
4486
4501
4499
4498
4495
4490
4473
4489
4492
4496
4484
3411
2429
3797
4478
12
3796
6950
392
368
5756
5755
1394
2934
2581
4631
4630
278
200
531
1624
2978
3495
3611
3696
3718
3720
3722
3726
3727
3725
3724
3723
3721
3719
3717
3694
3609
3499
2916
1365
306
143
400
1216
3003
4151
4812
4965
4996
4999
5000
5001
5002
5003
5004
5005
5006
4998
4997
4978
4893
4411
3773
2525
1684
5112
2660
6106
5484
5483
459
313
734
2253
3205
3508
3585
3613
3616
3618
3615
3612
3584
3509
3161
1677
493
232
585
1609
3420
4316
4844
4959
4979
4981
4980
4964
4918
4600
3876
2975
2517
3323
3322
215
492
3321
1747
5345
5346
6274
5101
872
5099
5596
5098
5097
1598
3458
3459
5595
3178
4421
617
620
4846
618
619
3859
3599
3598
616
615
21
4509
4510
5955
3583
6672
6671
6670
6188
6676
6674
6675
3832
3214
5420
6251
3882
7480
6709
5377
5743
4782
5742
4783
4168
3455
95
441
487
1201
2473
2495
2518
2215
2443
2422
3246
177
2489
2583
3431
1752
2498
2423
2539
2399
2481
2504
2430
1601
1638
1643
1603
1625
2349
262
5428
7407
5690
6710
5375
5745
6708
5376
6230
5198
6231
5199
7479
763
7481
5712
1271
4654
1317
2319
1743
1546
2344
1159
2962
2484
703
2278
458
584
1550
1096
1500
1320
1541
1077
341
1346
562
605
614
690
740
1220
2216
361
5404
4252
5950
5122
3343
5405
7482
5653
4615
6100
3414
1325
6816
6189
2486
1569
4972
4968
4969
4971
4973
4975
4976
4970
4967
4974
5378
2483
3307
2482
184
4977
4853
6617
6618
6619
6620
6621
6622
6623
6624
6625
6626
6627
6628
6629
6630
6631
6632
6615
155
6634
6635
6616
6636
6614
6600
6601
6602
6603
6613
6604
6605
6638
6608
6609
6611
6612
6599
6610
6607
6606
6633
6637
6648
6639
6656
6659
6658
6655
6652
6653
6650
6647
6646
6645
6644
6642
6641
6640
6654
6651
6643
6649
6660
6662
6661
6657
5649
4614
5897
4820
1495
771
952
950
951
1706
1626
5079
3799
3190
2521
1397
1296
6151
5133
953
486
7724
7066
4175
5358
4260
5359
5161
3807
1177
333
4172
6839
5239
5240
5083
6696
3405
5817
6252
2339
6253
979
5692
2603
8025
8026
8027
8028
8039
8029
8030
5062
5347
8031
8032
8033
8034
8035
8036
8037
5482
8038
3605
586
422
622
168
623
624
6118
5046
6254
5205
6255
5204
5583
3390
7245
6472
6471
6101
7246
5169
2954
4313
5167
5166
1813
5475
340
3441
5164
4410
5165
4312
750
4863
4219
3477
2222
2221
3476
4220
4864
6073
6072
3301
1718
1716
327
736
6215
2347
36
31
4
2662
2
26
166
667
1755
2576
2708
2715
2719
2720
2725
2721
2722
2723
2724
2728
2729
2726
2727
2736
2735
2733
2732
2734
2730
2731
2742
2741
2740
2739
2738
2748
2737
2743
2749
2744
2745
2746
2750
2747
2751
2753
2752
2756
2755
2762
2761
2754
2757
2758
2759
2770
2767
2772
2771
2769
2774
2717
2850
2712
2852
2709
2857
2703
3300
2702
2858
2710
2853
2713
2849
2716
2760
2766
2765
2764
2763
2768
2773
2775
2776
2782
2784
2777
2778
2779
2780
2781
2785
2783
2788
2786
2789
2787
2791
2796
2792
2794
2793
2797
2795
2790
2799
2798
2800
2804
2803
2802
2801
2805
2811
2806
2813
2808
2812
2810
2809
2817
2807
2818
2816
2815
2819
2814
2820
2822
2828
2829
2827
2824
2821
2826
2823
2830
2831
2825
2834
2836
2835
2832
2833
2841
2837
2839
2845
2840
2846
2838
2842
2843
2844
2847
2848
2718
2851
2714
2854
2711
2856
2701
3291
2659
2510
1614
425
92
6
1
23
110
508
1759
3573
3855
3991
3992
3996
3997
3998
3999
4000
4001
4002
4003
4004
4005
4007
4006
4009
4008
4010
4011
4012
4013
4014
4015
4016
4018
4017
4019
4020
4021
4022
4023
4024
4025
4027
4026
4028
4029
4030
4031
4032
4033
4034
4035
4036
4037
4038
4039
4040
4041
4042
3993
4122
3986
4125
3982
4130
3936
5234
5235
3937
4131
3983
4126
3987
4123
3994
4043
4044
4046
4045
4047
4049
4048
4050
4051
4053
4052
4056
4054
4055
4058
4057
4059
4060
4061
4062
4064
4063
4065
4066
4067
4068
4069
4070
4072
4071
4073
4074
4076
4075
4078
4077
4079
4081
4080
4083
4082
4084
4085
4086
4088
4089
4087
4090
4091
4092
4093
4094
4095
4096
4098
4097
4100
4099
4102
4101
4104
4103
4105
4106
4108
4107
4109
4110
4111
4113
4112
4114
4115
4116
4117
4118
4119
4121
4120
3995
4124
3988
4127
3984
4132
3938
5233
5159
3690
2358
706
183
98
122
2661
86
223
802
2964
5093
5433
5507
5509
5511
5513
5514
5516
5515
5517
5518
5519
5520
5522
5521
5523
5524
5526
5525
5528
5527
5529
5530
5531
5532
5533
5535
5534
5536
5537
5538
5539
5540
5541
5542
5543
5544
5546
5545
5547
5548
5549
5550
5551
5552
5553
5554
5555
5556
5557
5558
5559
5560
5561
5562
5512
5510
5508
5506
5434
5150
3002
707
142
37
139
424
1688
3755
5131
5230
5263
5266
5267
5268
5269
5270
5271
5272
5273
5274
5275
5277
5276
5278
5279
5281
5280
5283
5282
5285
5284
5286
5287
5288
5289
5290
5291
5292
5293
5294
5295
5297
5296
5298
5300
5299
5301
5302
5303
5304
5305
5307
5308
5306
5309
5310
5311
5312
5313
5314
5315
5316
5317
5265
5264
5244
5195
4593
3346
1549
754
127
129
1781
128
124
44
46
5455
5459
5453
5450
5399
5398
5397
5396
5447
5446
5445
5451
5444
4643
6024
2884
5391
5699
5387
6669
5395
5390
4348
4380
4379
5388
1224
8641
5392
3883
3814
5442
5436
5443
5452
5394
5385
2654
5382
5460
5386
5454
5462
5458
5457
5463
8640
8639
8638
5384
6225
3221
5383
6668
4322
8642
8637
3570
3731
5402
5401
5438
5440
5441
3756
5400
5403
5389
5393
5449
5437
5439
4856
5461
5448
3757
5456
125
8636
126
1113
4173
2346
182
509
515
2310
275
814
1559
2311
5136
1068
2652
3803
5135
253
7099
6895
6868
6896
6933
6759
6866
6894
6897
3314
4962
4944
4961
2395
4618
2437
2445
2446
7118
2877
349
1725
1726
1783
6191
8748
8749
8747
8750
8746
8745
8744
8751
8742
8741
8739
8737
8738
8773
8743
8752
8761
8754
8778
8777
8776
8775
8774
8779
8772
8740
8753
8770
8769
8768
8767
8766
8765
8764
8771
8763
8760
8759
8758
8757
8756
8755
8762
3608
354
3587
3604
6830
348
3338
3337
3596
3340
3294
3588
3591
3339
6829
3597
3590
3593
3595
7117
3341
3592
3594
3589
350
5601
5600
5599
39
355
351
9281
5103
352
353
3014
1557
6838
204
163
2414
5107
3445
7863
7860
7857
7858
7856
7846
7845
7864
7859
7855
5776
2416
1648
7137
7128
7127
7132
7136
7138
7141
7124
7126
7139
7131
7142
7125
7129
7130
7140
7135
7134
7133
2415
2276
2420
70
160
4195
4194
4193
4192
4191
4196
4189
4188
4190
4187
4186
1711
4185
1709
1710
4184
4183
4182
4181
2417
393
1507
2418
7862
7861
7854
7847
7848
7849
7850
7851
7852
7853
5775
6263
6260
5057
6259
5206
2589
5606
3418
2421
5063
7241
6295
5713
3885
2343
6152
6387
6470
7337
1272
6258
3194
3410
6803
6799
3313
6801
5477
6802
5335
3890
6000
5652
4616
4416
2550
6840
2879
2522
2515
1474
3804
3316
2917
4253
5487
6316
6315
6473
5336
868
869
783
867
558
462
1326
550
6474
6239
6240
4776
3753
4134
1491
3622
3624
3621
494
3625
4637
4638
4639
1583
3623
3626
6261
647
5141
6781
6779
4129
6782
6780
5144
5142
5145
378
5143
6355
5237
6264
5207
4777
3754
5612
4390
5804
4858
6119
528
939
717
563
663
1776
6120
5096
6967
6966
6962
6963
6964
6965
6121
7401
390
7403
7402
7405
7404
52
47
2602
2601
234
876
1116
1653
1652
244
195
523
1605
2938
3426
3507
3522
3524
3526
3528
3529
3530
3532
3533
3531
3527
3525
3523
3521
3506
3442
2871
1334
297
141
397
1212
2999
4140
4752
4913
4947
4950
4952
4957
4951
4953
4954
4955
4956
4949
4948
4921
4852
4389
3762
2516
1667
6837
318
2479
1730
1731
284
285
701
1719
2878
3199
3258
3295
3298
3299
3297
3293
3257
3198
2704
1578
442
224
573
1597
3395
4176
4624
4700
4749
4751
4750
4711
4663
4387
3827
2932
2427
603
602
3009
461
3542
2380
3174
6291
6180
6715
3819
4368
3603
6292
2873
6293
6714
59
43
152
536
1589
2470
2590
2609
2611
2613
2622
2634
2620
2616
2618
2621
2623
2617
2615
2619
2636
2630
2631
2632
2624
2626
2637
2638
2643
2639
2644
2640
2625
2635
2628
2627
2629
2633
2642
2641
2614
2612
2610
2607
2578
2382
1205
304
76
34
130
404
1608
3245
3808
3872
3894
3896
3898
3897
3899
3901
3902
3903
3900
3904
3905
3906
3907
3909
3908
3911
3910
3912
3914
3915
3913
3920
3921
3916
3917
3918
3919
3923
3922
3924
3925
3926
3927
3895
3893
3860
3822
3388
2284
655
360
805
731
3580
5168
3581
6262
744
5047
3396
5048
3748
5049
2922
5723
5724
5725
3877
5722
2233
5054
5050
5051
5052
5053
547
1713
414
798
537
611
1168
1338
2388
6186
5100
5839
5854
1682
5736
4221
4178
1727
3244
3698
4223
2567
1434
772
3399
389
1554
926
1634
1197
2906
1796
1247
5650
4617
2548
807
3989
5749
408
409
3750
411
412
2655
2910
2909
413
410
7637
6001
7634
7638
9213
9125
9030
8096
9031
9032
9033
9034
9035
9036
9037
9038
9039
8095
9040
8092
9041
8106
9042
9043
9044
9029
9028
9027
9018
9012
9013
9014
9015
9016
9017
9019
9026
9020
9021
9022
9023
9024
9025
9045
9047
9082
9048
9214
9067
9068
9069
9070
8105
9071
9072
9073
9074
9075
9076
9077
9078
8104
9079
9010
9080
9081
9066
9065
8102
9064
9055
9049
9050
9051
8101
9052
9053
9054
9056
9063
9057
9058
9059
9060
8099
9061
9062
9011
9046
9004
8098
9003
8997
9001
9002
9008
9000
9009
8097
8998
8999
9005
9006
9007
9083
8094
9148
9085
9178
9177
9176
9175
9174
9173
8093
9172
9171
9170
9169
9168
9167
9166
9179
9165
9163
9162
9161
9160
9159
9158
9157
9156
9155
9154
9153
9152
9151
9164
9180
8115
9181
9182
9211
9210
9209
9208
9207
9206
9205
9204
9203
9202
9201
9200
9199
8114
9198
9197
9196
9195
9194
9193
9192
9191
9190
9189
9188
9187
9186
9185
9184
9183
9150
8103
9212
9149
9147
9113
8108
9112
8109
9111
9110
9109
9108
9107
9106
9105
9104
9103
9102
9101
9114
9100
9098
9097
9096
9095
9094
9093
8110
9092
9091
9090
9089
9088
9087
8112
9086
9099
9115
9116
9117
9146
9145
9144
9143
9142
8113
9141
9140
9139
8111
9138
9137
9136
9135
9134
9133
9132
9131
8100
9130
8107
9129
9128
9127
9126
9084
9124
9123
9122
9121
9120
9119
7929
7931
7930
9118
8060
7632
6794
6795
6796
6797
8127
8129
8881
8873
8880
8879
8878
8877
8876
8875
8874
8883
8872
8869
8864
8865
8866
8871
8868
8867
8870
8882
8884
8936
8886
8970
8969
8968
8967
8966
8965
8964
8963
8962
8961
8960
8959
8971
8958
8956
8955
8954
8953
8952
8951
8950
8949
8948
8992
8942
8908
8907
8906
8905
8904
8903
8902
8885
8901
8900
8899
8898
8897
8896
8895
8894
8893
8892
8891
8890
8889
8912
8939
8933
8927
8910
8973
8916
8917
8918
8919
8920
8921
8922
8923
8924
8925
8926
8928
8929
8930
4408
8931
8932
8934
8935
8937
8938
8940
8915
8941
8914
8887
8888
8909
8943
8911
8913
8946
8944
8975
8976
8977
8978
8979
8980
8981
8982
8983
8984
8985
8989
8987
8988
8990
8991
8995
8996
8994
8993
8974
8986
8972
8957
8945
8947
8126
8128
8049
7060
7061
7635
7636
7062
7633
7412
7415
7413
7414
7639
7408
7409
7410
7411
6256
4662
6814
6815
6813
6354
6353
6352
5236
1749
1076
936
756
6811
5417
6335
4851
546
6810
6809
5411
753
966
1734
1191
2396
3761
5651
1586
5694
698
699
696
695
691
694
693
692
697
6216
1753
5608
5607
4526
2574
1587
1596
1595
534
1588
2573
4755
5563
1262
118
108
777
2509
3758
4148
4254
4261
4264
4267
4274
4272
4275
4273
4270
4269
4271
4268
4266
4276
4265
4277
4263
4262
4259
5197
270
279
176
201
179
938
2579
3785
4214
4317
4326
4330
4333
4341
4340
4339
4338
4337
4336
4334
4335
4332
4342
4331
4343
4329
4328
4325
5225
303
288
132
662
2355
3691
3976
4204
4222
4226
4228
4230
4232
4231
4233
4234
4235
4236
4237
4238
4239
4240
4241
4229
4242
4227
4243
4225
4224
4215
5182
219
237
307
1621
3165
3798
3888
3978
3985
3990
3977
5132
581
676
4255
5257
2598
5227
57
42
148
530
1592
2494
2608
2664
2666
2669
2700
2698
2699
2697
2696
2695
2693
2694
2692
2691
2690
2688
2689
2687
2685
2686
2684
2683
2682
2681
2680
2679
2678
2677
2676
2675
2674
2672
2673
2671
2670
2668
2667
2665
2663
2594
2397
1209
300
75
32
123
399
1600
3254
3818
3891
3941
3943
3975
3974
3972
3973
3970
3971
3969
3968
3967
3966
3965
3964
3963
3962
3958
3959
3960
3961
3957
3956
3955
3953
3954
3949
3952
3950
3951
3948
3946
3947
3945
3944
3942
3940
3889
3830
3394
2285
651
357
6197
5156
5226
6342
6341
9473
9455
9464
9454
520
2375
502
2376
2377
457
524
3810
456
6717
3809
4536
455
454
4216
9448
9449
9450
9451
9731
1189
