1687
3379
1669
2192
33
2294
1653
3992
5456
373
2773
904
4628
970
3491
5792
1524
2466
973
3131
2307
5454
3247
3333
9153
1610
1634
4222
9141
6944
155
849
9180
139
2867
1198
5074
5813
2975
2040
4074
4116
5812
9179
338
2337
1427
7636
1462
9167
859
6470
1038
3250
1889
5078
9176
2289
594
7653
8316
3882
6088
6803
9091
1428
747
642
7674
330
6785
369
6788
2414
1480
1118
2490
946
5968
273
3308
1883
9135
838
3156
2301
2272
439
3674
1175
606
1675
499
713
720
7660
5437
1930
1508
67
5079
2442
48
4712
9270
3837
446
1435
4855
2991
539
8220
4331
4709
227
2053
8237
1355
205
5481
879
289
4760
3741
1255
359
6547
14
386
175
315
78
252
198
624
9292
2138
718
2877
7182
231
1774
6108
4823
5477
4106
28
44
424
41
2092
1025
5806
5476
3692
372
9215
2090
4892
1536
6849
134
1698
9210
2288
16
4271
124
162
3457
457
15
4044
6856
325
1102
1127
425
759
8878
1187
4313
1054
2127
934
39
466
962
9236
1492
494
5788
927
3878
3705
2594
6855
7579
2493
1194
146
3710
413
4064
2238
25
1884
5469
4866
3237
8894
5041
8956
1612
6782
7387
3366
277
6021
6714
68
2033
2270
609
2259
1984
4060
4738
4968
2516
2356
6356
661
2241
1581
4294
2462
672
1550
908
1742
318
4283
1496
1154
1174
3980
3406
2468
2243
128
3724
1070
6098
2477
5435
2102
4136
4135
8929
85
11
1262
17
2568
444
560
376
3311
7572
561
8897
2666
2133
6725
734
3873
1856
7571
6729
2943
3086
867
9050
6510
3482
2994
3510
221
3286
257
4869
2159
1733
7617
4027
75
9053
5862
6321
4778
1487
2910
4227
3074
3683
6311
3202
1224
847
3886
751
9076
3853
667
1056
2408
2410
4197
347
2852
7171
2514
154
6943
1077
130
1831
1125
8
184
6111
1971
3589
7603
510
8390
6213
6766
5864
244
9019
892
276
98
21
263
312
72
3447
335
4913
4639
7681
643
3857
1259
9009
4640
5869
1988
6245
7207
7213
5045
2906
8877
1710
9601
3840
7299
3218
4865
4072
513
1436
4969
7763
38
971
6758
354
302
6247
5821
1627
3511
4993
991
4941
710
4757
1737
426
3228
2864
486
174
9634
779
4928
4107
1203
3305
7758
148
9631
5
34
2201
12
569
61
2668
9629
6318
2795
7757
6746
7755
6127
2563
2279
3096
1181
9550
2806
4644
3094
1184
604
1806
2746
1363
9570
6753
1195
141
3092
2561
990
9565
4174
123
1805
3765
5425
1401
4646
8149
5845
3363
9724
13
556
1804
278
7743
4648
243
7286
6363
9750
1941
4649
8380
459
1635
2426
1476
286
9737
8382
3023
3781
3310
3040
3961
1692
3266
3037
31
5052
2978
4650
4990
1864
1117
3227
4651
6344
960
4879
2142
1931
77
5484
743
2136
2359
293
6327
2615
2277
3839
187
3028
4279
5843
7794
2804
4931
412
6750
9652
737
2039
1410
4938
5555
74
334
7782
6737
4626
9690
3316
2722
5994
9679
7739
4596
5833
3045
511
4180
6054
1815
195
5066
1702
9530
646
6546
1725
1086
1568
1583
1316
4725
2089
1418
7260
7707
3991
9363
3798
8450
1994
7276
177
620
206
5538
463
69
76
308
80
1061
1178
6005
1683
7685
1895
5537
1253
1412
3210
7709
2162
1650
1256
1171
7738
1819
6035
4102
3994
5826
1879
2524
572
671
4103
2230
1392
3516
297
8185
1173
3514
1525
3073
2961
1880
1200
9337
1818
7733
1122
3420
6706
1537
379
889
2268
2501
4747
6466
805
995
5823
1481
54
4002
1530
3212
57
6694
223
1390
5199
670
2873
3990
1267
925
260
2235
301
1827
626
485
238
8421
447
1660
160
814
1441
9513
2338
2336
815
9503
8428
2623
2637
2871
1590
617
9472
1693
111
1919
2833
7179
4601
163
2811
4602
1138
3605
1422
571
6281
279
3620
1504
1472
7413
9442
3084
3442
2005
1196
196
2989
6345
7359
2985
1745
225
269
29
118
213
228
40
419
1197
1845
1385
6024
2097
4606
7115
5567
1638
1190
2701
6781
3641
443
9456
5565
2147
3193
2203
299
1955
1938
2953
2286
6717
1411
1596
6029
6031
543
2122
3206
3998
367
140
1139
9446
2706
5867
4610
3959
93
544
3473
6283
2753
8300
5534
6001
1599
9081
965
890
1229
6716
608
388
3835
800
2643
53
641
19
3262
117
438
9457
3292
8656
8655
6480
298
7375
2118
7430
6075
3987
9444
6857
9419
368
3954
7537
492
6249
192
2695
1579
1580
2014
2309
4286
1962
104
584
311
1506
4304
7253
6397
959
7177
1763
323
9441
7561
6285
6496
3964
4201
3621
6
9437
5861
234
8347
9470
9527
71
3717
3933
4270
726
265
3373
1686
2830
6501
3313
3356
6085
1643
590
270
1437
6787
2134
1367
2942
723
2258
3153
6953
4191
8592
1544
2774
6371
2947
1039
1091
1736
2471
1533
954
1430
4614
5489
2957
94
6503
4211
1656
2099
786
3154
65
6900
4161
450
2250
6941
8264
531
3347
6939
8211
6195
6196
1658
10801
4872
2024
6940
2253
2418
2440
4966
112
2999
3002
2379
396
3877
482
4658
2117
6288
7405
778
911
3662
410
1603
3852
5528
2791
552
5853
484
1608
2189
2280
6429
9479
4617
6807
9484
3213
1185
1366
3343
707
4618
1782
4009
3330
1767
3205
3783
1406
1648
1502
194
1394
8359
282
2570
1715
3949
2973
841
2021
9491
106
1453
1191
2741
493
7411
7408
1605
4145
5517
2834
3802
2731
349
8322
3219
348
9414
2839
2886
1356
780
3272
5159
4965
64
3386
3484
902
7399
771
350
1617
524
6350
6189
2788
3
1404
182
520
204
22
46
30
3801
8578
1443
108
7471
9340
799
7469
2894
9344
7486
2342
9351
765
2388
530
341
7487
1852
580
7505
663
5817
6554
478
628
1407
4625
3340
3774
280
319
2069
9305
1424
1553
515
3850
9311
6574
3665
537
7497
7131
6297
9319
2801
245
9322
468
7798
1527
697
9325
7800
1387
6555
2863
4657
893
158
6959
3314
818
1
7
0
638
172
8056
1471
2596
460
5798
9392
3613
8664
2452
8222
1705
3001
6133
1228
1563
3395
1478
5248
1510
208
922
3141
9399
3133
5797
3588
4920
2137
2649
496
1556
992
49
4986
271
6131
6526
8685
7371
8684
798
5051
1784
834
512
7364
1451
6418
1573
2196
787
2941
2313
2319
4690
326
3268
99
937
1275
7155
10813
3397
4944
4339
10814
4819
6106
8272
4334
8273
2373
10815
7027
8187
2713
3396
4859
1972
7156
10812
3029
314
3297
185
2888
1829
2325
9376
5816
9377
5047
224
2221
3381
3695
236
583
2041
1874
2936
1678
6905
8352
9529
47
436
1936
3369
1644
1546
9674
2119
1426
9675
7409
739
102
3080
3969
2798
4694
9680
3180
2405
3739
407
105
8006
1098
9683
1918
3591
3453
5276
1222
6081
327
2919
9
2207
8175
3624
1625
1183
3059
658
8671
699
8669
7269
1821
1095
6276
8040
4695
8036
1985
133
1871
2959
9645
5944
4086
1458
3523
4160
3252
5043
2504
619
1166
1549
1368
1709
2845
2392
3530
9654
6653
3224
741
4783
3061
2156
701
5238
4701
2249
43
3233
8092
4927
1455
9659
2728
176
8315
4095
518
700
8109
487
3879
4698
4112
6644
4118
3834
2700
3377
8558
8559
1584
8154
2719
3383
6251
8202
470
1554
1365
1849
23
3838
8631
5124
6399
8625
2345
5212
8104
3819
5210
4703
806
1548
5886
6663
9748
547
3504
9702
7865
5918
1500
3033
1220
6684
1728
2354
1335
2555
6683
4185
2447
880
3407
1855
2500
3026
285
4050
497
51
458
1146
7128
514
1976
9715
875
9718
3400
3456
1865
7123
1922
6675
1699
4214
390
1541
1662
9640
3470
957
9562
773
4237
4253
7329
7336
2987
1214
1973
8783
254
3785
9542
1562
9532
4672
2792
5126
4178
218
7404
1645
1870
2114
5227
9536
3289
2181
4300
2488
5961
2626
4307
4718
5127
5223
709
9538
3279
823
2026
5220
4025
6545
9541
1465
5208
3274
9544
1079
3540
6426
70
3982
1388
1779
7255
6469
6141
3173
2332
6201
229
1180
2769
417
1150
9585
2377
3401
472
1512
5940
3257
9586
1378
4895
3398
1799
3068
3211
6396
1872
1754
1780
8773
2211
2105
8232
2128
8771
8770
8769
3934
545
1713
6636
3740
3736
7231
4661
7843
3918
3198
2604
588
5955
5218
3744
1514
87
7835
2562
618
6117
2519
5946
4722
4665
5209
7832
2344
3945
1168
4139
1531
929
4140
1802
1680
5897
4142
9589
9591
246
5907
9592
481
7899
5898
4058
495
5285
2757
9596
288
6489
3697
4667
4767
5086
7970
9603
3490
2529
143
122
159
634
9605
81
8446
6604
2895
9609
5354
1099
3455
4061
4059
2658
5286
3932
9610
3999
5091
3502
7953
9003
2550
1017
55
316
161
281
7241
633
193
86
97
2
60
1074
9011
5583
5892
6876
4674
6307
3299
3488
781
1735
2208
328
56
456
230
7994
1901
3495
7993
3590
9020
4046
3574
664
4932
6330
3468
6592
8972
563
7984
684
343
4678
8986
324
1359
8992
8994
5921
337
1738
2944
3178
1473
2507
3760
2439
9010
2546
2168
3341
5360
1902
1309
9024
705
4706
3344
26
5924
1589
3617
7978
1927
2435
785
1193
1717
3929
4078
5951
1844
4076
878
433
9055
181
9058
9060
3594
6495
4681
3649
3993
8376
1403
1591
4115
5087
4114
917
5962
352
994
1374
9063
1664
6612
3226
1574
6872
6532
5376
2567
6447
9072
3107
895
507
9075
9078
9038
503
9030
2068
1491
2066
136
2160
383
2523
4282
7245
1163
1152
1616
292
586
7941
1835
445
9037
7939
1926
9041
3114
2697
3816
3220
8396
4053
5928
2968
4497
9049
2548
7940
1268
4499
4010
5931
3475
2364
8919
5933
8921
4967
601
2472
165
423
1499
8365
7909
4141
4934
3132
8904
387
4755
3368
305
2723
2086
599
4505
1207
519
1659
2038
4506
2224
1073
3963
1622
541
8796
4318
2520
1155
1867
1415
2553
852
8378
8408
8180
7900
4098
2084
1773
240
3911
651
1749
3657
2153
897
6615
8418
2049
250
2470
8968
7860
1084
6175
3145
2575
2285
1968
7871
3652
2088
768
622
1957
6488
5334
214
1131
1090
2393
804
1567
4509
2590
239
333
8013
3221
3675
3112
6660
8017
1391
3004
1766
2276
402
2892
3512
8756
4930
2427
592
6185
958
677
3124
3176
6534
1503
8959
7379
1793
1169
1857
3634
1444
8901
3556
7948
2733
1377
6715
1996
673
429
3628
2917
7268
6692
9042
632
6708
1904
2948
7172
9224
2315
6126
2200
5077
5980
157
1474
4317
3290
2483
3916
1866
2059
6764
5299
1873
1978
2495
6697
3749
1899
753
3269
4824
7390
35
2498
5058
621
4303
1037
5909
3351
91
7646
9217
6128
1230
173
9195
4042
2790
693
9196
9199
9200
9202
9206
9209
2805
9213
4514
9231
698
766
8711
1151
5144
6271
9245
912
5900
2911
1967
7608
7604
5894
5006
5948
2303
266
9277
2821
1840
361
406
9281
1497
9284
3160
596
2246
5893
5327
4048
1989
6388
6394
169
907
5324
758
4
1483
3232
1105
9300
1361
4818
1593
2891
3686
393
1910
110
2884
232
4517
2602
4518
1260
2897
5319
100
7728
5317
1486
5885
5315
736
7719
9298
8176
1083
5899
2549
9274
9259
1210
32
304
6125
92
103
1123
7428
6269
4711
137
384
1297
42
7410
1757
623
2765
5815
7472
6047
7503
7323
2900
4137
2330
2662
564
6346
2382
1727
6146
9264
9266
7345
3761
6378
793
2057
2630
2881
7271
8704
5140
1405
8701
4183
2988
616
509
7850
6467
241
1153
8083
843
1044
6561
6272
1942
107
5736
7495
3731
2045
5732
4336
5733
2434
5737
949
2738
8057
625
9120
6581
1431
6909
9123
1076
9124
3632
4469
8329
5958
3906
2545
950
9128
9129
2366
7343
2928
6206
3625
1126
8045
8022
4470
3564
427
8019
2866
6416
1637
5721
1488
8005
2595
2629
1812
3947
4999
3616
6419
4476
283
761
3431
5760
2383
3643
6034
7046
3669
4256
5778
3672
1701
1158
178
1409
1408
480
4229
7044
2582
9170
96
4079
2849
5131
7014
8235
2482
5130
8742
8741
9189
1975
5032
8111
9184
3647
1438
610
9185
2912
1944
2967
5626
2082
5627
3239
7859
2239
2976
4113
9163
1227
2179
8735
4319
2036
2862
3349
8734
4323
8732
2429
920
8731
1373
2869
3893
1836
1141
1066
2572
7856
8306
5634
7852
1217
209
2802
926
6626
4097
1072
9160
3095
4759
7817
3331
7051
10457
1999
1434
7824
6616
179
4230
8449
10464
5916
6934
4741
2732
37
3038
18
7082
891
1897
5587
7376
8730
740
8733
523
10467
401
2232
882
3183
6617
138
156
186
1501
10470
7083
6618
5932
2780
1067
7997
5703
2650
4163
4483
5677
968
365
2287
7391
83
6473
1764
5160
8738
2847
1058
7388
287
1046
10472
1035
3036
10474
7923
267
1592
1964
6620
2509
6621
1740
4051
2624
2317
2361
2240
791
10477
1934
188
4484
4486
4007
7196
2264
1925
7085
10478
2962
7086
6627
2530
577
1707
1796
4488
2620
7262
4288
27
10456
5890
631
7088
5925
6945
605
4173
2415
2646
10438
5657
3471
555
3795
3789
4491
329
10428
403
5660
8755
1613
4172
202
4295
3281
4328
7932
7937
4492
2686
3872
5835
1760
307
8394
10679
6179
10435
4528
3770
6928
2171
967
3586
7205
5667
4564
2406
2076
1920
3432
2206
149
6964
10436
1776
3479
10453
4210
4566
7090
10444
10448
881
3200
5029
10451
8404
3787
3334
2874
5801
2515
1202
2541
1614
4096
2853
1516
702
4857
909
2335
837
10486
4843
2318
6299
3075
2704
8405
1935
10488
3655
2878
3060
126
469
7902
1881
5649
10524
4246
6504
6634
10530
6298
6516
6434
8707
2281
309
1398
3325
10535
1564
2271
5154
5035
1088
1769
708
4190
3855
7180
2829
2670
1186
120
10543
1654
7111
2407
10547
6512
1450
2304
10521
5964
5701
3930
1565
3062
6114
998
3327
3681
1136
1932
4737
5696
2855
2797
2431
7019
7977
4251
1943
7979
6502
6591
6382
3424
1206
5094
411
7987
1115
10505
3100
3526
2329
636
7989
7302
3619
648
7995
7972
408
2657
6598
3622
3186
3612
1468
3209
2257
1949
1966
1847
10514
4572
4573
2819
3610
8434
10424
607
2048
3836
168
7256
2223
820
5971
6551
3007
6859
5678
488
6287
7966
7967
6161
1945
135
52
1940
3869
10331
3900
4740
2199
2577
2856
3902
1479
3555
2001
6375
2685
8198
8596
2218
8599
615
131
3627
7420
6400
996
2758
3353
3968
1400
2793
3476
2476
559
2152
10342
731
4122
4847
5599
10343
6608
5598
1888
1890
10348
7316
2416
1609
1251
10353
3077
5593
3049
10354
4743
7836
2460
5969
924
7842
5870
2044
6222
4584
10299
4216
6154
1379
853
3264
5875
1711
4836
8412
4264
1452
2339
10305
7801
465
437
6666
5012
1923
1798
464
4054
7402
6669
3039
10316
10319
7815
6208
2522
650
6277
1352
7816
1429
3989
7170
3703
4056
3234
5830
7819
2783
10396
3948
2457
10397
430
10399
1493
2542
6589
272
2628
10402
732
6676
748
2125
8799
8800
8802
6121
5115
7886
10415
10416
1761
1980
1786
405
4341
10418
5840
1731
1655
2933
6680
980
5020
6861
4306
2273
3283
1000
2123
441
913
7896
2228
997
4802
7875
8000
3256
8301
207
2130
10367
6331
4809
2091
10368
3700
7199
5758
4707
10370
591
3751
1520
380
1842
1137
8212
2299
6438
6449
7312
8002
666
8001
1449
8123
821
3108
10384
1252
7238
6390
2465
4314
7234
1841
598
8140
5825
5979
10520
6661
4540
2749
2560
801
2742
1376
6641
8283
6643
2896
6401
1094
10766
10765
275
1511
6889
8101
10686
2075
536
8103
8102
6648
535
4545
3864
8098
2266
1346
2674
2807
3171
10711
10715
4084
3515
3103
5011
4910
256
10718
2880
10722
1626
10724
4552
10701
1051
8122
1002
5742
10680
5972
2080
295
10685
1399
8080
10693
4825
2609
2735
500
8788
3278
3534
5111
10695
10696
7104
8029
8030
1132
3222
1447
10726
3249
8344
2190
717
4901
5796
3337
4502
1559
371
5811
1734
4016
8346
2966
2385
8032
7198
784
6457
362
8253
2108
1861
4555
4554
3794
4940
4266
1982
3104
3976
170
10737
8042
8024
2784
5722
2328
2478
533
5818
3808
1065
1419
1433
191
10742
4547
5726
10745
7015
1188
1794
7267
6562
3162
398
7225
681
10677
2269
7107
2111
6579
1758
5173
8768
4206
147
171
7384
8772
1159
4753
6482
4315
554
4144
8360
10602
3245
4904
1026
3130
6569
455
452
3118
3161
3967
6145
3776
3777
6557
1628
894
59
2374
79
253
8780
1950
3123
4538
7337
119
6436
757
3903
2984
152
10562
8070
2810
1078
2683
6969
528
1107
4155
248
5007
4152
4535
2678
3345
8331
562
1358
3163
1551
3117
3876
2475
3660
4013
261
6947
3110
2353
10569
2463
10570
8049
1741
5750
593
397
10571
3538
10575
7356
7354
1008
2231
6565
5834
4221
2745
127
2316
8195
8583
1057
6518
7160
1059
8787
1868
2017
4081
6556
4837
5022
4800
4213
2420
2219
2217
7340
4292
6113
2116
8682
451
3644
4085
2248
6268
3254
1913
2290
8336
1914
2292
808
235
6050
5632
342
1729
5828
1205
10661
10663
5014
10664
45
1258
3113
2744
8065
4571
2729
8066
4228
2632
6961
3638
10672
10673
358
534
1134
1232
1160
4723
2140
1414
1135
4011
4481
2954
2087
10674
7194
331
2709
2255
3996
10648
3422
2349
5681
5026
6022
1047
5646
4126
10676
2300
3592
2556
4477
3913
7492
3392
8335
10618
5795
3006
2283
5652
10620
1651
4964
10623
4475
6575
4070
340
10626
7352
6570
10632
6025
7052
4006
2617
1513
6123
8632
7506
7510
2177
10294
3509
1743
972
7173
2840
6490
101
3129
2904
2690
4478
600
1630
3242
2688
212
2174
4035
3390
5891
6519
392
24
6566
2094
7466
8146
8824
2247
216
1787
4877
6194
3708
2464
7470
6688
649
2699
816
351
1489
5910
7165
7056
5917
2367
772
6687
4758
9938
8319
2929
9940
8668
1518
1657
6323
6806
2322
2813
1109
5036
3960
2893
1369
3169
6012
3720
866
8670
2996
2072
1615
166
7481
2551
811
961
2747
1862
2107
7378
9948
9951
825
6168
2129
7382
4265
3042
3408
3693
6995
4997
7161
8675
3970
9896
3043
2534
7500
2095
3215
956
9898
6814
6060
6815
8569
2085
4937
1157
1208
6817
2905
3746
6800
9914
2158
2667
5075
6993
7553
2653
5298
4833
200
7246
1201
476
4133
7558
1507
9957
7559
9958
3436
9992
3076
7560
8156
1649
4274
9999
1783
8688
7282
5189
7290
4560
10005
2824
2603
3081
7292
1575
7520
1261
3243
10008
3940
400
4595
3174
7522
3087
2927
1461
1789
3897
3003
2585
7523
10012
3732
3725
7524
7525
7527
10018
7538
2474
477
10020
4164
7530
6352
7533
7535
8281
2093
4340
1263
6853
3845
6858
4676
6851
259
976
1587
3631
3908
4157
9964
6852
6854
7539
1283
1557
4675
8889
9974
1534
1050
4153
8285
6428
9979
1887
1364
2899
1080
3927
9980
1509
2511
3058
9981
6293
4673
9982
2244
7441
4668
3189
4261
1974
3609
2648
6181
7031
752
2647
1746
1956
8308
5269
7442
3184
1221
6402
1470
5943
9792
7445
1595
5275
3387
6305
3569
6360
4863
2584
9797
2727
7449
62
2019
389
981
983
2614
774
6718
714
9800
9801
9803
5262
1826
2673
3519
3069
2251
6719
703
4689
568
504
3883
5182
7349
3895
796
6187
2079
6160
2216
2282
1177
4249
3388
9811
6722
4696
1915
7321
5256
654
8238
255
5193
3376
542
7567
6723
6458
1939
1724
3454
498
1397
2436
3653
1113
2194
2098
8648
382
775
2841
3536
993
5055
4961
3648
6894
9788
5820
9787
2155
8649
233
428
2164
9762
4691
5509
6178
6712
4248
3887
109
7422
5990
3439
2875
2028
6709
6690
9773
9774
1618
3229
5868
2538
9775
2324
7062
6695
2618
2022
249
3888
7722
9780
9781
5570
9782
6696
5535
3350
905
237
5089
3517
7042
812
8654
5545
1204
9785
8420
7727
6698
1469
9858
1828
1712
4240
1667
5546
660
5836
8196
2291
1432
9867
4615
4775
7063
7397
1578
1421
3568
4205
7403
918
3849
9888
4624
3901
3188
3567
9874
3089
3187
548
306
3085
374
4608
7734
7735
782
5414
695
9875
1223
7684
1357
5423
1924
1133
4785
8415
1909
4598
3047
9878
9881
3208
7687
9885
1087
7004
7690
7319
2278
1416
7311
3481
7030
8274
1142
10772
6118
7421
6348
742
6347
688
7701
2169
630
2100
9843
9844
2661
9846
4647
2986
8847
1172
2907
7162
3506
9850
4922
6779
1719
2449
219
5855
5202
6772
3870
10193
3463
3815
738
6322
4656
7771
802
1463
3826
10200
8438
749
8435
10203
501
10204
4841
3587
1992
6736
1604
4642
8840
7215
360
7309
4023
2487
7315
1085
475
378
7025
1028
442
1417
915
10774
1535
6917
8157
2613
10219
6149
2887
4634
10222
2789
4633
3917
3607
4794
3807
3082
7769
3428
4752
3421
4983
3841
375
3027
3322
3769
3440
4939
10190
10160
7767
6754
1833
10164
1778
1781
6398
2061
2512
6379
10168
7749
10170
833
5475
3821
999
440
5092
7751
10174
1089
10177
2965
7754
3909
1921
3842
2703
2202
522
5186
2350
6740
6887
8386
4125
760
6110
7760
1586
1801
653
2144
10186
5458
1951
3434
1532
10187
2445
1755
1753
4320
2096
7306
1898
2496
1395
1384
4069
5839
449
4001
6530
2848
7764
4257
2597
10261
3788
10262
5516
10264
5799
2056
589
3282
8850
6936
5177
7683
7599
1792
2284
5919
7071
10276
3797
1505
10291
10278
2607
5911
1594
10279
7602
6734
8275
10286
1751
2389
7607
6968
6974
1547
8401
3079
10259
6702
6139
7618
2489
3899
7197
3357
3301
5954
5296
6691
3048
566
6732
2297
6731
10257
3090
10244
4516
10245
2398
550
3384
3955
6384
3571
5956
7570
6505
1545
10253
453
3303
1218
10254
142
10255
829
6724
8379
1097
5611
4101
5192
4828
8834
8831
7417
1213
5194
1372
6499
8691
6497
6494
320
8436
6377
2636
2679
6202
129
2275
1998
8444
3225
1119
7394
7395
8864
88
5850
6837
4845
5621
4577
4109
2340
3051
969
2879
6320
7584
2182
10083
10084
10086
7587
5767
3185
4585
5730
4531
7591
2180
1933
6508
2446
7594
1882
4543
5346
10055
1813
8267
2178
3578
3321
7659
3547
5804
5789
1027
5793
10029
5856
6792
7661
3513
914
7663
7665
7667
7183
1370
3677
1096
1947
8295
836
2803
5743
790
6183
10042
2527
10043
1032
7671
8276
10050
7672
7673
3014
409
873
4548
6549
3668
50
10140
7676
7677
90
10127
637
4764
2025
1081
10128
5715
5877
6266
7679
10130
3070
2348
3362
4239
1775
7680
595
5028
1389
6821
1824
1598
3065
3064
2715
1875
2831
3854
7628
2622
2925
5784
3570
5777
5819
7629
1744
3057
1640
2771
3557
689
10136
10138
332
3190
3054
2484
10142
2956
5704
7633
1328
2347
300
5018
3642
928
4158
2071
4561
7637
1641
4951
7333
10125
3630
5849
5879
10124
4587
1226
1946
1341
3204
4586
6822
8326
1523
414
7645
3098
1466
1958
5876
6453
10099
10105
6454
10112
10113
416
10114
6813
10120
1642
2011
3951
2506
4578
2157
5607
2946
6811
1149
5858
8591
6376
2827
7159
2386
676
1601
4574
10107
2009
296
8531
1560
2381
4262
5791
10096
7644
10093
7077
3758
7639
5016
2651
763
10155
4563
2536
10149
7634
10148
2627
10146
6881
6541
1795
10133
2149
6536
3253
3328
2940
1182
2401
1040
2939
1457
856
7357
4225
10131
6444
2677
1071
3843
1104
2013
10129
3745
1684
3974
10
5019
4748
1212
746
3874
4489
647
6136
8868
4287
979
3496
4285
8837
10048
10047
10046
10041
10039
10038
10033
10032
817
1577
10030
6923
7657
4482
6824
153
2167
1846
2768
3217
2672
6796
7655
7322
5128
217
2554
4065
1632
2312
2547
3861
2558
3690
6846
1912
5937
8491
3689
4208
6847
7589
2480
6844
3223
5752
3364
678
5004
10088
8568
2104
2663
2574
6828
10081
1977
4812
1607
1588
2932
8457
1703
6170
7393
6978
4751
6992
4496
2931
508
2930
1454
268
82
3416
6840
10077
2579
3907
4724
4525
1817
3925
10089
6515
3143
5514
5318
6405
58
125
6270
4907
2352
10068
7386
903
8556
10059
1233
5300
4000
7074
1848
5959
6200
6313
10159
10256
6726
3851
2885
6316
3950
3136
1148
5895
1752
5934
3721
2310
454
3120
1690
3445
190
10248
4811
3260
435
10247
2113
1176
1832
4903
4280
1402
6984
1997
4045
8520
10234
2077
7073
10231
1360
6699
2018
2711
3938
1354
10290
5374
2606
1839
2067
353
6404
7609
10288
3975
7605
4683
6733
10281
6761
8469
5383
345
3008
5200
5974
6929
7230
2394
2205
3576
1167
783
1777
6112
776
8835
10274
3164
4128
2796
2858
7233
6763
6771
715
4853
5965
2766
10268
10265
10183
2949
988
3737
4226
7166
10181
1979
5960
2132
3151
10180
3152
6749
2762
222
7753
1301
2362
2539
7069
7752
1633
7748
5226
6395
1464
2995
1529
7746
6296
7745
1446
7744
7742
6932
2161
5888
4120
6865
6182
6845
2981
2323
6304
3633
2531
10220
516
10218
7296
3329
7770
7189
5927
2675
7795
3529
7066
3676
585
3546
3545
5966
3680
10213
4971
2334
2739
251
6742
5161
8888
3983
6540
2074
3896
3554
7216
7797
7784
7078
706
6738
1287
896
719
3142
1859
2854
5857
1928
4108
7780
6129
2473
5506
3165
6284
527
10206
1619
923
5068
6755
10205
5575
89
8505
6756
6422
3116
2260
1124
10202
3796
1739
4844
5548
2046
7773
3405
1448
6778
73
7741
10025
2552
3140
6424
6199
3793
10023
9889
5557
4652
404
3134
6767
5413
391
9837
4003
7699
2437
4305
7698
6915
7694
2589
2481
5049
5846
2825
9886
7688
4781
9883
3105
5394
5880
7686
4949
4277
8595
3583
7005
662
6310
7065
1386
4894
5465
8589
2002
8585
9868
9866
7731
9863
7725
4632
9783
9776
3825
9772
9770
9768
9767
9759
9758
9820
3919
7713
4906
2176
9818
8506
1069
1293
930
2689
1164
7458
4377
9806
5479
9804
4376
8475
2355
262
4353
964
6368
7453
6381
5114
5120
1052
9799
2417
5118
1317
1552
3148
4344
2838
3166
1671
5059
863
727
6349
4880
3830
9956
1722
1676
4346
655
9891
6713
7396
5878
7440
2691
9984
6942
4439
8640
7228
6218
7059
5505
2724
7438
2404
1517
2458
7448
9976
4970
1952
7460
7426
8481
3650
9966
1877
4094
4426
6351
9960
9959
6848
9988
6938
9990
1691
10021
3465
3831
3273
858
1456
6825
10019
1225
1716
5963
1312
1274
2055
8217
6393
8662
1894
10011
3391
10010
2540
4399
4397
3128
3956
7521
2641
2141
5347
4916
10022
2265
2945
10007
7518
2491
1900
1106
4335
3723
4771
4398
2707
4217
3147
2639
10773
3958
1348
10003
9997
7526
7552
4955
3971
6823
8687
5941
2060
7562
6798
284
1772
1490
864
467
9993
7557
7556
1413
7554
6151
4403
2763
9915
1714
1750
9912
5763
1284
2226
4826
2760
2054
4296
8679
2794
6979
7545
6188
9906
7515
9901
2101
7513
629
8174
4810
7261
8677
3863
1495
7214
9895
2714
9893
114
764
7374
3941
4029
1803
2537
9892
6810
8674
36
3263
4388
9923
9953
10293
5666
9944
5805
211
3997
2106
8181
5807
6456
4394
574
2175
121
4950
7480
1170
7057
1600
2455
7477
756
3287
810
3452
377
3626
1694
7475
2365
1445
4421
7055
7474
2210
4441
2611
3196
9932
3637
2676
7370
2000
4327
4324
6580
1811
5770
2438
3342
665
4457
7468
7467
9926
7465
8574
10292
2413
2656
1543
10362
3066
6365
7324
10642
876
4073
683
1289
5729
6177
10640
10636
5005
3543
906
6132
7347
8622
6227
2903
3451
3532
2451
989
355
10631
4943
573
2020
6509
4924
10628
1808
2448
313
10627
6573
10624
1254
8628
4310
2357
10647
7064
2759
7491
3522
4380
2566
975
10675
777
7050
6898
10671
10668
5926
4973
6204
144
10666
3881
6586
750
10660
10657
10652
63
10650
3288
10863
4742
6406
603
10864
1730
898
10865
10866
1300
3480
7358
3020
6421
8082
3296
4250
5063
1830
10614
3891
3499
794
5847
3265
952
10612
10610
3046
363
3926
6367
8073
5184
6950
8571
3827
3820
1439
10605
8777
8776
1765
5039
7039
1704
10596
4343
8018
10590
4043
5436
6002
2751
3478
8011
8007
6583
10753
10755
1685
2151
2740
1853
5981
3319
3860
2970
3923
164
8004
7105
8566
3044
2173
10767
10762
5406
10738
10746
10743
10749
10735
10734
10733
6868
10760
1041
10769
10761
10725
10699
10698
10727
10700
10687
10681
10702
10723
6650
10716
10719
2977
10689
6325
10684
4071
10691
4369
4789
10754
6645
4241
10763
10751
3177
6640
3246
824
4420
8110
8203
5544
10553
10385
6329
6686
4438
399
4776
4242
6448
8810
8809
8808
2499
1572
10375
7999
7986
10374
6078
7869
7868
10372
5191
1068
6483
4431
5056
862
5865
2212
1816
1993
4427
432
2814
2508
2770
8807
7002
8805
4252
4720
6893
4082
10365
4379
1570
6685
3575
2262
7897
1823
1477
2772
10373
7350
1747
3466
6679
6007
4454
2016
6420
1147
4450
4923
2233
8803
3563
2705
7303
8798
66
2612
1036
3988
1482
1732
5913
5353
10403
10401
3635
7099
754
6364
1663
6122
8795
7020
5190
2109
2684
546
4123
5082
2376
1916
10398
7821
10393
3593
226
10392
2764
3753
6441
5901
3015
2237
10356
10322
5040
10320
943
10318
3255
7808
10315
2610
6223
7807
2754
2063
3284
5988
6273
5945
6233
10313
7805
4267
8793
5188
6049
10306
448
10303
4411
10302
357
2625
2694
3295
6392
7235
857
6521
10298
2861
4406
2008
10295
10308
8179
3146
5683
2029
1116
5957
6610
10326
2808
5702
3115
4408
7308
2631
5180
7275
8720
6528
1162
8719
8610
8594
8588
8607
8605
8603
8601
8598
10332
4387
10329
3524
6611
4392
5692
6190
7962
7959
3167
8456
3194
4231
7957
640
6066
2659
7952
6248
7210
5183
1953
2031
2254
4926
2588
8714
6594
2591
421
551
10509
1838
6593
8713
4020
2052
4203
948
4948
3573
5765
955
4429
7094
1602
7093
1467
10508
2083
6511
7990
10506
692
4367
10504
10502
744
2195
951
10501
5717
489
10500
10499
2456
2971
10496
5237
10494
8479
8478
682
4371
3155
7949
10549
2187
3138
7920
5782
5775
3603
7919
3780
1606
7024
6613
3889
4351
4198
1144
3182
6535
2188
10545
7419
5710
3157
567
3764
10542
2433
8459
4435
6186
6306
3579
2035
1121
2820
5854
10540
10531
7091
5741
2163
2425
2459
1345
7318
3137
5881
10528
2150
2654
2598
4834
10489
4807
612
3121
10487
4805
4451
4727
8699
8698
10449
10447
4448
317
8696
8695
8724
3409
10434
3559
4233
4804
6507
722
4959
2870
5031
2369
10432
4215
10431
6487
3251
10429
7929
2664
3995
4414
7928
1371
7926
4028
7930
10427
5021
8753
8752
2469
3894
1383
3150
2198
6996
2166
4005
8572
10481
3715
5705
10480
3030
7257
1863
3489
5110
7906
1209
2110
2302
8746
7202
4761
2935
7084
4049
2718
8508
8737
8727
5612
20
7827
7828
7406
2908
4419
861
346
7825
10460
3848
7109
2333
8560
1219
1948
613
8726
6465
7885
4390
5010
4998
1917
789
4124
2154
3091
3939
7892
6286
1120
1791
9152
2955
521
6624
4799
201
2997
3565
8728
6115
1192
5679
2197
7851
4121
5009
8524
6144
1498
5001
7853
3270
9161
7175
712
5691
9188
7866
2909
7048
8130
8094
2755
8740
8509
7047
6362
1459
2712
294
762
1720
2070
2215
7362
8744
8745
8748
2730
795
3052
8131
9104
6366
4243
310
9101
645
901
422
733
7026
8540
8014
4909
4368
9088
3790
2543
8015
9087
9086
8020
9085
9083
5669
2557
3767
8046
2818
5706
6135
8890
5993
2112
7154
7418
8268
10875
6243
10874
6403
6380
7028
2209
865
6242
8152
6244
2710
9118
9115
2964
7858
874
1718
9113
7950
2926
9112
6292
6065
7804
6784
9271
8464
9267
8189
3597
8078
3393
4357
8067
9261
4195
7192
7325
9275
5025
5038
2600
5923
3775
9294
6063
7724
9293
3012
8708
2007
1582
9288
9286
5030
9283
9282
9280
9276
9247
5639
2034
2503
635
8150
4436
1748
4111
716
6582
9208
9203
3542
3276
5033
5620
9239
7799
4442
4801
4188
5942
3844
2409
490
8054
6818
4886
9230
6762
8482
394
5930
5008
7151
8051
4905
3600
9220
6747
8087
9082
502
4447
8915
4156
3199
8920
1302
3414
5947
1814
6070
1620
8930
8957
3097
8484
8942
4396
4915
8076
8944
4919
4159
6474
8118
1380
7032
1759
8914
3756
3335
1858
8107
2785
8965
5912
5000
7208
2779
8931
6567
1677
6333
8938
1103
4004
7184
6264
6994
1108
364
2898
3867
4068
5584
2655
7838
8950
8497
1991
8964
3352
7965
8960
8958
6619
8969
5950
4957
2296
2073
6274
10780
2115
8909
597
1983
3323
1673
8801
4881
5952
356
3367
8926
5331
8463
1165
4817
7152
5311
2494
1770
8465
7946
8913
3326
3501
3361
8910
5291
5920
9046
2485
3952
4417
4870
9044
8468
7931
242
7934
1576
8970
9051
9036
9035
9033
6514
1961
2786
6633
7907
2513
2015
6003
8577
10775
7910
5306
9068
7281
8550
1528
84
845
3235
8244
8813
1666
9061
1288
2236
933
5363
7976
4374
1571
2876
8817
8821
2851
4721
5081
2390
1843
8790
2645
9007
4792
2815
8999
1299
4299
2402
8823
4207
7009
4149
7954
6599
2817
145
4244
5378
6601
6602
10816
7029
3584
1674
10818
6167
4945
9602
5992
652
6919
6415
113
7968
9302
9595
4422
1907
8515
462
4382
9587
8555
6609
686
8765
1837
860
3691
1382
4838
2601
8766
8767
5132
7236
8488
9547
3915
2544
8470
5884
7802
2220
1311
9539
5349
4409
8781
1140
5072
8541
1211
2638
2204
3041
3010
7341
6935
9557
9580
7814
9566
2669
8575
6674
5267
8525
869
4322
9719
3258
9725
2992
7884
2172
7888
978
1019
1313
7889
3197
832
1555
3022
8690
7365
6916
5225
5222
2058
3354
3444
4184
8629
2505
8512
8573
10824
8215
10825
7169
4099
6219
2837
1566
8121
9703
3019
7277
1022
8535
9728
9753
576
6539
919
6982
9745
8115
4026
2139
3812
3768
1762
3946
4356
9738
1850
8630
8634
8623
8117
844
830
9666
6647
9662
3168
9660
9668
3412
5239
9656
1215
1064
9651
936
9650
5268
9648
3320
9644
986
8637
2586
6658
1860
6138
9689
6590
6662
5938
5272
2023
1060
7153
6383
215
3413
2580
9681
3629
9677
871
6949
8542
6584
2479
8492
9382
3034
5794
8148
5283
4412
8047
395
2767
8071
9375
6476
729
3711
9361
3709
9371
3298
9387
3713
1145
8069
6564
9405
1661
7125
3293
9404
1010
1216
3755
6537
2454
9359
9358
8059
3149
7392
9318
2923
6578
9317
9328
9314
3371
1440
4461
9308
8620
3300
3139
2608
9315
1810
6417
6864
10776
6866
5259
5352
4260
9348
4167
9345
2583
2890
4366
4370
4867
9356
336
2032
627
9338
7473
9334
6907
1425
9497
9496
1624
5518
5519
1623
5520
5521
7476
6908
7178
6234
10819
10820
10821
9478
9476
9474
9485
9526
9523
5060
6289
2400
5153
704
6820
4433
6000
9521
9519
6991
321
2298
366
9509
1023
3885
9508
9438
3438
2842
685
2533
4935
6797
6355
7563
4745
9424
303
7532
5859
5493
9421
2633
7429
4175
4846
7116
5064
8511
2453
9468
3236
5501
4405
1726
3714
2399
9467
7433
9466
1143
6109
848
5866
7437
6768
3360
9459
4385
8519
7424
4462
8513
9433
4127
7400
8842
7332
6863
5065
8539
9522
9501
4787
1112
7718
7113
9483
4444
7133
2050
6701
6703
6704
5874
9346
2573
3566
7692
7693
2047
1960
1269
3277
7695
8866
3890
6897
3216
2872
258
2384
9401
3978
1771
877
9402
730
2227
6319
1670
910
9384
9379
1048
2003
9380
3818
7774
7218
3799
1522
7786
2979
5829
2843
8876
9661
3577
3017
5062
7792
6748
9733
6051
5547
9749
4975
7147
9720
1937
6918
3429
2124
9535
4734
4352
9615
4350
9622
4276
4921
5841
2027
9625
9635
9588
1905
9593
9004
9006
6883
8995
4337
2012
2998
2883
8883
2146
8884
644
2644
2051
7232
2915
6309
7600
7003
2502
7601
5117
2972
982
3315
1020
8990
9065
2037
7145
5831
9067
7610
7612
1561
7264
8867
3518
4437
9066
5824
1362
9032
2343
4245
2581
3053
4117
2081
7619
3673
3072
2776
6693
6228
8917
3462
7593
4083
1959
5109
2064
6506
4290
6232
2184
1244
5044
7568
3666
7373
5397
8924
8925
2616
4259
8503
8954
4452
291
8941
8940
2010
6780
974
8936
1788
2756
2497
2859
8879
7023
1629
7372
183
8923
5434
2938
4958
2042
3698
3694
7141
6839
4041
3230
9273
4918
7580
2850
9222
4407
9225
6315
9233
3716
5468
9214
9290
461
5471
7140
7139
9291
8458
6799
9272
3719
1558
2823
6197
8461
9268
9192
7670
9133
5088
2422
1519
9089
7366
5480
9095
3000
2921
5997
4987
3127
3608
3598
3618
8546
680
4019
3238
1062
7654
1029
840
5800
415
9136
8190
4884
9137
8843
5975
203
1199
6997
2424
587
6220
4308
6479
7342
8229
9187
5073
4378
3862
9140
2682
4143
4302
5295
8455
10062
4464
6871
7135
9151
3382
8209
7164
10817
1538
2062
8887
199
2380
7137
3962
8534
5445
8551
1110
4726
3973
9121
9096
2708
7195
6553
2716
3581
7223
9090
3552
6224
8829
8846
5977
8865
3214
7664
2752
1324
6793
850
2934
7138
2183
9253
4925
5090
3763
846
4238
3024
9207
9235
6267
7588
9229
1756
540
6361
7581
1700
5467
2372
5042
3011
8908
4728
639
4389
8949
4235
2327
3203
8487
7144
4151
4453
7573
5071
8861
3943
2267
8922
1636
7569
3312
5872
4459
7595
4077
7596
8911
8971
9039
431
2256
6317
9027
6042
3520
5408
9074
7143
6707
2914
2565
2185
3009
1460
8993
6735
6760
4780
2186
4363
8980
4090
2702
8979
6184
4878
4917
9017
3372
2078
3469
7766
2444
7765
3771
9614
9636
4036
9633
888
6741
9624
6334
9617
4791
9540
5553
2450
7280
9576
9561
5837
9713
2492
9709
9706
6485
9705
9727
9751
2360
9747
9743
9740
4911
8483
9729
9754
2120
7793
6745
6439
4358
9699
3811
5543
5540
7785
9671
1381
9696
7779
9692
7775
6757
2868
9687
8552
7740
9672
9698
4092
3859
3659
9362
5581
3646
6342
7149
9393
5577
7134
5576
3443
2920
7142
9323
9343
9352
3561
8853
7006
8856
9416
9490
6705
4902
4710
7729
9489
3291
9487
938
7723
7721
3192
7720
1854
6028
4169
7717
9524
6711
4166
9518
5562
6728
2030
9473
2671
2642
5561
9434
4854
4170
8514
3016
6721
9463
8619
5532
7454
9462
9451
9447
9600
9448
9449
9453
9455
2387
10834
10833
4974
10829
10828
10827
2809
10826
4187
10832
10830
10831
679
6408
3419
5499
9469
6832
9443
150
8510
7431
7459
9417
3866
9418
3944
7117
7464
8168
8533
7536
5494
7534
9422
2717
7531
1969
7248
6548
9426
9431
1911
9432
9435
2306
2621
6076
9439
6789
8593
8615
9505
6786
9507
1990
4790
9512
9514
9517
4440
3651
6153
4434
7546
5852
9525
8532
690
579
5069
9475
7484
7482
6290
3275
4355
6446
1521
8476
3791
6805
2812
9488
9493
9494
2844
2846
4875
6087
2578
9413
5385
4365
9336
2692
9339
9341
9342
6294
1327
7190
3582
9349
582
9353
3658
7489
9355
7509
2371
7508
9331
5257
274
3678
7504
7122
6231
1809
9316
1785
4455
7330
2346
5053
4756
7490
7193
9324
7830
8493
9327
3685
471
3729
9391
9396
9397
5245
9400
10793
10794
8192
8485
3181
5050
4224
5802
5242
9407
9409
870
9386
675
9360
6912
479
8085
9364
9366
6922
9367
9368
9369
8074
5273
9370
115
7021
3035
9378
5048
4729
7130
8466
9381
4832
1963
2687
3430
8554
9676
3078
4255
581
1886
9686
4936
5936
3201
8003
5929
3071
9691
9693
9670
4458
8038
9655
5270
2963
5953
434
8026
1016
8025
4100
9657
8124
7129
9658
220
3539
725
9663
8517
8116
9665
8100
3805
1257
4717
8151
819
4375
9736
4168
6902
4733
8624
9741
3355
4348
9746
5203
7263
8633
3477
8135
1679
2605
2835
4991
5230
9704
2564
6217
517
5221
1621
5978
2990
6069
9707
9708
6681
9711
3671
7894
4773
7890
6080
4146
7887
6130
886
7881
5236
8200
9722
9723
420
6437
5129
1082
8784
3977
9579
3892
4062
491
2826
4272
4831
827
1475
9545
7803
2225
3324
4731
8779
8775
8774
7265
6517
9618
5093
6637
7845
9628
9630
4914
4770
9632
4404
8460
5339
7013
7834
4418
9639
5337
9612
4138
6486
2242
9590
6370
1272
9597
9599
6236
7969
3614
2822
4423
1929
9607
6605
3411
1665
6038
1526
9528
1851
9301
3880
7963
3823
4762
1314
6596
558
6373
7951
9000
5139
3294
7243
8791
3493
9013
9018
8996
7998
7201
8818
6980
4311
8816
7983
8582
8581
9026
9059
935
1797
6229
7146
9062
7921
2521
9064
8812
8811
842
6525
7283
7917
5333
6874
5307
1825
3102
7320
4446
8167
9077
6635
728
8538
3195
7904
7944
7943
4393
8537
4391
9034
1393
5887
6493
3759
9040
3122
167
8093
3109
2865
3979
5292
8614
1965
3981
4736
8916
3144
4278
3707
7908
1906
6625
8893
8462
4402
8905
3461
6427
6468
2274
3458
4040
5321
2559
6004
2461
5316
4415
538
4416
7846
1285
1245
8932
8935
8947
8496
5769
8946
7877
7879
8891
7217
7136
8939
2902
8967
854
6614
4384
8494
8489
8096
4386
3083
6020
8099
4395
2412
6646
8906
8945
6159
7351
8943
3884
1161
8934
8050
8933
5734
8966
4891
4165
8896
8557
5748
8138
8918
4445
8912
9080
3928
2913
5138
2423
5137
5136
4840
4456
7150
9228
8261
3446
2222
6452
9244
8717
5133
2191
4424
8504
9242
7625
4430
724
7203
8502
4182
1682
9246
6011
7310
3742
3905
3093
3380
2571
3336
7566
525
3402
6282
4008
5601
5949
9248
9250
7551
9251
9254
7488
9255
3984
9258
5610
5644
9262
8089
6739
9265
3448
8705
1420
3259
9269
6550
3937
5684
9191
9110
4946
8700
7813
2293
6804
6460
5023
1100
5697
3828
2532
9116
9117
6524
3500
9119
5650
8474
5165
7415
987
2193
247
9126
418
9127
4359
9130
3418
6577
4131
3766
4979
1156
4147
884
4345
505
4798
5672
7353
1347
2593
9093
9099
8009
8008
5157
5651
8035
9102
8031
4177
1585
9105
3935
9166
3056
4428
3664
7043
3063
9171
8743
5700
9173
3528
9177
2432
8119
8739
7346
3679
9183
290
4080
3667
7864
8736
6948
4289
3464
5688
9146
8523
3611
2213
4449
9149
8729
5150
2428
2693
3175
7891
6091
9156
9157
6623
8528
5594
1006
6860
2634
9755
7204
3021
9945
7810
7809
10458
5871
1279
4962
6464
8228
6952
10461
4842
2252
10463
8159
8158
4963
10835
10838
10844
10843
10839
10842
10841
10840
10845
10837
10836
6198
10846
10849
10848
10859
10858
10857
10856
10847
10854
4977
10853
10852
10851
10850
10855
2443
10791
10789
711
1009
7087
8747
10479
8246
8750
5107
2619
659
6407
6628
6520
2305
10455
3241
6629
835
8751
10425
1442
7270
4820
7089
5617
2065
6988
2681
7927
1631
5780
2135
7933
4400
10430
6630
5768
3922
7938
7239
10433
2263
3640
2922
10868
8616
10867
6209
3898
10784
10778
2924
4148
10450
7304
5013
3527
4284
687
10523
10525
6632
8576
1569
10529
8193
4713
6972
4746
6523
6252
7284
10532
10537
7912
10539
1049
5735
10541
3846
2816
4954
1189
5719
7918
4373
1281
2726
10546
10548
5756
6878
5757
10490
322
5773
8710
10492
7289
1286
10495
2126
3374
3604
2901
95
8218
10503
5003
8499
3170
3792
7991
984
1689
3871
3394
3682
7996
7975
3111
1885
4326
8230
6595
10510
2363
4150
5034
10511
10512
7955
10513
3833
5676
1639
10423
10422
7961
5682
10357
10327
10328
1891
6606
1494
6607
1012
10334
8715
6492
8716
4021
10339
3748
10340
5653
2526
3875
10346
1306
7097
7829
10349
7158
696
7191
2736
4864
4933
887
5659
4947
1303
10324
6163
5600
7839
3503
1308
10296
5633
10300
10301
5630
7844
6937
5623
6925
3507
5783
6372
3702
6638
10304
7822
3688
10307
8612
6667
10323
10310
797
2006
3385
8225
947
10314
4018
8201
4401
1893
2587
10321
7181
4194
7098
6672
4134
7222
7022
10421
10359
3505
3757
3375
7820
5935
10394
6240
1270
3684
7873
381
6867
5343
2576
7348
5350
10404
5231
8213
6431
10405
10410
6677
3623
3615
10411
809
10417
6678
4089
4876
8270
6913
10419
10420
8271
10391
10389
4087
10361
614
10554
10363
6977
5240
10364
4460
10366
6053
7862
1768
966
10369
10371
2777
4432
674
8822
5176
8233
2528
4247
10388
1540
3548
2131
769
2828
6664
10381
3656
1986
8126
10862
4204
10861
10860
8191
8613
4992
7101
10386
10387
3865
2430
6870
3572
8112
1892
10744
6642
10739
10728
10730
3410
10750
5485
10756
3772
1004
8136
8137
3348
7010
10690
8108
5057
6409
10682
602
1708
10710
10708
8815
7200
10705
10704
10706
8516
10714
3803
2982
10720
10721
8521
8183
6086
10703
3804
8527
5822
6056
1075
6654
10694
6156
4091
5983
3483
10736
4889
3786
10764
10752
4342
10729
3018
10731
4361
4362
8526
2720
339
10740
8043
10741
4900
6100
4347
5461
8023
10732
3459
10758
3370
4354
4291
565
6463
694
10713
7401
8258
7416
10798
8265
8266
1129
3025
10615
8495
5460
10589
385
8016
10594
4349
5814
5452
10599
1539
6016
4364
6275
7398
6478
6587
4372
5464
10608
5463
3449
1903
10613
7167
10586
8081
5842
10585
5527
6559
2599
7081
8170
8477
10583
10556
10558
10559
10560
10561
10563
10564
10566
10567
10568
8048
8548
10573
1001
10577
5241
10579
8545
5284
7007
10581
1007
2800
10584
5357
8786
506
6332
8806
10653
8162
657
10658
10659
5365
10662
8062
1239
10665
807
10667
1005
10669
6930
3304
7079
4360
532
3551
3847
6301
3450
8161
10645
7493
8498
10619
474
8269
10622
5602
10625
6901
7498
3244
3953
3541
10629
10630
2721
6890
7363
5727
3533
10633
5808
822
8144
4883
2983
4443
8518
10643
4908
10644
6572
3067
8243
7334
1030
6560
9925
1597
5708
868
8676
9927
5037
5714
9930
9931
180
3562
4154
9935
9936
1333
5637
8530
5597
9937
8665
8666
8667
9955
5863
7478
3423
770
3339
9941
5197
2836
3474
9947
3985
1484
2403
8242
8544
1485
4381
4047
5586
9894
3696
1329
1908
9897
9899
7259
4413
9900
3904
1331
4410
5746
9903
6500
9904
9905
6148
5724
4052
9908
9909
7547
9910
4815
7549
6308
5312
9916
9917
6794
5322
9918
6795
7555
5309
8681
7307
2832
8636
10006
2510
9995
3485
8686
4956
5364
7541
5939
264
7540
2916
1807
9998
7517
10000
3924
5095
4383
7519
4212
8663
6162
5908
3135
5235
6291
10013
944
4850
7244
10015
1822
7528
6300
942
9991
5282
9989
210
553
4830
4425
5243
9961
9962
9963
9965
6341
4763
7331
9967
5810
7462
9970
9971
7425
9973
6090
8480
7446
7432
9975
4848
5530
9977
6826
6829
1834
6831
6425
8639
9983
5498
6215
7435
3596
7434
6834
6836
6838
6841
4786
5572
3261
9985
9987
1681
557
5559
1249
8467
5552
9822
9791
9794
5838
9796
9798
5428
4779
7450
3486
8644
3307
8645
792
3487
7360
3580
9821
3494
6720
9807
9809
9814
2857
9815
9816
9817
7783
8507
3302
8647
6459
5174
5455
9789
6727
4629
5451
9764
691
5986
8650
8651
8652
1820
5443
3824
9777
9778
9779
1003
9784
2411
7726
9786
9805
9823
9872
9862
5457
7730
5121
3966
7008
8658
5119
8659
8660
2889
5113
7736
9876
7712
2148
940
7711
6475
9877
8761
7250
3013
7249
4638
4912
7211
916
4827
8563
9857
9856
9855
9854
9826
9829
9830
9831
1611
8553
6369
9836
2980
5101
3207
4186
9840
9841
9845
7703
9848
7240
9851
3936
9853
3560
4655
10024
6773
7710
6775
4641
2698
4012
10194
10195
2311
10197
10201
4609
7251
5989
4312
4861
8871
4988
4603
4604
5067
6246
1672
8838
5524
10208
5483
6008
5251
669
6432
7242
7787
10223
10209
8501
8570
7301
4329
4714
7305
10210
10211
5790
6744
1706
10214
10215
10216
10217
4254
7067
5134
8825
7293
668
3399
5266
4697
5261
10192
6892
3248
6433
4704
10161
10162
5915
10165
10166
6951
10167
5215
8529
344
2295
7747
5904
4662
10169
10171
10172
5054
10173
6073
3158
10178
6751
2660
10179
5206
4234
1092
10182
7759
1295
10184
10188
7762
10207
10226
7212
8522
5287
10266
10267
3743
2535
7682
10271
6770
7623
8549
7070
10272
10273
5351
6010
5341
7072
6354
4269
4677
4338
6045
3747
10280
939
5381
10282
10283
10284
6037
10285
10287
4685
10289
2214
5084
4268
6710
7613
6414
10260
10275
8486
10241
7614
10229
7616
10230
6324
5371
826
10232
8547
4498
10235
10237
5368
10238
3965
10246
4796
4063
10249
10250
803
2640
4055
116
10157
10090
2860
5076
8473
8471
10067
4067
7575
1243
10070
10071
10072
10074
5002
4521
5761
10075
10076
1340
1515
4495
3359
2680
10079
10080
5718
3378
7582
6835
10082
189
7585
8500
4192
8841
1332
2314
5754
3172
4209
10057
7592
6326
10056
10026
6830
7652
7168
6957
2358
5614
6018
7656
6279
4057
8885
7338
5588
10027
10028
1055
6150
7662
2937
7335
10034
10036
7666
10037
3699
6104
611
8490
4485
6790
855
6061
10049
3712
10053
5698
7675
7368
10054
10091
6484
10092
10126
10804
2725
10805
10803
10770
1396
6442
8854
6998
5015
4526
7651
10132
7626
6387
3437
7627
2370
10134
8472
851
10143
5670
6819
1043
4849
4797
3829
7076
7326
8543
10152
10153
10154
872
6303
10123
3338
7640
7641
10122
4568
7643
4569
6295
10098
5686
10103
5685
10108
10109
10118
10121
9756
3726
8536
5609
3728
1231
3734
10119
3735
10117
10116
10115
5604
4581
6214
10111
10110
4015
7649
7648
10106
5590
10104
7414
10102
10101
10100
7647
6174
2743
10097
2950
10095
10094
7642
3553
1970
2952
3332
4590
7638
8318
5832
8339
10151
10150
7635
5622
8830
10147
7632
10145
10144
7630
4532
10156
10141
10139
3639
10137
4533
8351
10135
3599
5755
7355
788
3389
6802
6338
1282
7678
6783
1800
4544
3645
8287
5716
1031
7075
10073
7367
5100
3670
977
10052
10051
4549
10779
10781
8188
10777
2103
883
7669
10045
7668
10044
6216
4551
3957
10040
7327
8874
2395
4298
1878
10035
8873
6791
4075
2121
10031
5739
5723
2665
5803
7658
6850
5725
6155
6026
10058
4882
900
10087
6827
7586
755
10085
7407
8848
2969
3535
3537
3231
6158
921
1034
8451
10078
6842
8445
4105
8453
7577
7380
4490
7576
10069
3267
5608
3986
7389
10066
10065
10064
10063
6084
6498
10061
10060
7574
4493
5663
5655
953
10158
5641
1320
2799
3762
1423
10252
10251
4263
1015
6983
6730
4523
4829
4515
10243
3191
10242
10240
10239
7622
945
3782
10236
5785
7621
10233
4594
7620
4501
6700
7615
10228
10227
5367
4754
4682
5342
8399
7611
3858
8391
2326
3806
7606
8387
3810
8160
8165
5234
3813
8388
3972
3822
10277
2750
4670
4301
8227
2441
7041
6955
10270
10269
5903
2517
5246
6774
8886
8239
4693
10263
6180
5541
4193
1241
10225
10224
7033
3497
3435
5412
10185
6776
4874
5424
8406
4275
5427
5390
4942
10176
10175
473
6752
6250
7750
2778
5478
5482
483
7285
8882
8881
6869
526
4037
10163
3032
5459
5447
10189
5314
10191
5444
3472
10221
7068
5085
3779
7796
7317
5179
2043
3031
3910
7791
10212
6743
4635
7789
4218
6888
7788
8407
8433
4636
7781
5787
7266
7777
7776
6074
5070
3317
6006
767
10199
10198
8177
10196
8439
8851
1375
5185
6777
2351
7011
1101
6769
9852
6765
4645
9849
4735
9847
3460
4719
8828
7702
3914
3318
9842
6312
7700
9839
9838
2518
7697
9835
9834
9833
5399
9832
1697
5201
6314
6471
9828
9827
5873
9825
5851
370
7691
4784
4119
9887
7689
5046
9884
6058
9882
1246
9880
9879
4627
6759
721
5418
7737
1318
3931
4607
4017
4613
9873
6039
9871
3921
9870
9869
6477
3415
8657
5061
7732
9865
9864
6966
5554
9861
9860
9859
2974
9824
6055
7174
1294
4623
4220
4664
3920
5558
5579
5569
5568
10802
1869
4034
6989
8580
8579
6225
5564
3050
2635
7012
9771
6097
6099
7716
9769
6986
6987
5497
9766
9765
3912
9763
6239
9761
4223
9760
7715
7036
5526
2486
1248
9790
5522
4692
9819
10808
7037
5515
5513
3309
2378
7061
7427
6164
9813
9812
1652
9810
6052
9808
8317
8299
4687
7457
5991
9802
7456
5181
7455
5263
5280
5278
8643
8642
8303
1310
4088
9795
1011
9793
4660
6413
1276
9890
2696
7060
5264
8155
9986
6924
4890
8296
4766
4671
5224
5228
3558
9978
5232
7452
6843
6083
8638
8221
3441
6542
9972
6962
5896
8278
5902
9969
9968
8279
2145
5344
4960
1723
6241
3280
2951
10822
4885
1721
10823
839
1668
7529
8286
5358
3738
3730
10017
10016
4022
10014
6040
3727
5187
1291
5083
10009
6237
8182
2170
3101
4772
10004
2331
6914
10002
10001
3427
4500
5335
8338
7516
6812
9996
7313
3467
9994
4316
2775
5985
8683
3099
5305
5302
9939
9920
9919
7565
1298
7564
1321
3750
4813
9913
7058
9911
4463
6801
8257
7229
9907
8349
7544
7543
5294
9902
7514
8678
8689
5984
5288
4504
4814
3492
5329
8350
7485
6927
5323
5320
7483
9921
9922
8353
6809
4066
9924
9954
5738
9952
5720
9950
9949
4511
4513
9946
6808
5762
9943
9942
3704
10787
10786
6166
4716
8214
6461
6152
6435
4189
4852
2960
1695
7054
5585
9934
9933
4494
6068
6911
9929
9928
5699
6192
7034
4219
2882
570
10258
3306
3126
4471
6576
3701
6571
7053
10641
7507
10639
10638
10637
6336
10635
10634
8330
2787
5668
4474
3606
7502
7512
1264
7501
5809
7496
151
1238
8334
10621
7494
8602
1542
7188
3271
1954
7377
5195
4862
4236
1646
1647
899
4529
7696
10670
4821
6999
4565
4576
8064
5613
5635
8061
2229
5625
4181
6926
8058
5844
10656
10655
10654
4582
6558
6946
10651
8692
7176
5178
10649
10617
10646
10616
8333
4583
7369
2245
10582
5175
8785
4588
8052
7080
10580
1296
5827
10578
4591
10576
5711
10574
8332
10572
4530
5196
1290
5745
6443
4104
6258
10565
3346
5731
2734
6389
7018
8782
8245
6563
10678
6440
4995
7328
6278
8091
5747
6423
8077
8325
10611
4539
10609
4730
10607
6481
10606
8321
10604
10603
5781
8320
8337
10601
10600
2761
10598
10597
5759
10595
575
8340
10593
10592
10591
8358
7108
5774
10588
10587
6046
3800
5766
4953
7106
4806
5786
7258
10757
6659
10759
6657
10768
8021
2391
7163
10748
4321
4546
6656
1876
8764
8763
1325
1235
6895
4553
8762
7247
8039
4557
4688
8037
8348
6455
6107
8033
5712
2569
4868
3125
6655
4558
1338
4325
6142
8760
3544
8759
5116
8789
8027
4556
10692
7103
10688
4793
2320
10683
6651
2261
4808
745
8820
6450
7209
8819
5108
8125
4550
8127
8132
8134
5749
10717
8341
5740
8097
10712
5707
10707
6385
5976
7295
2419
8292
197
10709
6263
7102
6533
6386
8814
7314
4542
4132
3159
10697
8133
8284
8139
4541
6261
8120
5764
6260
5848
8105
2652
10747
10555
10557
2748
1343
7252
4952
2958
5771
5772
3550
6899
8128
7237
10383
10382
5998
10380
10379
4803
932
10378
10377
10376
529
4537
7870
7867
8314
4976
3285
5112
4929
4536
4534
7863
8310
7857
7855
5860
7874
4176
10360
1336
5643
10390
5616
4982
8586
8197
3425
8231
8804
6335
6044
10414
10413
10412
7100
8361
8621
4559
6203
10409
10408
10407
10406
6973
963
5628
8363
6062
8425
4981
4592
10400
1326
7361
8251
6193
5631
10395
6673
2321
4562
6147
8184
10358
6124
6445
8419
7811
5636
6670
10317
10807
1273
5638
7412
7806
10312
6668
10311
6544
5640
4739
10309
4589
6639
6280
7847
7224
8792
8758
8757
5103
7187
7185
3404
2396
10297
7841
8723
8721
6391
7840
8429
10325
6527
5589
6531
10355
3426
7833
4749
10352
10351
6529
10350
5995
5596
3832
10347
7096
10345
7848
7898
10344
4580
5603
4579
10341
7226
7095
3663
10338
10337
5605
8718
7206
4822
10336
7971
4887
10335
4856
10333
8447
6140
10330
5642
5645
4333
5680
4575
7960
1696
6032
10518
10517
10516
8600
10515
1266
7956
3179
6985
6981
1337
8409
1042
5687
10507
5689
6412
8712
5690
8604
4744
6410
5693
5694
2165
8381
10498
10497
10871
10873
10872
10785
10870
7981
6877
7980
10493
6103
6600
8709
6094
5695
10491
7092
10519
4570
10552
10522
10551
10550
5675
7038
4715
6873
5674
10544
5673
8373
7916
5658
7915
8372
10538
7911
10536
3055
2341
10534
10533
8706
5155
5156
1334
5647
8385
5648
10527
10526
7903
3654
4202
8703
8702
8256
2737
3531
1995
3088
7924
10452
4024
7947
7925
4567
8400
10446
10445
1236
10443
10442
7274
7945
10441
5656
6920
10440
5662
10439
10437
6631
5664
5665
6023
8694
8693
8722
5973
4527
5671
6921
6491
4293
656
8226
3433
5661
5017
8754
8389
7935
7936
10426
8223
5163
5164
5654
10454
6522
578
10485
10484
10483
10482
4860
8171
8383
8749
1790
7297
5167
5168
5169
4487
1987
10476
6622
5970
8374
2592
10475
6082
8204
6933
7385
7157
3809
10473
1033
5024
5198
7982
2375
5148
2993
1093
5606
10471
5595
7958
7964
10469
10468
7383
3784
5592
5591
8250
8247
8440
5027
8441
4705
10466
10465
3602
4851
6226
3856
7826
10462
7837
2368
10459
1021
4795
9757
3773
4480
6689
4479
7045
7880
7882
7883
9155
9154
8298
7893
7872
6211
10869
1179
4996
6210
8618
3005
6212
4994
8617
9138
8145
132
5922
9164
5629
6956
5624
4014
8095
9182
9181
6340
8282
1013
8114
8106
9175
9174
5619
5618
7001
5615
7186
4984
2234
9169
9168
1278
885
735
8208
8028
9103
8345
4473
9100
8355
9098
9097
9094
8010
9092
6568
8725
7344
4472
1237
5914
9084
5713
9107
9132
8075
2782
1265
5709
8086
6235
5744
8088
4196
9134
5751
8697
4309
2781
6253
8060
5753
4468
3752
9114
4467
7901
9111
10809
7818
6262
4466
8207
6221
3754
5728
7254
8356
5776
5779
6906
828
8090
4465
9260
4524
9257
9256
4839
4522
9252
5582
8280
9249
4520
5313
3595
9287
1981
9299
6238
9297
10806
9296
9295
6017
4519
8411
831
5325
5326
9285
6059
8452
7704
5328
6963
9279
9278
5143
7049
3498
3706
5330
5332
7578
5310
5297
9212
9211
3106
8422
1319
9205
9204
8427
5289
5889
4200
8597
4980
1250
9194
9193
9216
5290
9218
9219
9243
7110
5293
9240
7221
7631
5145
9232
7288
5308
9227
9226
4512
4816
9221
7035
4898
4510
5301
5906
6137
5142
7849
7831
8907
5303
2308
8928
8302
8951
4732
3636
5304
7463
7112
8172
5080
8068
6339
1323
813
8041
8313
8289
8902
10800
10799
1130
8142
4508
8948
7861
4171
4507
8426
10782
7227
10783
7876
7812
6462
8794
5141
1305
5336
6451
5362
8963
8962
8961
7974
6254
7988
6255
6014
8952
8797
8260
8249
1018
7914
8898
8371
8895
7913
4503
1114
5366
2467
7922
8403
5369
6353
8937
9052
7219
5370
9048
9047
5372
9045
8395
6880
8393
5373
4593
7040
931
8397
2918
8398
3814
9031
4616
9029
9028
7942
3549
7905
9054
3119
8364
8368
4835
9073
6960
5375
9071
9070
1111
9079
5377
4684
8375
5379
5380
1240
8254
5996
4680
6357
5382
9057
9056
5361
1063
6374
2397
4679
5146
7287
5135
8991
8989
8988
8987
5883
8985
8984
8983
8982
8981
1271
8978
8977
8976
8975
8974
8973
5338
7985
6328
7992
8997
8998
9021
6015
1896
9016
9015
9014
5340
5345
9023
4686
6965
4179
6990
4750
9001
7973
5348
6597
8437
8199
9303
6603
4769
4281
4669
9608
5355
9606
5356
9604
3585
6879
4297
8448
5905
5359
1247
985
4666
6513
3722
6884
8432
9598
8431
9613
8430
4330
9638
9637
2004
8147
8259
8219
4663
1315
6067
9627
8413
1307
9623
4232
9621
3365
4858
6077
9616
5229
3525
6101
6665
9553
9552
8778
2421
8565
1053
6165
8564
7132
5219
9555
9543
1128
3521
3661
4031
6143
9534
9533
6089
8416
5233
6671
4765
9558
9582
9581
7119
5217
9578
9577
9575
9574
9573
9572
9583
9571
9569
9568
9567
5204
7823
9563
1234
9559
5205
7120
9642
9643
8210
3942
3358
9721
7878
4893
9716
5207
9714
6171
8173
7895
9710
8304
6682
4768
4702
7854
8311
8635
4871
7300
7016
5125
8626
9712
9726
8141
6472
8277
9752
8562
8561
6954
3508
5216
8129
9744
9742
6903
5211
5213
4700
4030
4774
9735
9734
5214
8293
9731
9700
4699
4032
1349
9667
8290
3240
8113
8291
4093
6649
6191
7279
5265
6652
5999
6036
8627
8343
6904
9649
7272
9647
9646
6041
8034
1045
5271
9669
8044
9695
5274
8241
5149
8262
5171
5967
9685
9684
5277
9682
1353
5170
8672
8673
5166
6585
5279
4873
6552
6931
6134
10811
10771
10810
5281
9471
6958
7121
8012
10790
6119
10795
10792
10788
6120
6064
8164
9372
8072
3718
4039
5162
8079
1330
1014
9365
8084
8609
8608
5249
7127
6173
9385
7126
8263
5172
8680
9411
6043
6176
9408
6302
5244
7124
9403
8205
4985
4199
941
4659
8053
5247
8055
3417
9395
5250
1344
5260
9390
9389
9388
4899
5252
9329
8063
9326
5253
5254
6230
1342
9321
9320
1339
5255
4972
6976
6205
6967
9313
9312
5258
9310
9309
7499
8661
9306
6157
5384
4622
9330
8606
8194
7511
8328
9354
4621
6027
9350
8327
5386
9347
6862
8611
8169
5510
5882
8324
6102
6588
1024
1688
6543
9335
5511
9333
5512
4620
9415
8641
4332
7000
9495
10877
6257
6072
9492
4619
7479
5523
9498
6259
9482
9481
5525
8357
5158
5122
8646
5529
9477
8354
5508
5507
7220
5495
9499
9500
6816
7542
2143
5486
5487
9520
5488
6079
9516
9515
1242
4129
5490
9511
8178
7548
10878
7550
9506
5491
7118
5492
9502
5496
4708
8653
5152
8234
1304
9436
4612
5500
8342
9430
5502
9429
8567
6116
9425
8288
5503
5504
549
4611
4788
6430
7451
7447
7444
3687
6833
8294
8143
5987
4038
5531
6896
7436
7439
6891
8312
6096
6095
8309
9461
9460
8166
8307
3403
6105
9454
7443
9450
8305
7461
9445
5533
5560
5563
5151
6358
9452
5566
9458
4888
6172
5571
8297
9464
4605
7423
9465
5573
9428
9420
9423
9427
5574
8362
9440
5578
4600
5580
6013
9504
9510
7714
1322
8424
8423
6009
7114
9480
4599
9486
7339
5123
5556
8417
9332
5147
5536
6337
8852
3868
8236
4110
9304
9307
6256
5539
9357
8454
9394
9398
7705
4597
9406
9410
9412
7706
5096
4896
9373
9374
8590
5542
7708
9383
3778
6057
5549
7148
9673
9678
5550
7772
9688
5551
7778
9694
1280
5982
8875
7273
4782
9653
7790
9664
9697
10876
8384
4654
4653
9730
9732
5411
5415
5416
9739
6910
8826
7278
7294
5417
5419
5420
8377
9701
7291
8860
8248
8869
7768
3817
9717
5421
3601
9641
9560
5422
9564
5426
5106
5429
9531
8845
8370
9537
8366
9546
9548
9549
5430
9551
9554
9556
9584
7298
5431
9619
9620
7756
5410
5409
9626
5396
5387
5388
4643
1292
7761
5389
5391
6538
9594
9611
6033
5392
9002
5393
9005
4989
9008
5395
9012
6030
5407
9022
4258
7597
7598
8392
5398
8858
8442
5400
9025
4637
5401
9069
6971
4033
6975
8402
6071
8255
8862
5102
6093
9043
5402
6359
8367
8369
5403
5404
4273
8927
5405
5432
8899
8903
5433
5462
8953
8827
8833
8955
5466
8900
8844
8240
7017
5099
8224
5098
6048
7381
5097
8892
8443
8153
4897
7583
9223
8410
8414
6875
9234
5470
5472
9237
4777
9238
9241
9197
9198
9201
6169
5473
5474
1351
8839
8836
9289
7590
4130
6207
10796
10797
7624
3733
1277
9263
5105
8849
8216
5104
4978
8587
8584
9190
5438
8855
8857
8859
8863
9122
9125
5439
9131
6885
5440
9109
9108
9106
6970
6019
8163
5441
8832
6411
8252
2525
5442
6092
5446
6882
5448
9165
5449
8186
9172
8206
8870
8880
8872
5450
9178
4631
4630
9186
5453
9162
9139
8323
6886
4162
9142
9143
9144
9145
9147
9148
9150
7650
6265
9158
9159
1350
6343
