5233
4815
8362
8194
4946
7942
7981
8363
7435
5367
7437
6519
6933
8713
4273
3303
2596
7521
5416
7927
8441
8521
7271
7071
3581
6523
8084
8381
5471
1828
4872
8707
7539
1162
8460
8681
2605
6464
5830
7742
8579
1154
8357
5368
7596
3221
4268
2608
8666
1147
1146
6020
3983
1144
6740
1117
1116
5672
8600
8409
4132
1087
2570
8610
84
8314
87
8709
8556
2575
2577
7506
6381
6089
5990
3817
8575
4980
8189
8413
8375
7000
2092
4890
5468
7895
8529
6765
8493
6550
4147
2584
6937
4311
4315
2790
6000
1105
4318
8694
6136
8394
5552
5987
3467
7124
3468
5554
7686
6235
2639
6128
7721
1100
4319
6425
6923
1098
7606
7735
7997
1097
4320
3474
6785
6132
6442
7340
5424
8081
7901
8259
1236
5520
8517
3668
8192
8577
6980
6007
3381
8235
8243
5997
5463
2614
7334
2619
7010
7768
2886
7627
7168
5702
7590
81
7979
7760
7512
5849
3669
6728
4299
8555
6560
6924
7752
4153
5370
8658
8715
8665
8688
8700
8699
8673
8708
5553
6982
4186
3936
6162
6873
4137
7391
8161
8504
6554
8094
4144
7977
7875
3431
8663
7957
7205
6807
1174
5808
6240
5722
6623
3695
6048
7597
6077
5662
8302
6826
7056
5473
3422
6760
7947
6142
6284
5556
6502
2986
7209
8041
3545
1727
5704
4732
7349
1738
1729
2853
8385
1730
3929
3821
4954
6654
6559
6736
6083
7930
3094
3702
6419
3037
6674
6557
5948
8693
7619
6757
5735
5947
7969
8176
924
4441
7897
921
942
5374
6231
7642
7605
83
8352
6730
2550
8233
7719
6547
5557
6542
6845
7407
5377
6750
3120
2556
7694
952
8568
7939
3901
8417
7195
5720
4450
7535
8388
2823
8238
5472
8697
8674
8703
8695
8607
8680
8701
8677
8705
8706
6405
6804
5558
2539
877
8234
6669
7903
6814
2542
3775
3260
6256
8431
6290
7906
5745
7536
2673
8513
8477
7225
8544
6186
8571
1705
8003
1707
5476
6909
5756
6353
7240
7958
8594
7803
7393
8283
6171
4755
5907
6044
7615
3174
7348
3532
2746
3534
3224
8685
8671
8640
8698
8678
8686
8710
8654
7285
5379
6850
6045
6351
6620
8055
3230
2762
7280
6712
6997
7254
2869
7899
7250
6627
5749
1065
5380
6210
8211
5892
8287
1060
7623
8515
8049
8474
3348
7811
8042
5888
3286
2754
3343
6878
1050
6428
8586
7142
8419
7415
5848
4881
8503
8318
7041
6130
990
5928
6895
988
7319
6163
8240
2679
2682
983
8106
8639
8355
3760
6631
8045
976
6499
6335
7386
2689
2691
980
4465
7573
6352
1015
7013
7322
1012
8623
1010
8449
3299
6856
7518
5559
7860
1003
8425
8560
7716
3298
6939
4388
8648
5560
8077
7199
7660
5705
7705
7617
5932
8696
3765
8116
7444
7224
6087
7728
6883
2671
4138
5499
2715
7563
1518
8264
1516
7263
4907
3314
5561
3845
8219
7310
4853
8048
5527
8569
3746
5439
5934
2721
4326
6634
1556
8506
2731
8711
8644
8001
4328
6050
6165
8457
8158
8638
7139
5968
7953
4928
8082
6217
7658
6330
8604
7675
3302
2699
7436
1473
1472
6115
7189
5427
2703
3793
6604
3357
8468
7770
6633
8036
7358
2705
2706
7690
1505
3363
1901
1904
4338
4340
5385
115
6893
8650
1496
5564
4805
6571
7369
7443
5572
8166
8103
6418
8714
8679
8704
5737
2480
1611
7643
8691
8670
8690
8657
8660
7306
5365
3354
6945
4409
4401
4403
4990
1628
5364
4405
7405
6956
4705
8613
6615
6038
4821
8223
1763
7417
7337
4386
5363
4193
6569
4832
6051
6013
7166
1760
8470
3595
7804
6737
5841
2807
2808
3593
3772
2263
1586
7772
4120
5674
6632
3349
6339
6304
4385
2249
8222
1591
2796
8553
3235
7915
3908
3164
5089
2241
3234
7983
76
8635
75
8078
8675
8682
8689
8661
8068
4384
6369
1609
7564
7729
8397
5566
7985
6701
4381
2248
6532
4812
1331
3966
7948
7191
6129
3179
6946
7184
6521
5345
8427
3078
8121
8011
4375
4006
7625
6940
8486
6889
3853
8338
8592
4372
4016
6726
7909
7207
6453
1351
6004
3789
1348
2302
6121
7910
4370
6871
1342
8565
5567
7480
6892
3721
8532
6931
1286
1285
1284
4369
1282
1281
1280
3248
1288
1278
6459
3249
7233
3781
5799
6734
3724
3142
1269
8135
7412
8530
1289
1290
1291
6932
8010
7807
2049
5941
4407
6466
8307
6481
7680
8185
7594
1306
8199
4406
3262
3971
7759
8621
3898
2881
1746
3681
2860
7806
3780
2277
7900
7495
6264
8178
7726
3498
7508
7538
7419
7339
1292
3620
4031
5348
5914
7629
6503
7265
8494
6080
1431
2071
5925
4028
2056
6891
8637
8576
6646
8479
3605
7789
7753
8177
7810
6609
3614
8175
1778
3774
7718
2173
4020
4023
4024
7582
1455
7510
7158
6112
7104
7761
6689
4747
6104
7635
7192
6511
7004
5707
8183
4913
6667
3508
8471
8664
1385
7061
7676
5686
8254
8482
3512
6949
5508
6545
1386
7515
3587
6088
1372
2149
7603
5975
4777
4027
6470
8595
8630
8667
8712
8649
5350
1389
1410
3730
8343
6601
7916
5501
4344
2156
7106
7283
5951
2817
6417
6822
8137
4362
7107
1394
7261
7525
8420
6064
2209
871
4043
7644
2213
348
6784
2214
346
5351
5865
8692
8459
6449
3388
2217
6300
2218
4044
6979
6443
7423
7693
6561
331
330
5683
6936
5352
8188
6431
373
8481
5489
5353
370
7069
368
5654
1853
8251
8543
7328
4852
7534
7305
7775
6314
6934
7232
8358
8144
4949
2803
6698
4356
8107
3750
5354
5570
6373
7929
6356
296
6590
7503
5805
7767
8248
6791
5765
6619
1770
7497
5680
7062
6930
286
6935
4802
8599
3753
2424
2426
6028
7471
5820
302
8316
6524
2429
4411
321
320
6438
7046
3259
8095
7800
315
3766
7408
7926
4876
8452
8050
3879
8398
5571
305
5358
7197
5555
6686
377
7657
7795
8632
8371
5886
7023
8652
7178
7491
8483
8340
7176
5703
433
3872
8335
3693
8383
6767
5521
8125
3762
6612
8540
2439
6348
8622
469
4014
8004
7089
73
8570
3021
7296
2463
3658
460
3380
4013
3958
456
7401
454
453
3758
3414
7787
472
425
7905
8432
3522
395
4461
393
6881
5563
8292
389
3520
388
4005
2474
8597
8215
8133
7655
4893
7961
8653
7670
6262
2113
7111
3127
3881
8669
6158
4765
8551
6903
8439
1692
7991
3756
412
4758
6157
4012
8053
6798
7003
8510
404
6742
4883
7683
7160
8542
7472
3995
4761
8197
4763
1726
7951
7537
7079
7291
8509
5551
4903
7878
8396
3850
3754
180
2395
8163
5740
6925
7746
6268
6198
4050
126
7453
124
7208
7640
6228
3375
2894
6867
7486
7181
8305
8326
7067
8478
172
6472
3281
6338
8390
8519
2351
160
159
6008
157
4770
6011
3275
4088
7203
4479
7771
7413
7085
5743
1732
7790
6961
8325
2964
3092
8528
1982
8218
8443
8485
3950
7709
7236
3986
7445
7036
7320
5362
7871
7955
2320
7679
2787
4909
7065
7400
232
4093
4757
252
2329
7210
4425
5999
8349
272
7299
7493
8242
7154
8210
7925
5443
5548
6161
7865
3370
8187
3729
5376
6563
3366
2815
3364
5668
229
6202
204
6953
7035
8412
7490
6274
3356
7194
4699
8104
2811
6681
6884
5549
5546
7588
8009
6541
7708
6579
8405
6659
7315
7252
7394
3295
7580
225
5860
8066
4420
7891
7449
6882
1975
7513
217
215
7633
7255
7631
3733
3646
7376
5395
6921
5394
6194
8716
7890
5052
7420
6745
7454
3548
3904
7237
2800
7885
5533
3096
8581
6656
7421
8676
730
5392
4697
8220
1970
8418
5403
7144
4097
6643
769
8573
7327
7674
5421
7913
6828
2949
3331
4449
2392
8625
3358
7792
6450
2385
6593
8580
1838
1842
6624
6983
79
3210
5068
6778
7931
5858
2355
719
2354
3342
2330
5391
6414
7295
2910
8533
7441
1841
6947
8391
5780
8628
6071
6820
8620
676
4116
8033
4899
7995
696
3767
4436
4435
2030
2029
4325
713
4410
7175
5397
8500
7827
3207
6169
2096
4886
8624
1837
8309
4834
5862
701
7911
2026
7120
3852
3691
7202
8361
6846
8462
7301
840
4859
3251
2341
4835
3858
834
833
3263
7777
7279
5544
6852
5573
826
2396
2455
7989
8345
7802
6042
6188
3755
4207
867
5575
7668
6747
7040
3734
7992
860
4204
1882
2445
2444
3735
5399
7006
852
6276
7908
7269
6591
6774
821
3736
3525
8465
2477
2476
3527
6967
788
4200
5398
4199
3516
3757
7758
5708
3737
5950
3656
6422
3761
4197
3931
6977
5061
6508
7717
5826
5601
6247
7667
6061
4858
1868
7650
8507
5528
7479
5831
806
8119
5741
6577
5405
7877
8451
7688
798
2407
7378
7183
8403
3718
545
3188
543
8558
4837
540
5343
8387
8421
8444
7550
5341
3437
532
4861
530
2425
5262
5979
7560
7383
525
3885
2421
6469
7699
3428
7621
568
7141
8201
1796
1795
6972
8458
7941
6677
8225
7978
5602
7463
6817
8342
7917
7351
4224
4818
7859
551
4816
8514
7954
7880
7879
8278
5043
2940
7312
495
6392
494
493
6253
7741
8272
4222
5850
6137
7570
7952
7359
496
5970
6567
6364
5265
6380
5266
6581
6768
6389
3792
8293
476
7316
8488
6355
7318
4971
7766
5961
7988
5960
8275
3743
3391
3390
8205
7110
1859
1856
6243
1857
8080
7258
509
4790
508
2212
6259
8591
8139
4943
6841
8110
8668
2185
7684
6411
2978
7786
6663
574
7430
5906
4921
642
3418
640
639
638
6144
2152
8120
2147
6106
7974
4945
7589
4106
5681
5905
3517
5267
5904
6406
6537
5268
7751
6832
5900
2175
5899
7665
8182
8408
7180
6670
7608
3027
662
5750
5269
3173
2228
3623
656
3786
6824
7093
8005
7286
2004
650
5817
8687
622
5081
7704
7744
7962
6477
8149
5270
5271
4717
3822
7303
6854
5272
585
2275
4178
5273
580
579
6490
3258
5493
6492
7429
5605
5274
5275
6250
5276
7791
5827
5050
2997
6342
6743
6505
611
7311
5847
4076
7330
3784
605
3046
8128
4897
5711
2236
2234
8378
8399
607
6301
5277
4054
7082
5027
3940
8672
3622
8257
2968
7125
1682
7187
636
2267
646
8148
6053
6869
5649
5607
4055
4237
8455
7026
4057
7749
5922
5610
6076
478
7780
481
4811
7267
7360
6206
4058
6722
6536
6146
6113
5280
6764
3118
566
5504
4922
4294
5281
5282
6904
800
3897
6326
8273
5623
5613
7677
3751
858
7371
3889
846
7776
8202
4060
5655
8469
4898
8598
6252
5819
8574
5283
8331
4061
5284
7374
6514
6597
706
7234
716
3320
6258
8643
8646
3749
2716
6989
6331
2695
6759
2683
6638
7146
5261
2669
6673
5926
5931
6271
6823
2664
86
8344
5903
6159
8051
5018
6281
6683
6781
7473
5285
7696
5659
7557
5011
6408
2947
7438
5614
6399
5973
7613
8369
3759
8114
8056
148
5258
6762
8237
5235
6485
8495
7492
6642
7011
3716
7031
4303
6493
4065
4066
5658
2773
7494
5414
3703
8060
8002
5236
3572
3168
5792
6294
7227
6167
467
7763
6358
2744
6789
7732
8426
6664
6943
446
5699
8535
8203
6749
3779
8382
7007
4322
7059
7157
7858
4911
7678
6362
4829
281
6341
4904
6848
8306
5748
2536
5237
325
5238
8450
7888
4973
4826
6668
6913
7509
8099
369
7928
6941
6506
372
7333
7922
6640
4753
7896
8118
7797
7695
6267
1664
7523
2926
7406
1670
3211
6919
7468
5516
5477
5240
1460
1439
7475
7944
8322
4301
5697
7664
8123
6896
8634
2499
1433
5984
3416
1300
2497
8250
7038
5013
5615
7567
5616
4082
8168
8410
7529
7019
7403
3782
8380
8320
3101
4968
8334
4948
4851
6018
7080
3507
3770
4078
8497
5784
2897
8596
1683
6117
3570
1665
6860
7138
6003
7499
7055
4084
6482
1616
3452
6488
6685
5244
1915
8164
3455
1503
6796
7251
7048
4245
6402
6412
6385
7924
7982
2518
8456
5246
4783
6097
7893
3434
5617
7457
7287
2508
8117
4074
8487
1002
7932
4241
7072
4830
5248
7368
7367
8448
1016
5249
8100
2915
6063
2908
1681
6951
3764
7762
1021
6875
7452
5618
1027
4072
7966
7710
4782
3744
4750
6790
7611
897
4785
5481
7329
7940
908
894
7713
2618
6636
5989
2929
6534
5026
887
8034
917
947
5723
4683
8423
8572
6678
5824
8064
6970
4264
5619
4262
5045
6030
8037
8091
6423
6721
1210
2925
7366
6918
71
5484
5005
7414
1251
1252
1253
7063
4664
7060
1964
7662
5252
4640
3543
7446
1661
1891
3563
7769
7165
5719
6291
4741
3996
5253
4650
1109
7764
4820
5778
7083
2578
6015
8463
7652
6367
8442
4779
8372
3982
3273
1937
3988
8549
1155
7219
1161
2590
6019
5622
6865
1142
5600
8619
7812
4849
8476
8294
3663
4713
7223
1139
6727
7081
7418
6211
7045
7975
8086
7078
3747
1923
8429
1128
6327
3368
1125
4637
3352
5983
5257
5037
6109
1164
8231
7654
7076
5733
7375
3763
4964
5535
7392
2574
6009
8384
3266
8547
3090
5464
7575
7673
4917
6965
1103
6763
2599
4916
7841
6307
5423
7907
8552
8662
3969
3799
8321
7447
5088
7700
4652
5286
8124
4645
7426
6279
5771
1068
6978
7748
4660
4638
6497
7994
7159
8171
3547
6693
6181
7904
6595
8089
8105
8617
4083
6036
8491
8651
2631
1040
3393
6885
3544
3568
7552
1663
7324
4939
4668
6237
5624
1942
7230
3752
8341
5288
2944
994
6360
2898
6410
3035
1526
1524
6702
5597
7920
4847
8346
1512
7380
8512
7963
1550
7936
5317
5882
1502
5318
7754
1610
1625
1620
69
4656
6153
7793
2489
4959
5873
1340
6495
4663
3095
7873
1313
1279
1276
1272
1302
1296
1430
1438
1461
1383
3981
1672
4937
6116
8501
8520
2039
8313
3776
7228
8300
333
4662
6562
2561
7857
82
8261
4630
2131
5319
7404
6862
6564
3564
7511
7598
3778
6694
355
6566
8534
374
8032
3032
8007
5457
5814
3493
5320
3536
6143
3773
303
5491
317
5321
7096
6164
6968
5322
311
4644
5323
5324
308
7249
307
6075
3791
5881
3246
5576
7532
3219
7047
1880
6212
8702
3835
7671
7313
2122
6715
1866
7294
3130
452
3344
5782
3055
3790
391
7656
2755
8609
8134
7672
3893
8414
2774
7934
4056
4533
7346
6229
2913
6929
8327
7541
410
7702
4535
2680
8131
3795
153
6295
7898
7145
6225
1651
6735
4871
6558
5653
7914
5539
7335
5526
3001
5505
2975
6671
4086
2663
1974
6628
6938
6424
3678
5774
7971
3994
8090
5067
8545
3942
7703
6922
6299
6039
8430
6917
2777
3315
7714
4542
5762
2994
5065
2954
7326
1649
7814
7289
4798
5329
7783
5330
7813
7242
7102
8075
2713
5578
6509
6108
7757
2697
8612
4794
8276
528
2775
8150
6751
3374
4793
4105
5976
5822
3362
562
7343
6489
8317
2918
3371
6971
6811
6684
8466
3769
7659
6996
4549
5055
6827
5537
6621
6401
2260
5497
8411
8401
7733
511
70
8265
4735
4819
643
8499
5579
3984
3788
6830
5053
5334
72
3902
5335
2233
4906
6954
2146
600
4558
2238
603
3777
7501
6837
6583
5336
4112
610
8400
8480
3768
614
3267
5337
4113
5909
616
3073
7171
5789
8024
4530
5746
2920
8270
3122
619
2938
3783
4529
6105
576
3612
577
3787
7162
2289
6397
4500
2274
5338
3489
6600
7781
5580
3492
7465
5313
5048
7609
6540
2281
3621
8076
2081
5902
6800
78
4503
7066
5901
657
2229
6818
3876
2227
7628
5289
661
5582
2170
4505
4506
7109
5513
648
6496
6471
4508
624
5889
6770
6122
4117
6430
4510
5488
7103
6529
7193
7188
4512
4051
4824
8522
5291
3476
2927
7113
5930
8058
6872
6950
5853
641
4514
4101
7622
7502
4515
7483
547
6650
5810
7238
4751
7477
8246
3785
507
7543
3596
2215
5691
5583
7663
77
1827
6074
1829
3546
5835
6733
3212
1813
85
8039
8647
7341
5584
483
8290
2189
3745
7409
6041
4517
2012
3748
6748
491
7155
3460
74
4518
6886
5296
5815
523
6245
3953
4887
6744
1798
7129
5982
7014
7074
6315
7604
6942
7586
8280
6629
80
3771
5297
2428
7561
5058
6520
4891
1879
3670
5729
4091
3648
538
5437
6758
7980
2399
6273
544
2402
2403
4561
672
8184
2912
797
6527
2409
8282
805
6037
3419
5915
4563
5916
4090
2123
7559
2437
774
5298
3084
2462
778
6507
8585
7381
6907
6720
8641
6732
7084
5019
784
6433
787
5918
2472
4977
3808
5698
7277
3946
8684
7571
820
2459
2458
6863
6535
4767
7514
7599
5589
6866
861
5919
863
7182
5056
843
8274
6916
6309
823
6868
3487
6622
3886
3504
6649
827
4760
2335
2336
7691
4759
2128
7290
7049
2935
3832
7808
8258
835
5299
2342
838
4010
8366
4676
2345
3638
8130
6216
1836
3133
8435
7264
5923
2352
8295
2979
707
6898
6955
3641
8196
712
5924
5300
7387
6062
683
2321
675
3227
6316
3285
7302
6530
7520
7507
8165
7163
6454
5798
3339
8333
8096
5714
3184
722
2002
2032
3372
7456
7737
7874
4841
5591
7370
7779
8645
8368
3360
2390
3136
4680
474
4621
7601
3305
6900
3900
7689
8464
3004
8655
5710
8498
6995
6528
8047
7578
4047
746
5303
5911
6429
3324
3321
8277
1845
6525
7889
6876
5074
6119
5921
2481
7388
3313
6522
4627
737
738
739
740
7239
7556
7774
6538
6899
6193
7097
6801
6494
214
3309
4046
3296
6491
5728
7095
4924
5592
6370
3306
205
5664
2356
2373
6110
7730
195
7245
7482
7574
8098
3839
7390
8587
3359
2389
255
3851
2387
5593
5663
7121
8602
7720
1722
2971
3651
4594
6699
7298
2379
6180
7021
8043
2797
6468
3081
4568
5776
4771
8683
6329
7177
3640
5305
240
231
235
2793
5003
2325
2323
236
5306
3725
6390
3141
4039
8538
3223
5895
2825
2878
238
2315
4037
239
2103
6093
3899
4036
7892
5896
182
2333
5738
4569
7353
5908
135
178
155
8244
7522
8312
8518
4030
4029
5595
3278
6357
5445
8446
4870
7478
3279
2347
5309
2346
175
4999
2865
1735
2879
2965
2963
3675
7174
4707
6099
7235
7172
7794
7020
7098
8516
6973
4833
6843
7715
7132
6333
6838
143
2353
7357
6655
4702
7489
7274
2101
3024
7356
8554
7464
3009
2885
5596
2449
7058
4021
7798
414
7216
6676
1990
8330
422
8364
4579
4018
8239
6833
3977
6578
4582
3482
3506
401
2834
7784
7547
3083
8562
2473
3529
7231
2843
4878
2844
386
2479
398
278
4586
4033
6920
5844
5311
3794
7008
7740
3406
3465
7636
6289
8227
3399
7256
5833
6297
6254
6585
6588
3696
1996
8614
8438
7308
6313
8434
4920
6602
7886
3987
8402
112
1881
8659
5075
7064
5963
5797
3654
5964
5965
3450
437
4048
7809
7801
8453
3712
5042
4017
5967
443
4953
7540
4007
5760
8000
6976
2415
6209
8445
2418
6219
3811
2108
3541
1998
5389
3720
6853
6054
3006
7017
1885
3802
3126
2432
1765
6960
3906
4703
8564
7950
7126
7902
6706
6576
6361
4894
5603
2066
6958
7624
8038
8563
285
8611
2311
287
3423
7462
288
3154
7198
8328
3462
3625
45
7002
44
6248
8629
7272
6221
2145
6222
5054
6205
8523
1877
8109
46
8111
7273
359
362
2226
5077
4585
3444
2225
2224
8303
2798
3600
1775
7938
2222
2221
5972
1777
6729
6303
5492
7325
6091
4842
341
2216
344
5310
7863
8365
7639
7697
7986
3903
7620
7595
2187
3590
2186
6546
8206
5974
7385
1396
2161
8151
4156
6328
8304
6849
5308
8541
7773
5304
8269
6696
7923
7722
6687
8213
5661
6255
8324
7304
3034
7050
5802
7533
2895
1374
2163
6377
6336
8606
7476
5301
2165
2183
2182
2181
3515
5739
4171
6842
3510
8155
6639
6840
5791
4932
3000
6990
7119
5666
6189
3523
5945
3485
3483
3010
7727
6618
1456
7363
6475
7133
6317
2047
2134
4979
6658
3472
2168
8052
6771
2956
1421
2053
1424
1428
2288
6839
6901
5937
4134
5452
5588
1363
7999
7136
6984
7785
1297
4950
15
16
18
19
1865
8436
4860
8590
22
23
3688
25
26
27
6713
28
7
6665
6746
29
14
7946
20
17
24
7379
4933
7431
4623
3256
2889
4622
3912
2309
1273
7122
6741
3206
6241
3806
1888
4962
7221
3144
50
5761
3254
8298
4151
4923
1362
7484
6606
1346
7711
2866
7428
5467
8186
6182
4136
7778
2296
1317
5585
4862
1318
1320
5944
1325
4778
5946
6611
1337
6661
3121
5293
2270
1334
2246
3606
6783
5292
3043
1336
1464
1627
2243
8428
4874
7448
2242
8054
6046
7105
5290
6368
8546
2822
2232
2231
7661
1862
4605
4604
7362
8393
2816
3677
7112
6176
3662
6777
5581
5712
5312
1637
1597
1582
1596
1589
8074
7115
8217
7956
7569
7226
1562
3540
2064
6436
1574
2063
8636
4170
7009
7173
5049
7332
3689
2114
3131
100
6234
102
1606
3138
3203
6992
7268
4992
5339
3048
6772
4122
6349
4140
4527
7461
5952
3659
1506
4879
1751
2805
3657
5509
8392
8584
96
8616
5332
5953
7270
1471
5331
6652
5328
1477
7739
2814
1749
2820
8348
3636
3709
8153
6809
3105
1483
5326
6135
1538
2788
2724
1544
6902
3080
1546
7488
7918
4520
6802
3856
7100
4817
6067
4739
5695
5724
8308
7861
5325
7592
2993
6298
5316
4130
3015
7933
4507
5259
3180
2722
8181
5256
7862
1886
2670
2863
1742
6761
7585
7591
7685
2662
6543
8190
4157
5727
997
999
6363
4989
7745
5887
971
5422
6847
6337
4845
8642
5255
5254
6573
5821
7496
7669
987
7092
1017
1045
5621
7384
3334
7297
3335
2111
2776
7614
8108
6795
3338
2743
2750
2752
7984
1049
5620
5044
7959
7750
6908
8373
7179
7782
6504
1041
5251
6816
5870
4984
3722
3887
1023
6999
4154
4166
6962
3236
3237
4727
8122
1769
3990
4128
1033
1036
7425
4925
2769
7681
6446
6829
7736
1038
1039
7345
4539
7206
6286
1713
6753
7137
2740
2738
900
2765
5250
901
6806
902
7389
5857
5861
913
2656
915
895
2543
7001
6825
872
5864
8062
8526
2540
878
3556
5813
8627
2538
2537
5867
3495
4536
885
2535
7545
3500
7117
886
2530
7555
2138
5247
8214
920
4808
5869
7123
7531
7424
954
7505
3475
955
3478
4165
4167
5243
6448
959
5242
6974
964
8301
4809
3559
1715
4810
3552
6568
7442
3409
3579
8536
8561
8315
8489
5241
5239
6810
5781
1731
8209
4976
5840
2850
8296
4749
7248
2849
5679
4131
2958
2485
2484
3449
1198
2483
6912
7682
2500
2502
1203
2520
3058
5451
5515
8262
3967
2855
6066
8284
4797
3672
3671
5412
1179
2514
4141
3438
5612
7300
6145
3439
3432
7734
3440
1183
7015
4967
8389
8548
5079
2985
1869
6625
1254
2632
1256
1963
4634
7422
5279
7856
3448
5669
1219
2624
1870
1871
1872
6635
2615
3382
3812
6208
3091
1896
6461
6874
4145
7365
2867
2643
6055
6695
8593
4900
7632
6711
8539
6230
5877
6879
5278
3553
5884
5342
8247
1096
7215
1101
6512
6149
7912
8216
3503
7148
8279
8191
4129
6769
7712
1110
7091
5418
3063
6993
3857
2579
1076
6306
8271
1966
7743
1084
7487
7572
6207
6365
7724
6598
7645
5264
7130
8589
3574
6371
3347
7276
4643
3059
5263
8249
5538
6797
7542
7196
3807
6203
4867
5652
7566
2137
43
4935
6312
1875
7701
1889
1890
6513
2143
4934
5532
8406
2597
8424
4974
5327
5981
4781
1158
5411
6384
2572
1081
2586
4124
6287
1900
1922
6780
6688
7373
5390
7467
5410
7039
4635
1234
5400
5783
1844
4882
3005
6991
2511
5393
6952
7612
5996
3561
8347
4150
7554
6476
7361
6006
4927
5547
923
7616
7528
3486
7527
8583
7169
6346
6249
3490
4801
7723
5834
4733
4722
7607
896
6421
7309
5478
6500
3576
3222
3226
1031
5647
3238
3233
8267
5503
5675
4944
2083
89
116
94
7530
90
3890
1779
6073
4956
5536
4839
1790
8601
7190
6969
4846
4168
6690
1004
5766
7185
4831
7153
3395
6332
7170
6017
5361
6570
4823
1744
8332
6069
4892
7459
6049
7653
7354
1906
4146
5773
7218
1499
4985
2709
4884
6870
3117
7352
5530
6651
2252
5359
4161
1626
1567
5357
1563
5355
4163
3847
4918
3607
7399
1330
3140
2294
2299
4614
2077
8467
6318
7698
2967
6599
4711
6766
1753
113
2140
4869
2141
6680
4626
7498
6022
6437
8059
2966
2836
8323
1365
7519
1415
8023
2174
6910
2841
8236
1689
1445
7150
7127
1377
7593
4571
2044
3401
8379
5709
4734
2102
4578
340
6787
3740
3626
298
7738
4679
5349
6434
7943
8490
2423
7292
323
2430
5347
8286
1740
1711
3694
3650
6608
444
6703
6196
1864
2988
2984
1860
2990
3683
5029
2845
449
5346
7687
5510
3628
6710
6179
3509
6498
3629
7524
7987
4581
3480
6799
5344
5565
2982
8374
6479
119
3028
4576
2893
5795
3666
3253
2142
3252
8115
6480
2350
4776
5716
151
1983
6692
5366
3197
3673
7692
5828
8253
5531
109
6175
6334
8028
4567
265
4565
262
5386
4885
6184
7114
4791
7262
226
221
5435
7416
5562
5498
8605
4597
744
2364
2361
2358
3060
4788
8404
6388
5020
5384
5383
6803
8566
7707
2120
7637
6033
684
714
7044
3271
4997
703
3277
702
4610
841
839
837
4011
2340
4608
6035
7945
3635
3816
3633
822
2451
7788
7848
4034
6386
7022
4085
4600
3007
6413
4599
8204
2923
780
3417
5769
2467
3104
6617
5670
2112
5671
3245
6773
4094
4525
6140
6029
6888
531
7823
8492
6379
7016
2200
4095
6102
6708
3537
7086
3591
7544
6224
98
5425
3882
6756
7347
5071
7088
7395
6060
3404
637
635
631
6391
7577
4118
5682
3148
668
5381
6282
2169
7651
6859
649
6395
4502
4501
6199
2276
5375
5373
4513
598
618
5372
2297
2902
7634
3042
613
4919
6409
4110
3871
8603
7167
3616
3991
4685
7024
4687
6515
3215
2911
4692
5839
7481
8016
4960
8319
514
7018
5998
4551
7336
2009
484
1671
4731
3655
2015
3634
5775
3922
6473
6792
8525
6723
705
5757
3319
1887
6998
4538
3705
3707
726
1971
7921
7618
8230
2661
6321
2690
2685
3361
3373
6786
6484
5369
2764
380
6014
384
6242
7838
451
4813
1883
2739
8046
3040
6280
7558
8524
101
3913
2778
3914
6813
3114
7516
8310
5713
2552
7576
7854
1345
1634
1571
1613
1490
4067
3153
2515
4661
1523
7756
3849
3458
2569
6244
8142
7747
3405
6213
2650
1685
6944
7134
1192
4657
5696
3470
4642
3022
7077
1095
8631
8505
105
103
1073
6151
6288
4726
1666
1667
7266
2917
7068
8360
3557
4665
6168
7836
6531
2600
7278
5836
8071
2587
5287
3920
1114
3814
3016
7434
7937
2610
1233
5234
1223
6156
7397
6460
1244
5450
1200
5371
7470
3526
5023
5378
1195
8608
4263
6975
927
5641
962
6134
953
882
905
904
2119
8132
6226
3870
2623
5656
7118
4071
6957
1028
1024
4073
1020
5534
1055
7260
6556
5490
1678
3573
7075
6857
5360
3873
4240
6572
2506
6861
2517
1535
1555
5627
1481
3459
7200
2501
1604
7602
1624
1576
4079
3392
5837
6451
1332
5002
1321
1338
3385
6455
5409
5396
8061
6605
4280
1308
1417
345
2557
7805
4306
4308
4498
4309
5406
2566
3717
5408
2070
8200
3494
8035
282
4888
8461
3550
5977
438
3878
6155
6613
416
4321
2080
4312
4064
2677
4302
165
249
2686
4745
3888
1662
6707
3866
7466
8656
107
3146
3145
2127
2028
5767
6201
4806
7257
6565
6657
2712
7331
542
3304
5260
7151
3038
564
7402
6283
5639
3365
7469
6197
3686
4279
5638
7455
3910
8502
3875
596
4804
7211
4053
602
6928
7164
6574
3627
2900
7222
2899
2933
3624
7275
2003
2283
593
6223
7919
4190
3471
3029
7217
4181
666
3477
4175
2178
5015
5333
4173
3511
7259
6755
3521
6834
3833
5008
6432
3411
2008
8367
6435
5943
6125
13
5818
3124
21
1850
6994
11
4905
8
31
3692
30
12
10
5529
9
7101
6551
2953
6311
5307
7052
535
4108
8353
7755
4230
5657
3442
2398
8174
4233
7128
6141
1810
8484
2970
7884
782
3396
775
6526
5643
2471
4908
2921
818
5302
2928
859
3026
7201
7284
845
2453
5295
5294
836
6486
3264
8255
5010
8232
6697
5629
3220
2318
4434
717
718
6204
4437
3243
674
3229
677
679
686
3350
721
2378
748
753
7485
8138
5314
761
4708
3214
5315
2362
767
2365
6344
2367
2370
2371
3311
2235
3325
212
213
4955
8266
8531
6404
4421
185
2376
2824
3332
198
6393
275
7372
7579
5825
4092
5024
2327
2316
5978
2314
241
243
246
3269
4089
3639
8172
8228
8085
3089
2957
6836
4482
2870
1884
4052
3637
122
129
5340
139
6133
1985
2397
6178
4875
6844
133
5428
6831
5856
141
4015
1792
5755
6065
2883
6986
411
2861
2442
5863
419
2475
1696
7551
4769
1697
1698
1699
2858
3809
6653
2859
3989
2098
5057
6788
6483
466
7186
2438
4467
4468
5846
6584
6072
4471
2847
440
441
7398
6555
4019
326
5768
3429
7293
8195
2884
6587
6516
5486
3436
2427
5453
6887
5016
3631
2203
2202
292
8268
2194
295
5628
5786
5482
1773
1774
6172
358
3661
4001
99
6257
2801
7641
7087
3594
2210
2162
3412
4042
4041
4345
2043
3819
870
1387
3727
5245
2151
1379
6580
4780
5522
1384
4337
6147
4026
1441
3514
8224
6415
5066
6963
7584
7025
5634
6682
6407
3592
8557
6614
5487
4843
2167
2109
4957
4022
2206
3484
8101
2055
5917
5929
4032
7460
5910
8198
3742
3098
4719
7894
2292
7244
7504
5687
1277
7247
2304
5420
3282
6794
2075
1357
6215
6195
5759
3128
8289
1323
5642
3601
1755
5626
6731
2244
6251
3609
1615
5959
1630
2240
1585
4098
2264
6478
1564
5635
5940
5637
2259
6679
4169
7342
2257
1969
5524
4688
1623
2100
1833
2806
1714
7427
2251
4125
1619
1600
2469
5047
2563
3369
8221
6906
6793
1492
4149
1494
4366
1498
7565
1914
6059
2702
2809
5796
1480
6152
5441
2725
3288
4148
1540
5812
1934
8350
1514
5665
2969
3155
7842
91
92
2082
93
995
7867
5401
5402
1947
993
992
4972
3796
981
6101
2767
5404
1058
7706
4477
5407
4492
1772
1771
2785
4681
7214
2742
6012
1035
5388
6239
3071
3265
4914
6858
4429
6398
4686
4822
7581
7220
7450
4416
6517
4135
916
5356
3555
5485
6170
3123
890
2821
4844
3565
5502
2546
2555
5868
963
5866
1956
4439
930
931
3407
5747
8167
2838
3993
2840
5073
7053
1166
1193
2486
6396
3451
2519
5851
5726
1718
1191
2842
1173
1967
7253
6458
1176
3715
4217
1181
1184
1186
1187
5475
8145
4189
1215
1216
1243
6607
1247
5495
2829
2828
2568
6894
3456
6645
6350
2622
2620
1226
5419
2633
4930
6877
4901
8173
5382
1104
4982
4316
1107
1108
2583
1112
1079
8475
1072
8069
1074
1080
8012
2571
5640
4133
1088
1641
7241
5387
1150
5942
1156
5660
5731
7317
2603
1143
1123
2601
2595
2989
7568
1134
6025
3134
5625
2592
632
7998
2034
1138
2593
6040
6987
4754
2607
6890
7968
5644
6277
8141
5114
5113
7993
6815
7396
1152
6851
8245
1148
1145
2813
1802
1804
7649
1071
5512
1099
2641
3466
5134
2625
2629
4139
5938
7600
4172
2505
5100
1188
4863
5838
5072
8447
7960
97
4961
6375
4718
968
6596
4864
2498
2524
2551
2125
7005
6261
8615
3925
880
7090
2654
909
3664
6648
6095
7108
6001
2759
2097
3567
943
3157
5631
8351
4142
1034
2756
1066
1044
1054
1019
3551
4155
2657
1528
1517
1954
3011
3859
2818
5718
3300
3056
1558
1489
1488
2482
1633
1622
6345
1762
1761
5466
1566
5801
5178
4445
5176
5969
1602
1500
5845
1335
4000
3270
2073
8588
2298
2300
5461
1361
5793
1352
5434
1341
1283
3918
1312
4390
1311
1304
2272
1293
2779
7213
6440
6174
6160
5632
2285
5636
2854
1767
3604
8193
3798
4003
6278
3106
5764
7583
3823
4970
5790
3013
4342
5676
5069
1447
2180
7282
6752
1382
5183
2079
1783
5685
2219
351
6016
4969
354
6320
5448
353
297
2783
7314
3665
4677
4347
5458
322
1897
4929
2033
7161
4475
3907
6359
3457
7344
4848
1878
6948
3389
468
465
458
394
381
418
181
402
277
134
5218
4490
120
1986
2890
2891
7970
154
156
170
2334
5032
5980
234
3330
2328
2380
6964
223
3289
3647
7131
3064
4100
2001
5199
2386
4915
710
3268
704
8092
3002
8019
3642
4210
4952
6263
6214
68
8377
7321
2110
8208
5650
7630
5689
5630
849
4119
779
8567
7350
8437
813
3453
770
2916
1800
7610
8537
5633
3441
2942
6340
5146
3435
571
6660
549
7243
3424
553
4107
3446
5036
5816
3398
3589
4218
5097
3410
3586
5688
4002
4177
5012
4873
7323
1816
621
589
4799
2906
6705
3610
3239
1463
5933
7027
651
4176
4235
3916
2256
550
4926
5001
4059
2700
8527
8415
2696
3292
2728
4807
829
842
209
7587
2659
202
399
6548
3569
6582
312
289
4313
290
363
342
6719
7338
343
1270
5106
3033
2495
5995
4253
5112
1618
1645
1648
4075
2516
1013
4239
4966
5715
8550
4238
4258
5118
6462
2630
6594
4277
1653
4947
4271
6474
4270
7796
2919
3741
8083
6501
1655
3896
3463
3997
7731
4814
6905
1199
5985
6057
1180
1846
8618
1257
1239
1228
4631
7546
2585
8511
7432
3732
1163
6966
7725
1122
3861
7355
6776
3578
2962
2951
4694
1644
5779
3082
6985
5474
5031
7143
3191
4766
5694
8582
7500
1928
7032
7057
2635
6218
5110
3481
1205
2651
2621
1959
6911
1048
2522
5758
5988
2525
2549
2559
2560
2562
2074
2770
310
6539
8140
3045
6420
8329
6981
3562
5690
1643
4700
3800
5130
8473
8370
6487
6915
2761
379
1668
8126
5103
8146
3072
728
5095
3731
4111
3290
865
2711
810
7043
3599
4552
4958
5033
501
5035
4555
652
5568
5204
5203
608
1968
3818
6265
5201
2273
3499
620
2286
5197
2171
663
627
628
2139
111
3139
110
2158
4931
7666
3413
8160
3829
503
482
7382
2188
3057
6026
4519
2201
2204
555
4522
3921
4524
4526
3008
2412
3394
5541
5063
7815
6926
3132
5730
792
4601
3200
4603
7451
6098
1805
3496
4607
5166
6666
7410
688
6322
8207
4828
6319
5059
3892
758
4620
2981
762
2394
3923
3316
7070
2368
7840
1717
219
2115
5149
2391
5147
3336
2784
268
237
3242
2786
3183
6808
3181
138
3100
6270
2348
177
117
2454
3824
3107
3109
5673
7411
3891
2441
6372
3630
4584
2470
8299
5677
1701
1993
3402
6717
2468
6266
439
2857
8063
7887
7872
2404
4629
8626
3919
2135
2422
3427
4591
4590
8440
3603
6120
3710
5413
7976
8073
3723
1397
1371
2831
1785
6220
1788
1450
4752
6085
2172
5148
4792
2279
3739
3619
6024
8252
3617
3608
4618
5163
7526
6452
5803
3924
3843
4152
8162
2230
4602
3333
4991
5986
4598
1612
5480
3680
1504
1903
1469
2723
8356
1748
3679
1745
2794
5192
6630
2718
1520
4509
5545
6441
8180
3310
2877
2660
3844
5444
975
977
984
6150
4986
6148
5542
48
6190
5070
3834
5099
4164
5993
5678
6185
4548
3225
3244
8336
2751
8021
2741
970
903
1927
873
892
883
4691
1690
5128
2565
1918
3403
933
937
2491
3384
1194
1197
3827
3088
6092
1169
1189
1259
2613
1237
1238
5611
2653
7822
5105
5700
3674
3905
1808
4126
1965
4764
4632
3915
1121
3917
1131
3397
6275
3328
8454
1132
1127
3980
3066
3367
2609
1126
2602
4789
1160
1812
2606
6347
4850
8281
5811
1151
6246
3284
1149
7377
3039
1115
6553
4666
3706
8311
8376
6400
1086
7033
1085
6382
4647
2576
5432
5111
2581
1092
1111
3549
4659
2791
5843
3577
1106
2637
2638
5109
1102
5734
2792
6880
1919
5878
5108
5107
1168
4651
2644
2827
2876
4673
3017
5123
5608
1235
2649
5609
6378
4987
3386
1832
1835
1222
5507
1218
1262
7288
1261
6043
7967
8256
8065
1260
5646
2545
5523
1861
3430
1185
6647
6416
3560
2507
2509
4795
8170
1170
1190
5137
8147
1912
5871
1207
5806
3801
1723
6897
3454
6078
1196
5725
2488
3103
7037
5078
4854
6047
8006
2493
940
938
2496
5131
936
934
4628
932
929
944
961
2553
958
957
2547
951
3169
949
2527
2528
8263
2126
3999
108
2955
4537
3491
4748
8143
8169
3018
3261
5133
4940
1704
1706
1708
4695
3726
2772
3533
4123
969
7440
2095
4737
6775
4540
6444
1037
5096
8157
1951
4544
7246
4545
2766
1025
4554
3719
1022
4556
5208
1057
1935
2737
1052
4557
6714
4158
5876
3351
3337
5205
7147
4840
3580
1046
2848
989
2678
985
2681
4902
982
979
3147
5209
974
1945
1008
4499
1962
2658
1265
1324
1529
1527
7837
6805
2892
1525
4504
2694
5955
1532
3588
5145
2873
6056
1513
6070
1743
1521
4995
1953
4528
2719
1552
5230
5577
4993
1548
5693
3643
3308
1497
2726
1482
3293
3041
1478
2698
1476
1475
5706
3149
1907
6738
4523
1468
3355
2704
3948
6111
2707
4143
7307
1533
1557
6084
1593
1614
4564
1605
4965
6426
2802
5949
2254
3684
1569
6463
2959
3143
4880
1595
1559
1592
1580
3167
2250
1583
8030
1588
1590
1594
5645
3231
5500
2819
2237
2239
1573
2065
1598
1621
1758
2789
8285
4611
2245
2290
5215
2293
5956
8416
1327
1322
2295
1326
5210
1360
5189
6835
1349
1347
1344
3582
5060
1764
3218
3611
2305
2306
1268
3613
1309
1303
5469
6704
3615
6374
2882
2851
1301
5587
6308
4803
5939
4895
8508
5150
7135
1314
7229
3502
4877
2839
1434
3505
2035
2048
4838
5470
4127
1459
1458
1457
5936
1452
6549
4988
5177
1449
4566
2835
5186
3205
1443
1442
1440
4570
1380
3820
2184
6467
3530
5184
2888
4162
4160
1369
3137
2153
5455
4159
1368
1366
2155
1409
1407
1404
3175
7051
1403
2157
3583
1401
1400
2159
1399
2160
1395
4574
4575
2810
1392
1391
1390
8031
5744
1006
869
8386
760
6227
2040
347
2057
337
329
3597
2799
365
2223
3420
357
4588
2205
2060
3086
3685
2192
294
2197
3697
4868
1874
1876
3831
2313
4978
284
6166
2420
8156
283
2871
2868
6709
5171
4592
1768
1741
2061
4593
7054
5195
6052
2435
314
5102
4941
304
2436
6725
376
445
7996
7439
5804
5169
5170
2405
2406
5025
5966
6387
2974
5173
432
3690
3445
2411
5962
2413
4589
5854
2416
429
436
7638
7156
2846
8354
448
5935
5175
450
7149
5506
6233
3383
1995
462
461
459
455
3408
8027
5829
4587
6383
1703
1702
2856
3964
4040
6403
5034
396
5957
4583
1992
1991
387
2457
6779
5855
7845
8559
5179
4580
3479
417
2446
5085
2447
413
408
251
3961
4577
169
150
3855
144
140
136
7030
2338
121
118
5181
3699
3198
6616
2339
2887
3728
4784
4025
8433
4573
8102
167
166
2349
5753
4572
1734
7012
161
5594
3276
6603
6589
131
5185
3274
4035
3272
276
6192
250
248
1728
8097
5684
4038
4773
3652
4772
7553
5777
253
254
8025
5894
1725
5893
1978
3192
4678
8093
3840
5168
6138
3353
263
6305
5807
2382
260
258
257
5667
3079
256
4596
228
2393
6465
3050
197
4045
194
1977
187
3297
1873
224
6927
222
5151
2804
4942
1716
1739
1791
1799
4720
3322
743
2372
1972
735
3283
734
733
732
3317
723
3327
5154
747
766
3943
765
764
4625
4624
763
2375
4049
4008
6354
2388
1854
2983
5456
756
755
3714
751
2381
720
2374
5927
2031
692
691
4619
5164
687
7839
4617
7646
2909
682
6081
7819
2324
6323
2319
697
7799
6864
5590
6518
4616
2317
711
709
708
4615
5213
4613
6285
7935
4612
7626
745
2025
2343
5920
4609
2023
4912
830
5046
3111
2022
6173
824
2930
3947
4762
4606
866
862
857
856
855
850
848
5222
2460
819
791
790
789
785
793
5511
5038
4738
6641
3949
2466
3644
7458
2465
2464
776
795
809
807
4562
8129
802
2408
5701
6855
673
5913
2400
541
539
3841
537
534
533
4521
7212
3433
3030
529
7364
3003
546
6103
548
8022
570
569
567
3425
560
554
3178
3443
5912
3954
2013
2195
489
5586
487
3956
2207
4096
8578
8029
5017
2010
1830
2901
516
5651
1640
512
510
4516
2937
506
7647
3992
1824
1823
5770
5212
4099
573
3945
8079
4910
5191
3700
3400
4102
2006
2148
7648
3524
4511
630
3518
6293
629
2086
6127
6269
6124
626
2903
3014
5890
5891
5415
3129
2924
6812
4716
1817
4827
3023
659
7433
6644
6819
658
655
2287
5514
5198
4115
2282
2280
3501
590
588
595
5200
583
3377
582
578
584
3280
2301
4114
617
4531
3076
4560
5076
4559
5426
3044
6058
606
3708
5417
604
599
615
592
6754
664
2005
5007
3054
6626
8087
3602
49
5809
513
2261
4553
3598
4550
515
490
3701
8633
2253
7094
3676
7765
2914
2961
6691
3099
3204
524
8026
4547
3653
3329
5496
2701
536
4546
811
6107
5094
5064
796
847
4543
5436
7152
2714
2730
825
828
771
698
699
5101
694
4541
693
1675
4696
1674
5433
6310
3312
6272
3019
759
6427
3323
5091
1973
475
2666
2665
5083
4896
203
271
273
2674
2675
274
1660
2976
5823
2121
8008
5126
179
145
1988
2676
2693
5431
4534
3341
5129
5051
3172
4532
4595
5004
385
4667
5132
5143
428
2758
430
6662
3165
5785
3241
2745
5885
4670
5135
424
2736
5772
6447
4674
7949
8339
4646
3097
2763
313
4641
4062
5880
6672
324
2541
1684
1680
6575
1679
3036
2533
7099
2531
4063
2529
3025
4639
6782
356
5014
2072
367
371
4655
4689
339
1654
2941
5141
3519
2960
1315
1356
2490
1636
1577
4654
3976
1507
2521
1466
3426
1553
1545
4653
3973
5142
2513
5736
1687
5754
1067
2504
972
4866
4865
6292
42
39
40
32
38
35
2144
36
37
41
34
106
6724
33
8159
8472
4671
6027
8291
939
3965
7843
2634
2652
3877
8241
6032
2648
1069
7281
5459
6079
3020
5121
3554
4649
3473
2640
1925
5460
2636
4672
6610
3190
1220
1221
1921
3345
5115
1113
1093
8260
2091
4709
4936
6126
4077
1083
8040
4712
2084
1153
1858
3531
2129
4825
1165
5598
5721
4889
1647
1656
4730
409
8127
2952
1688
2896
6096
4715
2591
3216
1658
8229
2598
8288
7549
4648
2604
1124
5599
4669
3340
6700
3566
4775
1159
2588
2090
1677
2573
1082
1078
3068
2580
3189
3202
5992
4658
1141
4633
5120
4636
2611
1241
1264
1258
5232
1248
4121
3469
1172
3528
4354
5022
4260
5483
1938
6366
2647
3815
4265
4266
5447
6445
6021
2106
1646
4736
4714
3067
879
7073
5991
876
6376
2617
1905
907
906
4070
4278
4690
3074
4675
2627
1026
4855
5119
3968
3970
6005
7972
1936
1047
4246
4744
1686
986
2946
1007
1001
1961
1531
2510
3884
6031
4243
4244
5117
1554
3461
1549
1547
5021
1470
1487
2503
4247
1501
1491
4256
7855
6544
8422
3865
1608
1601
1635
5116
2904
4248
3713
1575
1565
1561
4080
4251
4081
2492
3379
2494
4254
1275
4255
1271
8152
1650
2088
1659
7116
1307
1305
1435
1429
1427
1423
1420
1419
1416
3571
3176
1451
1448
1446
1444
1413
5883
1669
1673
1657
6154
88
3704
4281
4304
5122
4069
2558
7849
2655
2922
7835
4310
3087
1639
7562
3667
5879
7204
2534
6082
2526
3682
8496
2532
293
300
5124
4068
3558
5440
3257
2567
316
3738
3711
3255
2000
2735
3250
3575
1848
4314
431
3240
3232
3868
3228
427
464
5954
5800
7869
7830
463
457
4317
426
2749
2747
3975
382
2760
415
4836
375
3070
132
174
4290
2684
125
1676
146
7029
173
163
149
5140
3962
2688
245
244
3150
2672
270
5139
4283
201
196
5763
5138
188
6177
6100
2105
218
211
210
5136
6821
5898
2950
2668
6959
3985
2116
6232
4286
4287
724
757
752
749
690
689
3085
715
3813
7847
1638
95
4856
6510
3687
2987
3159
2727
1652
844
832
831
4236
4300
864
5449
2020
4292
812
2018
4293
799
2016
572
7828
4295
565
4701
2094
5080
2708
4297
8136
521
492
2255
480
1894
1642
3
3830
2780
2996
2
3803
2781
1
3805
0
1847
4
3804
5
5787
3660
3797
7964
3938
1388
5606
601
5125
1787
609
3698
612
4184
8088
4723
4188
2907
2980
2307
597
5897
1814
1815
2308
575
3863
2291
6914
581
4191
586
587
5098
2932
591
6533
5430
5093
4704
594
2931
623
6086
2284
2939
5006
653
654
660
4187
4185
1818
665
3935
667
4180
669
670
647
645
4087
7474
625
6343
4796
3585
7851
3151
3115
4214
3836
633
634
3213
3093
1821
644
7882
8017
2007
3932
3415
500
4857
4219
502
504
505
2936
4740
1825
7834
2998
1826
3135
2973
517
518
519
520
499
498
497
5465
485
477
5144
479
3161
3421
2208
5188
3049
2011
486
2191
488
4220
4221
4787
2193
8395
5971
2196
3125
4223
2014
5604
522
2945
1811
6090
4742
1892
5574
552
2269
556
557
558
559
2948
7517
6
6325
7866
561
5648
1801
563
2136
104
2312
2419
4225
4226
4951
5454
5717
526
527
1793
2943
5543
2431
4227
5462
2433
4229
4109
4998
4232
4216
4215
2977
2017
5842
5206
801
4682
803
804
3195
3842
808
4213
3201
8407
1803
814
815
816
817
2019
7821
3874
794
6139
773
777
5202
8212
781
783
786
3513
5087
2089
2440
8018
4201
4203
851
853
854
3846
4205
4206
2021
2448
868
4208
2450
2452
4209
3031
5429
2972
1806
2934
1807
4211
2024
7883
772
5438
1809
1831
1840
700
2027
3860
3186
8359
1843
3928
2905
4323
3862
695
5196
5194
678
4440
680
681
5874
3052
2326
685
4104
3287
2107
4443
6068
4103
5794
2377
5193
750
3119
4324
754
6183
4446
3075
4448
4786
7846
7868
3069
5211
5221
768
5872
2363
3927
4431
1999
725
727
729
731
6592
4430
3199
4413
4415
736
3318
741
742
2369
671
473
390
207
6988
8226
208
8179
3326
2366
5752
6236
5229
4417
5859
6552
5692
2360
227
2359
220
4418
5228
2357
3185
206
6675
216
3301
192
183
184
5732
4422
6586
186
3894
1976
189
5550
190
191
6394
7028
193
5442
4698
7825
6324
4423
5227
199
200
1720
1721
5494
6118
2812
230
8070
2384
6010
259
261
2383
4424
7817
264
3182
266
267
3645
269
3632
1724
2332
1979
3346
233
4938
2322
5226
5225
4442
2874
6439
114
242
3883
7034
6023
1980
247
1981
4478
2331
142
3077
5223
4774
171
5040
162
4480
3116
158
8020
7881
2991
164
5041
6637
168
4768
4728
7833
7973
176
2344
2864
3209
1737
5519
3488
4484
123
1984
130
7853
4487
137
5220
5000
2337
4488
152
5219
6302
5479
6131
2456
4489
127
128
147
8072
7818
6739
4491
3187
4494
1987
7990
8044
279
403
405
406
407
4495
1989
4486
2443
4464
4009
7876
420
421
6114
400
2478
378
4458
5852
5216
5214
383
4459
4996
3193
4460
392
397
423
3464
4462
1994
4474
5162
2461
470
6191
6238
471
5161
4469
4470
1997
2826
5160
2414
434
7850
435
2410
447
3113
3112
7829
4472
5159
442
5158
4473
2401
1709
1710
2417
4746
3208
306
5446
3911
309
5157
5165
1898
2434
6456
4963
6457
318
319
2052
5153
301
4348
6716
280
2872
5152
4349
4350
1851
2782
291
4351
4756
2199
2198
2067
4684
5518
4352
4497
2190
299
3864
327
328
4357
4358
3102
4004
5994
3047
360
361
3447
5009
364
2220
366
1776
3909
6260
1867
1855
1852
352
4360
350
338
5167
332
6718
2069
334
335
336
7820
349
2036
2038
3387
1782
5062
4706
2211
3378
2995
3170
1393
2166
3538
1398
4363
2875
1402
6200
5742
3837
1405
1406
4343
1408
4327
4329
1375
5569
2154
1367
3963
2104
1370
2150
1373
1376
2164
1378
5082
2045
1381
4335
2046
4336
1411
1412
1414
4339
3177
3941
1786
2179
3584
5182
5180
2177
1789
2176
1453
1454
4355
4392
1436
4394
4395
1418
2051
5187
1422
4398
2852
1425
1426
2037
8337
1432
4400
5086
2124
3880
47
1364
4402
1294
1295
2054
1298
3497
5540
3828
2278
1299
3618
3110
3825
1747
2093
2310
2050
3867
3376
1310
5174
5030
4408
5028
4399
4377
3217
2087
2042
1274
2041
1287
2059
3247
4800
1316
5172
1343
2058
2303
5751
7548
1350
4371
1353
1354
1355
1358
1359
4373
8154
2078
1339
4374
3160
1319
4376
3061
4378
1267
4387
6034
2271
1328
1329
1333
4382
1437
7140
1462
4383
4724
4994
1603
1607
7844
2076
2795
2068
1632
1631
3979
8015
1629
1572
2247
3051
2268
1581
2266
2265
1584
1579
8067
1587
1578
1560
2262
4983
6002
3854
1568
1570
2258
4380
1617
1599
2062
6094
4379
3978
4389
4404
4397
7870
1916
1920
3649
3053
5039
1759
1757
1756
1754
5155
4396
4393
2710
4391
4368
1929
5525
1863
4367
1493
1495
4341
1508
7965
3065
3062
1750
1486
1485
1484
1465
1467
5156
4334
3937
1474
4333
5958
5832
3838
8297
1479
4332
4331
2729
8112
7826
3933
1509
1510
1511
1536
1537
4330
1539
1541
1542
1543
3152
1909
2720
1551
4346
3156
3158
1955
1534
2717
1515
4364
1519
1522
2667
5084
2117
3307
5190
4361
1530
1752
4975
1766
3291
6123
3294
8013
4359
4365
4353
996
998
1000
2733
1849
8057
5217
1005
1266
1948
7832
1009
1011
4412
1014
1946
4466
973
2687
2692
3960
978
4463
991
3535
1944
3162
1943
2732
1784
1781
3895
1018
4457
2837
1780
2833
3171
2830
2753
1051
1053
4456
1899
1056
2880
4476
1059
1061
1062
2748
1063
1064
5231
4493
2099
1043
1939
5224
2734
3166
4496
3869
1940
4485
2132
4483
1950
1029
1030
2757
1032
4481
4455
4454
2999
1960
1042
3951
4453
3952
4428
4427
898
899
3163
2992
2771
2768
1957
4426
4419
3955
910
911
912
3108
914
4414
4710
5788
3957
893
1712
881
874
875
1695
1694
1693
3998
1691
3826
3542
884
6187
2544
4432
3848
3959
888
889
4433
891
4451
918
919
946
4447
948
950
4444
1700
956
3012
2564
7816
5090
2554
960
4452
1930
3944
965
966
945
967
1952
2548
922
925
7831
5207
926
2523
928
2512
4438
4291
3934
4212
7042
935
5517
4693
1736
1733
4981
941
4202
2487
4198
1201
1202
1204
1719
1206
3930
1208
1209
1211
1212
1213
4196
4234
8014
4729
3810
1178
5092
1171
1926
4231
1175
4721
4228
1177
4194
1917
1182
3194
4195
2832
4174
4179
1214
1217
6296
4183
4182
5875
1245
1246
4192
1924
1249
1250
1908
5127
3939
1255
2862
2130
4298
2628
2626
1263
1242
1834
1839
1958
4296
4289
4288
2616
1224
1225
4285
1227
1229
1230
1231
1232
4284
2646
3539
2645
2642
1240
1167
4282
1094
53
51
54
52
63
58
62
57
59
61
67
64
65
66
56
60
55
2612
1902
4307
1910
1932
1933
2582
1091
1070
4305
3974
4257
1075
1077
2133
3972
7864
1090
5104
4252
4250
3196
1089
2589
4249
1118
1949
4242
1797
4743
1794
2085
4725
1157
4259
4276
1893
1895
1941
1931
7824
1140
1119
1120
1911
4275
1822
1820
1819
4274
1913
1129
1130
2594
4272
1133
4269
1135
8113
7852
4267
1136
1137
4261
2118
3926
