3867
7490
7226
6596
3281
7961
2840
6111
2763
6970
5490
7363
3710
3626
4969
7384
5872
5515
2538
6845
6022
6808
1714
3601
4585
4940
6461
7795
4477
1688
7878
6252
7064
4955
2322
6001
8005
3555
2333
7528
7441
2329
6611
6917
1968
1970
5463
5199
4175
7196
4666
8110
5770
5786
7880
6235
6186
7308
5914
5866
7168
6359
4151
7944
111
1145
7394
6480
2580
7105
3772
7668
7756
7704
2582
2581
7141
7287
8080
8093
5364
6260
2962
7102
6207
5424
2063
6300
8088
8081
8089
8058
8091
8063
8000
8087
8096
6287
2896
2757
6035
7598
7839
4118
1685
1673
5567
3526
216
6762
210
3873
6996
3869
3313
5409
2788
7807
5704
6677
2601
6642
6105
3064
4746
7511
4269
5356
1311
6483
6429
1837
1834
6491
4897
4513
1832
6095
2955
1835
4810
1034
1049
1047
7074
7993
1039
6323
5362
6281
8098
7820
7852
7812
7724
8009
7723
8008
7945
7835
3236
8038
7434
7175
2473
6153
8042
7582
6045
5200
4405
7002
4028
7044
6853
7584
8074
7501
286
2173
4996
1567
5647
825
824
3538
189
200
7447
5725
167
166
3444
164
4637
4533
2418
7337
268
2870
7962
7025
2419
267
4603
7764
7750
4230
6554
7672
4794
4821
7700
351
5332
7708
5307
7617
3816
6373
7979
5985
4435
6074
6136
4863
8085
912
907
5945
1090
4795
7727
5372
6872
6994
5778
7423
4497
7133
3302
6645
7747
5775
6178
7935
5118
7429
1636
7077
6595
7865
4036
6083
6658
3922
8007
7162
795
6811
7733
2560
2223
4133
7209
5524
1290
7847
7896
4547
5915
5573
5785
2590
3326
4568
7623
7649
2913
7235
3774
6079
4369
3602
8055
5444
7751
3999
6143
2442
563
4978
7207
560
7755
5023
5856
3713
4520
3836
7199
736
737
738
2350
3825
7674
7180
3533
6961
7249
6792
6562
8054
4654
3040
192
193
7427
3340
2489
221
223
2043
7970
5661
3834
5697
8017
3521
3872
2585
2292
5998
6291
2657
6007
207
3565
4202
3494
513
2232
5551
1853
7322
5471
7742
4638
8082
8076
8113
8111
8090
8084
8107
8095
3520
5691
162
6877
178
5574
6655
5732
3875
3868
6623
1718
1761
3432
1749
7669
1765
4995
5299
6208
3341
3647
4426
5451
2648
5334
219
7659
7518
2416
8083
7984
7563
7937
7554
7796
8024
7608
7977
7775
7973
7062
4870
5958
4876
5378
3840
5185
7882
5965
7315
3338
7782
8003
2490
8032
5735
220
6419
222
6774
103
3831
5796
7965
6158
1409
6879
4618
4554
2432
7902
7153
5310
5579
6702
7393
4397
7455
6769
5858
5111
867
2610
3854
6200
4320
6510
6939
4904
7329
6513
4682
6268
5360
7844
7134
7599
6366
7460
1167
6187
6413
5756
1894
1893
4148
4538
1897
6132
1896
5286
5733
7640
5940
1456
3110
5339
2412
7155
6110
5705
7167
7502
6423
6862
4584
6820
6358
6280
7811
2795
2051
7254
2048
7008
4931
7252
7949
959
6488
4203
6864
962
3007
3334
5203
4527
6772
7303
6921
2488
4117
5902
5006
3512
186
3862
6759
3911
6998
2720
185
5314
3859
7514
1715
5846
5919
1728
7989
7762
3499
8099
8092
8060
8068
8105
4413
5206
3025
6089
5494
6558
7752
6789
980
7391
4974
5134
2547
2548
7963
6798
4702
3541
3190
7491
6106
7940
215
1999
5105
2042
6937
3956
8112
8064
8103
3537
7783
3621
6029
7411
5222
8019
202
4582
5822
6551
6739
7686
4559
8097
6072
6084
6737
7734
1870
1871
6134
5801
7932
6086
6011
1235
5966
1236
3294
1240
1239
7702
5460
1507
7181
7540
5585
4388
3807
6957
6797
4479
5218
7824
7250
1672
5789
6695
4066
6425
7383
7625
455
7234
453
6114
5622
1379
7488
7603
3087
7359
6614
6791
6533
7859
7101
104
3524
8044
6460
7749
7904
8020
203
7063
3861
6444
7654
7297
2154
6910
8065
3576
3406
5441
5671
6773
964
6923
7562
7873
4903
3882
6507
6437
3518
4824
199
1279
6364
7648
5639
5766
7269
6960
6895
1662
6865
7191
2722
2721
8034
5069
6202
7619
7291
7399
5070
6545
7302
7203
5301
4730
5898
7215
7136
7418
7228
6498
4176
7217
5611
7682
6857
6319
8069
8079
8053
8109
8067
8078
5619
895
2455
7403
7003
6951
1074
5747
7860
5295
3519
7552
3838
5987
6649
5656
196
6978
5226
6327
1858
1859
6524
1857
3202
1856
1855
2909
7893
265
5888
1059
1060
1062
4859
6249
6851
7836
1066
1067
3531
8061
8059
8094
8077
7842
5640
5933
7471
6515
3676
6301
3430
7017
5867
7618
6076
7244
7832
7313
6458
6577
5093
2704
6384
7621
7360
4447
4820
661
7281
5298
4158
4548
6801
6768
3759
6428
2415
1902
4198
7690
4421
5274
6109
5920
7909
7823
3252
7445
6781
4422
3253
6271
7846
2991
7994
3535
7921
4522
3866
7665
7284
4540
4417
2354
6888
7676
7138
6021
6037
6831
5629
8106
8066
8071
8100
8062
4742
3984
4793
6415
287
6747
7356
5246
7157
8108
8070
6056
1839
7675
3175
7624
7204
6906
6743
6028
7417
1840
7722
8026
7959
7790
7837
7831
8016
8031
6312
7355
3597
3596
6434
2762
7251
1992
1980
6683
3217
5906
1457
6339
7851
1460
7476
3507
2214
163
6043
3863
5581
6804
6080
7182
1360
3762
7236
5719
1356
7936
5553
6579
2745
7342
5035
4189
1353
5036
4122
7341
688
2480
4511
680
7106
686
6601
3050
6586
7744
2869
6100
4560
6932
2868
2192
5876
7776
6321
7048
6936
6652
1299
4462
7388
3343
4703
224
5094
226
7285
7849
227
2207
5700
1307
1306
3721
7870
5593
5545
5868
3500
6547
190
6919
4636
191
5745
6692
7768
5727
6367
7504
6959
7523
5044
4506
1807
5257
2632
309
7159
7512
7071
7176
3505
2711
7410
6324
6468
5114
2604
6243
7218
197
4676
6521
6055
1231
3679
1225
1226
1227
1228
1229
3501
3870
2911
6581
4529
7834
7397
5626
6723
7290
5337
6953
5972
6012
7289
6152
5260
5487
7568
6647
3749
1594
4296
1596
6693
5109
5348
7941
2938
6399
5635
7743
7256
7148
6885
5261
6078
2798
6721
4514
5135
1209
1210
1211
7774
7149
6639
5751
7054
2417
7516
7351
2421
3965
269
4993
8051
8101
5946
7444
2666
7547
6282
6750
3382
5251
3073
101
5837
6713
6548
4115
3067
7219
5170
5020
2007
6131
7609
1872
7286
2819
5798
3829
3567
5758
5282
4262
8052
8086
3522
198
6492
3883
3036
2522
5413
201
2926
204
5882
4890
6222
4818
3068
4313
6770
5264
1509
7769
5398
2168
6892
6236
7890
4631
3968
6125
3700
457
5518
5669
458
460
4899
1124
7431
5682
5587
3329
1100
7438
1102
7985
4187
7247
5499
5820
5844
2216
7099
8102
7639
7638
7906
7729
7637
7827
7728
6487
3604
3400
7239
7279
4379
6181
5412
3884
6159
7301
3544
7983
7888
7903
6471
7739
7897
5948
5123
4673
4309
3599
3389
6383
7645
2366
3188
830
831
5404
6128
2393
6543
5848
7966
7187
5419
3554
5051
7479
7114
3642
3078
5477
108
4670
3504
1997
217
188
2176
3722
7400
7078
7065
3983
4972
288
283
270
3005
5776
285
7248
5952
4357
5674
308
314
6467
7710
6139
4713
341
3856
5061
8056
2556
4219
6823
6046
6782
3605
7299
8010
7907
2227
4672
7813
6063
1823
7029
4401
3266
6905
3638
4499
4569
4501
5800
3047
4402
7771
3239
3631
3701
3523
168
6549
3623
157
2491
2584
3572
3871
2650
5580
7179
5827
7193
5076
5970
5568
4847
2364
7066
5724
4771
6375
4261
7651
5255
6296
3577
1451
1452
6387
1454
2135
7472
5990
5883
3498
6002
4458
4660
4469
3815
6361
7614
6731
610
613
8001
6430
5911
6810
2304
616
618
7432
6946
3514
5784
6284
4760
6839
7505
2174
171
4763
3874
7646
7208
8072
3532
184
5918
6680
5707
183
4749
7443
6756
6740
1107
7260
7991
6195
3342
4829
5201
233
5834
1435
7127
7150
4281
7536
7058
5860
4116
2250
2408
5154
261
6334
7829
3684
7546
6954
7911
3273
1814
5773
3255
1948
2861
1947
5214
2862
7028
6477
7081
7128
7689
1943
1946
1945
7465
8075
7770
3381
2078
7730
5320
4874
3962
7939
6450
6918
6663
5313
6298
7804
7589
6210
7497
5559
6886
5612
6763
6164
3653
8104
264
5957
7494
6612
2140
7567
3347
6712
4625
7190
7090
6670
2709
6017
2847
1616
4305
1265
1264
7498
1263
6283
3529
1998
3864
177
6785
6503
7336
2787
6295
7892
4525
1880
7914
7539
3206
7871
3540
176
5655
7579
2271
8011
7087
174
7779
6666
7956
4665
6069
2916
6522
3511
6464
7482
6116
7126
6197
105
5146
109
6160
6775
7543
7930
7381
8035
7553
6681
6728
7946
3170
7328
7000
2196
6463
7319
2189
6071
2257
7693
7720
6580
6412
6682
3433
7344
3579
7573
6928
8036
3798
6146
6878
4946
5912
6648
6661
6867
7407
7725
3502
8023
7931
6537
211
6163
3736
5011
6422
2931
6118
7380
7948
6523
6217
4339
4172
8041
5999
1649
3238
5228
1990
3137
7561
7537
3099
1554
8002
99
3402
7192
7679
8050
6157
6198
6310
1820
1821
6566
5113
1822
6656
6968
3528
6456
4578
7489
3865
2385
3860
3479
7366
3515
195
2205
3940
2206
170
194
208
4592
3483
6285
7711
8040
8073
5328
7980
6816
7449
7670
7470
4505
7325
2848
6904
7079
7650
5718
3755
6174
6223
5180
7929
5174
7395
7953
5993
3530
175
173
3034
2460
7986
3858
4677
6705
6650
6829
5383
4726
7245
2311
3208
7113
7367
5503
7787
7278
4643
6263
7198
1329
6794
2755
4177
5353
4966
4512
7043
1325
4332
5673
6969
7034
4595
7687
3536
2683
3363
4916
4526
8025
3344
172
4156
7300
4180
564
5015
6993
3269
7519
7908
6854
6813
7406
7085
6455
7186
7957
1826
6255
7408
7694
4879
7600
2551
7475
5905
2550
6708
5431
8049
3509
209
7457
7042
7577
98
1146
5886
3336
5646
3692
3550
228
3901
225
6231
4994
6589
2270
5591
7374
6532
5738
2544
6216
5232
3970
2451
7680
5792
495
6258
2535
6638
6676
5739
1739
2767
4607
5358
7401
1734
6766
5083
4509
6514
4009
7345
7697
516
7130
7112
7221
8022
2887
7117
6761
7474
5583
7712
7805
7055
3706
7924
2361
7869
3595
7593
3598
5974
4825
7885
6742
7296
5547
2454
1011
5938
7879
5060
2830
5544
2831
2832
7104
7564
7988
4365
3118
3120
6992
4766
7314
6803
2320
7451
7402
4671
3770
110
1144
3527
5939
5715
5012
7541
7436
5377
5132
1117
7898
1099
6715
7955
1116
5066
4207
7881
7492
5289
7097
7154
641
8013
7246
3659
2949
3179
5433
3903
5031
236
7854
7108
5562
4558
5932
6897
7433
3589
6026
3517
8014
3251
7013
179
7396
4162
7850
5523
2765
4748
4057
629
6983
107
5333
3525
2252
180
2574
3288
182
4224
8047
2279
4459
5167
6592
2420
5425
3729
5744
7332
5283
5263
7522
2106
6316
7390
6175
7253
6130
7872
2779
5992
3551
7027
6440
1700
3215
5239
1702
6771
4414
3826
2957
1915
4317
3748
6561
6501
3226
3185
4627
5899
5302
2138
5155
7160
6583
6952
7664
3508
5434
169
7616
2286
6519
3493
2802
7124
5645
7398
7814
4873
5405
6641
7362
7091
6868
7910
7530
7791
6215
7855
3000
5988
3624
5188
7357
7021
5787
3534
165
6927
156
158
159
2177
7354
161
6887
5272
6194
1500
1499
5994
6899
6133
6098
5381
7053
6443
7785
3335
231
2791
232
3900
5309
3899
6151
2785
7974
7070
1443
4372
3516
6783
3660
3035
2858
160
4712
4307
3088
3377
3513
5181
5977
3888
5281
3718
2426
7857
2587
6221
6435
5394
1860
7282
1861
3203
7335
7876
7678
6550
7327
3303
2680
2677
6103
5100
5755
7439
3847
2588
5311
4139
3510
2204
2575
3656
181
3506
2589
2175
187
7818
205
206
5089
3337
6736
3194
6881
230
229
106
1148
4696
3490
6219
727
5874
3761
5737
3141
7462
4750
7732
2655
5502
4788
4097
719
5145
7230
2552
3539
4912
5746
212
5030
213
214
5589
1466
3582
4860
1445
5942
5119
3296
5923
5014
7642
7559
7294
6256
7856
6190
1908
7544
2440
2510
5590
3552
6329
5493
3311
6257
7919
6447
6764
5690
7452
6411
5654
5338
3693
6744
3071
4596
5202
6850
3946
2622
6453
6875
2623
2624
4924
5435
7507
3404
3097
7115
7611
7386
7010
6388
6634
4290
3935
3330
7964
2921
5925
943
942
5329
6335
7663
1113
5156
7950
5577
7195
3724
3912
6909
5997
3953
5808
6397
4984
7620
5285
3187
4679
5376
2396
2395
6987
7073
2394
4095
5702
5293
5720
979
4192
4093
5841
7140
7905
7976
7753
7864
7952
7933
7861
6966
7527
7227
6991
6343
7515
7194
8006
7765
7971
7715
7673
7740
8046
4297
365
6967
6246
5610
6584
6099
1924
4767
6602
6624
5133
4914
5458
1731
5130
7317
7237
3030
5780
2005
3183
6632
7005
5029
7701
5698
6599
7954
4683
4684
5540
7478
102
1147
3414
6485
6245
6787
7997
4983
2616
3425
2617
6266
7667
4242
3645
4591
2467
3435
3454
7998
6426
5833
5699
1661
7999
1659
4650
7653
5256
6289
2190
7014
2191
7606
5437
7569
6377
7309
6362
7200
7503
6081
8028
6261
6842
7075
6182
3661
2892
1401
7377
1405
1407
1376
1378
892
5526
6635
2609
4925
3158
6526
2608
1903
7483
4213
918
4214
917
7815
6237
6479
4657
5949
7152
3413
5597
4961
5613
430
432
5826
6955
5455
293
4153
7404
5525
5057
1707
6990
2764
5498
2307
3852
5830
7866
6405
3422
5556
7178
5847
5693
5935
6613
4574
6496
7557
6837
5534
7454
4743
7131
3245
4098
6264
7531
3369
7655
5430
7825
6154
7425
6544
7082
7958
5324
6140
2065
3811
7889
7016
6365
6889
5956
4894
2829
7473
1727
5366
1092
1093
5638
7405
6320
1312
6576
4789
3212
5768
6931
2946
7453
3333
8039
3331
7833
6626
7632
6679
6469
5569
6603
6191
7266
2080
7368
7326
2079
7685
4191
6309
3695
4306
7615
7877
7529
6982
6155
5392
6505
6724
7828
7524
4403
7004
999
7311
7556
4196
2481
7422
6003
1354
4911
3943
7083
6073
6894
8004
7858
7990
7784
7875
7969
5475
7481
2928
2546
524
7020
7033
5373
6667
5600
561
2505
2453
4580
7375
3799
1827
6115
6369
6730
3081
5141
3082
5865
6893
6822
6518
6824
6975
7549
1214
4519
7137
7809
5326
5068
3096
6950
7119
1448
6338
2629
4655
1449
6238
7565
5995
7542
3608
3426
6818
6568
5247
3366
3150
6466
5628
7830
2011
7161
4363
4268
6253
2242
7581
7293
3818
6989
8030
7972
5445
4470
2695
2693
3641
4737
2694
7628
4370
6066
7448
3350
5327
3942
993
6205
7050
7349
7100
6610
5849
6711
2244
5025
7151
5630
7495
3628
4855
7806
6567
4003
480
474
7912
2429
1105
7238
4822
1106
6196
6224
4848
7276
1004
4875
1481
6840
7928
1477
3691
7736
5696
6489
6734
4837
5813
3673
2183
3933
2182
7387
6673
647
5399
5411
6625
3960
7172
6254
7572
6858
2331
3760
5616
7334
6826
5934
7350
7583
5303
3058
596
7121
7030
1504
6780
5406
7011
7707
7781
7925
7960
7612
7788
7754
7716
7610
7927
7767
7705
7526
7884
7760
7692
7596
7759
6688
3232
6054
3233
4167
3457
4543
6531
3234
815
4692
7464
5869
7298
7766
7731
7968
7591
7343
7848
5514
3258
6232
3461
1763
5237
340
3177
7698
273
3486
2319
7789
1373
4564
3637
7466
7517
1429
5941
6041
5436
4541
7575
7485
1085
2889
6121
5857
5686
4448
1933
7513
7808
6201
3300
7272
894
2456
5825
900
7094
3061
4314
3159
6014
4979
1891
3225
7333
7821
7631
1508
6552
5777
2796
7506
5950
1610
6091
6229
7484
6269
2315
7533
3323
5469
7012
5538
3725
5954
2400
5749
5262
7918
4361
414
2566
1863
1862
7109
7604
3906
155
7688
2523
4941
154
5096
5384
5288
3803
6860
7793
6827
7307
6835
2374
7185
7566
6431
7222
3810
2625
7171
7477
3683
5670
6911
7122
4613
6311
2334
4500
4502
5053
1804
2386
6833
3207
5045
1411
1424
1569
5816
6704
1568
7321
2208
2724
3902
2299
372
4035
374
6075
7521
8033
6484
7926
6929
7493
2261
5363
3388
3192
5969
2578
7746
752
750
6474
4561
6313
5852
6944
6391
2171
6472
3841
5584
925
926
3634
2402
6849
6385
2486
7699
4393
7292
4869
3056
6938
6540
3698
8037
3809
7205
7641
7348
6457
7177
459
6259
5983
3028
7144
6506
6048
2172
7633
6141
4633
7347
5420
3228
2661
7601
3371
6945
7816
1961
7072
3891
1964
6495
7259
4553
7580
6057
4817
5807
6805
7571
6421
6308
5056
890
7613
7741
7268
7576
7068
3687
3686
2908
1755
1732
2723
860
4813
5607
859
6244
5752
4536
6206
2719
5248
7868
5273
6117
903
5824
4504
6821
6240
1801
7379
6378
6719
1809
4545
3421
7216
6481
6671
1730
2901
4843
978
953
3024
948
944
3123
6092
1392
5058
5438
3018
7353
7116
4971
3015
7338
3017
350
4246
5266
5897
358
5007
7780
6870
7463
5532
6778
6188
1527
1526
6025
5115
6417
5428
97
6999
95
7320
6379
7480
4409
6337
4446
6729
2178
96
3727
6657
1769
2077
4490
2691
6591
6192
6565
4964
6869
5928
7295
3291
7370
112
3837
114
115
7051
6171
3745
113
4150
7947
7772
1958
3812
2952
2951
4358
1383
5112
4359
5252
7822
7735
7826
7981
7853
7901
7761
7622
7797
7799
7798
7803
7801
7802
7800
7863
1406
5071
6418
1397
619
3317
620
3757
4455
8015
622
2437
7373
6087
5842
6333
5397
2267
4523
6490
6866
5163
1173
7414
2727
4621
4694
7442
6971
7982
6876
5793
3640
4272
6129
7943
6389
1931
6930
7867
4649
6462
3373
6167
5871
253
7257
2260
4729
3694
1805
1808
6714
5223
6985
6796
2376
6135
7022
4988
4699
7084
3462
1189
5951
4885
5446
4663
3925
7376
3065
5305
6874
7916
6631
7163
1426
4617
3440
6233
5153
6621
6843
2769
1423
7450
1993
6497
5117
6564
6710
6218
7267
4434
7061
6861
2195
2197
5407
5711
4275
7156
6008
1994
5385
7810
2953
6697
6278
3590
2211
6049
3916
5429
7508
7365
3924
7183
3391
3392
6852
6981
7662
3416
2347
7975
643
7165
648
649
650
5636
3069
5832
6555
4659
6942
1094
3958
3172
7169
6984
6814
5734
1095
5689
6306
3260
2447
7738
2638
1051
3892
1824
2682
6052
7060
2678
3002
4965
5063
2180
2181
6276
6748
6348
7352
3039
5810
5319
6733
6508
6351
3409
5087
4800
6177
1579
1602
1590
2220
1589
4466
2912
4465
7987
5142
5537
1009
5019
6406
2237
7310
7409
7713
1985
4765
5811
6225
2503
2092
7532
5879
3032
1052
6085
5078
1991
4571
4572
5602
3581
8045
5870
3112
1003
1002
6499
855
7709
7142
3561
1561
1560
7717
1562
1738
7129
1746
3111
7883
7748
3310
3008
6062
7978
5916
4601
7364
3360
6432
6630
4646
4583
995
5052
3817
1253
7273
1252
1254
5731
1251
7891
2774
6482
2004
7378
7677
7548
1361
5192
7459
5843
7046
4939
6707
3268
6924
5365
5104
5683
5467
3431
6123
7210
2472
6020
3846
7202
1033
2900
6512
1032
4226
4319
3246
1277
1278
5910
2532
2671
1607
4472
5805
4768
8018
536
2294
4951
4913
3085
7229
2427
1333
1336
2784
1339
1340
1341
1342
2925
3923
8029
3044
7934
4300
4301
4302
4299
6330
6380
2752
5207
6556
4354
4353
7635
4773
3358
3737
3122
6717
6148
2193
6882
6242
4648
7197
6973
8012
2225
6716
6694
6965
5881
3189
4453
6203
5840
3248
7039
7258
982
924
3563
6449
4468
2330
2327
2326
2325
2324
7660
3259
1664
1663
348
347
2288
3320
3927
6096
5317
7550
2318
6615
6293
4732
3240
5586
6454
6627
3667
4326
5059
2264
4787
4169
3775
4371
4375
1475
7206
5108
2797
4551
5217
7840
5173
4725
280
3967
3938
7458
3763
5267
1598
3397
4444
8021
7107
4092
6617
5168
5137
7630
5049
1234
5981
4113
6067
5473
5382
2088
7435
2086
6353
2085
7306
2866
1996
3029
5931
1982
7339
6536
6607
5033
3591
4570
3155
7261
3237
4475
4687
2475
534
3566
2389
572
2157
6314
6520
5961
4920
4270
2800
6416
7570
3384
7745
6606
6588
2166
2357
6608
7551
5809
3731
7534
1911
1000
986
7316
992
7703
4091
5125
1305
1430
3734
6902
3939
1836
5050
6119
2941
5335
6376
1716
1691
3387
6303
6137
5101
3181
2024
4419
6015
3437
3438
7696
4364
2707
2335
2537
2498
7691
7777
3485
3186
6368
6609
1803
5234
5541
7147
6004
2158
6669
2146
3256
5157
2147
4277
720
4664
721
2338
5877
4872
2826
6500
6304
4740
7188
4678
2224
6825
5388
5835
5220
7135
6189
6386
2981
3851
6800
3151
5797
4709
3156
5953
2263
2262
4457
4759
7369
5838
4114
5379
1867
6976
1868
3091
3612
3354
3355
3353
4685
3352
7644
7838
6070
4549
6907
6590
6943
3216
3804
3742
5040
3312
7098
2163
5864
1952
6605
4325
1953
3753
7032
3833
2888
7792
5603
5340
6030
4521
7382
7920
3849
1813
1812
1811
3224
6815
6317
1747
5037
6745
6949
7657
7277
7913
4476
1742
6593
7057
1798
2410
1793
3549
6571
6753
2781
4160
8048
1792
3010
3012
5294
6065
6448
6138
4937
2531
5448
2857
7467
4616
7173
5177
6760
6227
3244
7763
7035
2280
4954
4430
7047
5964
5208
6290
2153
2152
7510
2468
2469
2754
1641
5403
3893
3038
3022
5355
1056
5046
2994
1053
6751
2777
5010
5694
6553
2121
3270
6459
6204
7419
3908
5352
6633
6582
1298
5349
7794
677
3314
578
576
6279
6678
7607
1493
6047
6395
7067
2674
1213
6051
1204
2984
5907
5762
2323
4598
2328
3235
4185
3907
5845
3843
5386
4782
4774
3844
6493
7019
3845
1250
7241
6863
6342
5225
7538
7080
4701
3001
2380
7951
6920
4642
984
1020
7446
6332
2636
6884
2855
7597
6659
3284
5529
3630
6442
3160
6050
4755
2095
3670
3715
6372
5642
6427
3442
6665
6534
7041
3441
4741
4710
3211
5539
5575
5426
715
5346
6722
6958
5880
7574
5480
5891
3712
5908
6297
2332
4731
6684
7280
6629
3756
7189
6935
4338
5124
5761
7242
3918
5321
7656
3917
2314
4727
6061
1185
3074
5287
3546
7900
3154
7270
3153
7255
6277
3152
5345
4987
2406
2407
3209
2405
557
505
523
5300
3289
651
4471
5962
5296
5850
4604
7123
5284
3429
3657
5803
3947
1774
3655
1653
5750
3299
5991
3704
2948
7371
5275
5184
7627
6214
58
5921
6414
54
55
56
6637
4276
53
1619
57
3705
6173
2118
3654
3218
3926
6077
2598
6986
6732
4641
1910
1087
4315
2898
5564
3733
5971
5048
3764
6451
4532
3708
3103
5055
1751
5592
6767
7346
3697
6120
1587
5855
3545
4250
4634
5582
6727
1110
1109
7389
2160
5779
5391
6896
5889
6901
2032
2041
2040
2036
2033
2034
2038
2039
2037
2035
4539
2124
4902
3027
4871
2852
1086
5542
7263
2967
2583
6006
7456
2579
1280
1282
4323
5558
5204
1281
6403
3750
672
4068
7841
6318
8027
2684
6698
1075
7499
7340
6620
7643
1073
4222
718
4686
4833
5258
6248
7558
2316
6948
6494
7681
1142
5453
6560
1496
4460
4933
6112
6574
3405
3681
6974
7132
2985
7817
3937
2351
3295
4752
3548
2775
4304
2061
2972
3095
6325
6749
3174
3610
3726
6997
3136
7009
3134
865
1905
871
837
4898
6234
836
835
834
3262
6898
6409
6765
1759
7605
3443
1762
1919
5065
7819
2718
5357
6199
6350
2514
4850
7243
2515
6273
6019
699
695
2159
5054
6832
7007
2170
7059
6817
6294
7274
2500
5462
3372
4973
7786
3569
7323
3367
975
910
6039
6082
901
1584
5632
1580
1586
3003
6251
4644
5729
4321
5713
5896
4856
1338
1317
5450
5959
4380
6326
1486
7661
2529
4201
941
5297
5641
1887
6516
1618
2815
5535
2656
367
2933
7318
3751
5250
4779
7721
1687
1709
4647
3138
7031
961
2853
6784
5665
4590
6758
1916
5913
888
6848
5092
4950
3434
5165
7719
2989
1575
7415
5651
3420
3580
5875
884
1079
5578
5890
6107
5198
3672
6636
5150
3488
1599
7737
6856
1895
5024
6307
2027
2030
2029
2028
5980
6465
575
2277
6616
6127
6354
5497
5396
4286
4155
3072
5668
2982
3480
4144
1362
1364
5236
1365
3583
6925
5618
6090
5765
2607
5410
2019
6102
4784
2015
7045
4556
2246
1256
7590
2713
3283
5643
4921
3996
571
6790
3173
7024
13
12
4524
11
1436
3675
3674
6094
10
5367
4622
4408
5680
14
7412
2838
7634
6640
4801
3033
5400
6916
3484
4944
2712
1926
5717
4819
4674
2471
6575
4762
1291
7052
1285
1289
2918
2924
1789
7535
4835
4628
4367
6701
271
275
2947
277
2230
8057
7088
2231
1611
4952
1615
5369
6162
6746
2356
6401
4751
2807
5447
2717
6093
2087
2091
7413
2089
2090
7586
7714
7585
7915
7652
2813
5709
282
7184
7358
4374
4373
1478
5414
2518
3407
2520
4728
1898
1899
2561
5072
4573
2397
6546
6247
6963
4662
4090
2000
1433
1886
1883
5308
3771
7139
7718
7146
6058
5216
3274
2633
1483
3481
7430
5005
346
6922
5817
4157
7843
3157
4473
1750
7023
2965
7015
5211
7594
7158
2744
1722
1752
6660
5929
1458
355
2446
2968
6890
2710
321
5043
5795
5393
5140
6570
3671
5103
6651
4294
3031
6101
3586
4706
2990
1704
4481
6165
1390
4062
6809
6445
3063
334
4893
3293
5042
7001
994
5000
5759
4223
3182
1439
1444
6964
2414
2413
6806
3768
4629
4252
3411
5291
5067
5034
2461
3600
4384
4552
6347
2850
3395
6475
1215
1230
1212
4597
7049
3622
5318
6915
5678
5605
3276
4159
546
528
526
7283
1614
2846
1613
1612
6883
3945
5370
3857
551
4287
574
569
2298
5561
3176
2185
4188
3062
6689
3446
3941
3447
7629
4418
3448
2321
6270
7262
2507
5555
7312
4723
5741
2290
2210
5701
3279
3467
2073
4739
135
3458
4881
148
146
147
149
6341
150
145
152
153
151
3495
5427
2549
3635
3460
6573
3459
3702
7111
6972
5144
4803
1485
6706
4383
3776
1497
4146
5253
5161
5088
7324
5189
2053
4906
6735
5679
996
7265
4318
6144
5443
7174
4635
2150
1604
2703
1134
6956
2477
1139
3897
5760
3957
6064
2572
2571
3560
4173
5781
2987
1757
1677
6230
2050
5652
2939
5666
6572
3717
1541
3769
6038
2937
4985
4891
6262
5802
1348
1320
5347
6147
6036
6725
1639
508
507
4886
826
2725
1359
1983
7468
1988
6370
6509
3452
3199
1888
1889
2970
1294
2919
4998
1296
1297
2822
2877
5549
2875
5520
2873
6122
4399
7372
3758
5649
5039
2836
1913
2117
4858
2997
7361
5178
2116
1878
2346
4827
3744
3730
5416
5904
5712
3249
4394
2444
3139
671
6473
6410
2218
6172
7026
7545
6539
5171
5975
3364
6486
6126
1195
2817
6709
6168
1571
4427
1570
2266
4761
7231
6478
1260
1262
2794
3620
6053
2954
4271
6977
2641
1149
3587
3588
5571
6685
4816
5572
1080
4907
6299
6209
5783
4901
6502
4900
3578
6108
4168
6777
7917
1304
4231
1088
1083
1089
5008
6517
6241
5240
5614
2265
5627
1547
5500
2960
2959
6793
1540
5806
2961
1539
1537
1538
5788
5895
1520
7213
6302
5183
3703
4814
4200
7726
5552
5110
1833
1829
6926
5599
3213
1830
2513
4528
3401
4851
3752
6587
5516
2778
3603
3351
5594
4981
848
4690
3456
4947
829
5815
6228
3740
7942
1511
4392
6239
4463
7520
7938
2164
2165
2162
6654
2161
2825
2716
5814
3491
1487
4614
6355
3130
4109
6598
5609
4862
599
3162
5531
5728
597
7778
1864
3075
7658
5984
2512
1179
1178
5205
1177
4849
3652
5099
6183
5461
4986
3559
3850
793
2542
2059
3571
2058
7211
3952
2238
2241
2240
2239
5102
5829
2978
2003
7923
6799
2082
602
603
3754
5085
1697
4697
5209
2519
6752
6288
2052
3380
3824
3004
1949
2983
7385
4291
2198
2202
2194
3229
4623
2312
2313
7220
6396
4943
3261
4707
3055
1495
2478
6226
6470
4812
2860
1950
4948
4008
4962
4267
3929
7232
5722
3627
6557
6424
1208
6220
2971
7757
4452
3210
5774
1400
3241
5823
7874
7922
7845
6374
4691
2993
3114
5625
2654
7496
2639
6668
7469
5193
739
4432
5459
4630
5675
1572
5657
4443
3964
2834
4431
2504
611
4565
2977
1108
1927
4322
2792
3037
5839
881
882
883
2151
7706
5663
2236
6097
4786
251
5489
4407
252
7086
2524
1782
3184
3633
2249
2895
1536
2179
7166
5390
2009
7758
5853
4620
1890
2839
784
783
2936
3113
7018
3632
3231
322
5721
1657
1658
4923
4324
2907
6834
2705
3349
1577
6738
3297
4949
5753
2309
7421
6995
3011
6933
4922
3009
5930
1427
2099
2905
1431
4653
3148
2115
4165
5323
4619
3322
2001
5917
6871
5771
1900
977
6088
2443
1576
2219
7862
6859
1161
6185
5238
4640
4484
3144
2006
4587
2685
4154
2958
1318
1374
4345
5488
6527
4311
4652
2200
5219
4609
2110
1358
4344
5440
5653
3051
5464
7201
6703
3765
129
2530
126
128
127
3853
5769
724
4101
3079
725
1198
5658
2355
2352
2353
3149
5955
1188
4278
2659
1190
6042
5417
1334
1319
6836
2102
729
3243
2342
2634
7440
728
3948
4100
5884
966
1920
935
946
5996
6476
1482
5677
4798
4882
939
6179
2761
1753
3346
3449
5280
6718
1566
2665
6336
3668
6674
5047
3898
3644
3054
1381
5570
1606
4174
3556
6700
5900
6786
5901
3200
4027
461
6846
3814
4031
2863
2363
5767
3573
6010
3574
2746
1286
2136
3006
2139
2137
1956
6664
5978
5550
2882
3378
5077
6776
4883
2995
3648
5354
2715
3428
4783
3427
5772
1849
7223
6980
6979
1125
3124
1984
7224
5982
3125
3625
4331
1287
2635
3171
1410
1386
4492
5022
1766
7110
5887
5408
3913
3140
2501
384
2699
4721
1413
1412
1414
1515
967
6193
7331
6439
4034
5241
2929
4681
3949
3053
4530
6690
5265
5924
6504
5685
5885
3324
6672
371
370
369
390
415
7996
2253
1784
1779
1719
4480
3126
4482
6962
6250
4888
3677
1989
2979
3547
5650
6541
1851
5667
1831
4515
7886
1723
4249
5615
3093
5986
5082
5212
2679
2681
7212
6542
1283
4333
5546
1385
887
886
3482
4861
3767
2343
4734
1127
5017
1129
1131
399
398
6511
7647
1644
7170
1143
6352
6060
6569
5224
2749
5973
1706
2897
6212
4423
3410
879
4807
6585
5763
866
2747
2439
6315
4905
5041
5521
6988
3663
420
421
3219
3453
1519
4389
4120
5359
1701
1699
1698
1711
1725
5634
2243
1724
4485
3026
7330
4428
7103
2044
3142
5512
1810
3487
1721
1720
6841
898
893
3301
850
849
6662
1084
1806
303
304
306
2248
4854
1816
5075
5374
2976
7560
6040
5229
2568
2569
1995
3265
5976
5660
3934
5322
4790
5147
4170
2890
3415
1071
4805
4802
3881
4237
5418
1070
4337
1357
4260
2902
3325
1756
6563
7056
1055
6622
2904
3813
2296
2143
4764
2142
3070
2144
6394
2751
4997
3052
2651
1301
6438
2428
1057
1058
6687
5278
3180
3084
1259
2649
3643
3129
5375
5631
623
1971
1978
4171
4577
2899
1743
5003
6726
4567
1740
1754
1764
5210
4094
2495
2493
2494
3247
1502
1501
7125
580
592
634
3886
1767
6275
2055
2806
2805
5736
804
803
4132
799
3094
2816
2714
5527
5126
2229
4108
4887
4852
247
3921
6446
249
6184
3919
3936
2536
5836
246
250
245
244
2392
2516
2517
2378
2377
3370
1006
2349
7392
7420
5505
5903
5421
3023
7093
4624
4626
2141
1974
1972
1976
1558
1350
2612
2492
6016
4832
4831
6578
1780
3147
4668
4967
3412
1951
7304
4708
4695
6213
3609
484
485
7305
3793
2688
1159
6420
3680
2155
5979
4510
1874
6292
2810
2186
1542
1543
1288
5716
1284
1293
2094
2093
1275
4976
5818
3254
5213
4280
242
243
241
3357
1181
4982
1180
4892
3396
6027
2809
2808
3914
1165
1164
1163
1162
1160
1535
240
4566
239
2215
1841
6691
6346
4754
7588
3379
1674
1675
1676
1679
1680
1683
1326
1324
5485
7592
1323
1321
1344
1371
2109
4581
3077
1368
4667
1045
1046
1918
2317
1366
4356
3263
5235
4089
6034
4593
5195
8
7
3629
2060
6
136
4496
2131
9
2640
3193
2362
2602
490
4316
489
2448
4112
5456
2969
2743
3735
6525
6059
6371
7214
3308
3307
3306
3696
3309
5331
2274
7587
5389
5016
4310
6535
1355
5371
5695
997
4197
2923
3611
4975
2760
4927
998
1016
2398
4283
4282
1555
4420
3658
1556
1557
2371
4018
1631
3791
1630
512
2276
506
2388
667
5013
1476
1469
2233
2615
7076
3083
5350
7894
2646
3685
1512
1518
1513
5633
2463
2390
5306
2496
5851
637
4308
4661
5854
5637
7240
4842
5249
6393
5233
3119
1470
4111
7461
1845
1929
1928
5927
1313
2595
4579
4772
2835
4441
7895
1987
1986
1981
579
4041
2502
140
6720
3720
141
142
139
615
329
316
3327
4352
5819
3723
2996
1303
2597
7626
343
3167
2375
3585
2856
811
278
4724
5361
4544
5176
6559
5245
4935
4959
1465
3592
4865
1708
2768
1693
6913
4483
1694
1695
4930
2445
6530
3104
3106
1394
1434
1425
1428
1416
3319
7120
2433
5062
2222
4445
5714
1258
3842
2773
6407
5576
237
131
2837
4121
3955
5336
130
5492
3954
5511
2076
7040
5221
6908
6619
753
778
2539
5799
1245
3290
1244
1243
4071
1640
3789
5276
6940
426
1791
2930
5710
1514
6176
5968
2701
6441
2702
4546
7578
5791
5496
4918
1790
758
2525
2567
2934
3664
5028
1123
3133
3131
3132
3135
3827
4400
4415
4398
5166
2565
2564
5536
2430
869
4669
870
2662
1548
7424
5344
3646
6349
827
6628
3105
5107
6000
5479
2125
5726
1440
2675
2999
387
4537
2630
393
1794
4895
5182
4163
2310
6847
4688
2741
394
5162
1686
3287
6345
3408
7428
5122
395
397
400
3101
402
2910
4362
403
404
405
412
7271
2576
3178
8043
2228
4968
3424
413
703
689
2337
3086
2081
1819
1818
2506
7992
2221
1601
1600
3832
957
2620
5892
5312
2621
5703
5478
3161
3280
2084
5215
2083
1387
3618
2108
1388
4366
137
4615
138
5598
2697
7145
6873
7416
5121
3109
3292
375
7555
5960
7092
968
969
970
5548
5554
972
974
3682
2851
1455
1459
1446
4608
2068
2069
2070
2071
2072
4193
4908
4152
4804
3222
3321
2465
2824
3570
381
382
5863
3606
383
389
1778
2199
4791
2459
2950
3163
1848
2845
1825
5
4
2025
2790
3
4493
4495
2
0
4680
1
218
1712
1692
1665
4186
2874
7233
2871
5227
4989
5909
1670
1678
2823
1237
3909
1315
950
936
5486
4474
6113
775
1249
4295
1248
1247
1957
3711
1843
4518
1842
5662
1844
2256
5271
786
1656
6044
2619
1922
4550
5175
1921
6644
4078
2291
3738
431
433
4715
437
363
3496
1462
6142
7096
909
6328
2435
6788
4563
5244
362
289
290
2302
6150
2676
4736
6594
291
4079
3383
294
3277
5196
5468
1337
4329
4586
2008
2012
5172
1335
6390
1331
1330
4815
1328
7437
5659
2203
5543
4999
1370
1369
4081
5620
6741
4330
3318
5596
4494
1802
3045
3048
302
6699
4265
4209
954
931
1488
5565
1157
4945
6145
6018
940
5466
938
2988
3707
5064
4531
5513
937
6322
929
5465
4498
5027
3145
2404
3230
696
697
2339
2644
698
2543
7887
4503
3450
3059
3895
5151
5139
6286
4086
344
345
6795
2833
5148
4936
4385
5454
3557
2056
2057
2096
5191
2750
352
2668
2669
5517
2667
7006
2940
1800
1783
1395
1398
1402
5595
2541
2637
7164
4705
5387
7636
3049
5160
5402
5861
1238
7602
1098
3227
4245
2772
4830
4454
6754
5449
2423
4424
1442
5754
1463
2783
2708
4602
5131
2066
5304
2464
976
3398
6009
971
965
2801
3278
4183
4184
6828
3464
1510
4390
360
4048
339
1781
5782
3046
1787
4467
5368
3423
317
1628
3797
4051
3497
319
320
323
2771
6807
5316
4243
3201
1563
3542
1564
1565
3928
257
333
499
3959
2594
606
608
5120
1573
5894
4778
614
4053
4799
1703
2758
3910
5197
6161
5325
4878
1591
6844
878
877
875
3356
4594
874
873
2599
3304
819
817
2373
4960
791
801
132
6023
4292
1202
3951
6757
1726
3108
5422
1140
1608
2278
594
2348
6382
5423
5470
732
735
6855
2966
902
7225
3385
3950
5687
3117
5862
4166
985
2843
2511
7487
4838
1274
6653
6149
3662
3019
3020
3016
1418
1417
668
670
6331
7995
6392
1595
653
2370
632
631
635
4060
2282
2915
2914
1302
1309
1310
2555
2554
2804
757
2101
7118
2127
7288
6408
1484
2272
3399
1626
6528
628
4061
2483
4206
1869
3855
5001
1308
1295
4349
3961
1684
1682
3116
3115
3365
4575
6265
1122
4258
1104
1788
6404
4836
2782
1467
1468
1471
6166
5519
2129
1199
2045
4868
3339
235
234
3997
502
5442
2844
6400
503
504
1005
4809
1479
4781
2128
1489
4958
1349
1192
2884
2885
2893
5002
4745
2626
1494
1492
2382
813
4140
5708
5943
3376
7683
5967
498
497
496
2431
475
481
3992
5510
2534
2201
5617
1973
2894
1975
4576
1169
1191
6180
3098
1655
3305
7264
707
708
3451
493
522
2932
1654
3286
3285
2729
2739
2735
2733
5688
2920
6005
5828
2786
2341
3394
2485
3436
2942
3639
712
1545
4486
4488
1690
5926
3880
2452
1048
1040
1037
1036
1035
5292
6398
3593
3332
1799
1786
5804
3439
3214
2935
4896
3887
7036
1944
4880
2074
5528
4611
1464
2126
1450
6604
1269
5730
1268
3466
2811
5439
4823
3613
258
5624
5560
2112
5873
797
5452
2209
3205
5179
798
802
3272
1121
1332
2122
2123
2998
1528
3080
3699
1532
1530
1529
1531
2020
5566
2023
2842
1205
1207
4508
1815
3478
2963
1546
779
781
547
6272
2756
1292
3298
1923
3568
6156
5190
4693
3257
5672
5091
4341
4340
1343
2876
6267
7143
2872
5186
5269
5268
5684
1441
2017
2016
2022
2018
2013
2014
3057
6597
2306
5522
544
543
1021
5601
1022
1023
2821
2367
2540
787
3470
4747
2425
2591
6646
5395
533
3975
532
573
5476
1660
7671
7695
1203
1201
1200
4938
1776
756
5989
2647
4391
1517
4096
4639
714
713
3198
3196
3197
4535
3719
2235
2234
3766
3076
1346
6436
3808
2906
1041
1042
1043
4956
1044
4256
2828
6033
4910
1019
1103
2476
1119
4600
1114
2865
2922
4229
1018
554
553
6912
1979
3890
1977
2770
989
4980
1904
4233
991
2466
4839
1176
1175
3553
3932
5743
477
2379
483
5315
852
851
3905
1737
1736
1735
5794
1733
4279
5380
2049
4562
2047
1620
5073
1621
5947
515
514
749
4134
748
1906
2673
823
822
2387
4147
5563
3689
3885
4406
1522
6675
1617
1609
5169
3021
1010
2956
1480
1490
1472
1473
3242
1013
1014
3615
3614
3617
3616
5676
2411
812
1061
1096
40
41
44
48
49
50
52
51
47
46
45
43
42
39
1875
38
32
22
19
21
20
24
18
17
16
15
23
25
37
27
28
29
30
31
26
33
34
35
36
845
846
5149
2449
3165
5644
7486
5664
4416
6779
4704
6031
6812
6402
4334
5491
3362
3361
810
1241
1246
4293
4651
4698
1182
1183
1184
5648
913
919
4234
2748
3985
2600
4714
601
2559
590
5692
3315
863
864
5821
733
734
5277
3374
1559
1206
5606
868
1186
1187
4953
2879
2283
3976
3904
3594
1438
238
4102
701
2645
4257
2603
880
4227
1965
6274
6696
5097
1850
6344
471
3991
2297
470
441
4970
1380
5021
335
331
330
3794
6124
2422
6830
4792
3417
2613
5963
958
6600
2372
3741
315
336
338
361
4199
960
963
5530
5831
3944
3795
3979
3090
2301
359
1422
1421
5090
2104
1419
7426
6934
3393
1447
981
5086
1533
1534
2653
2533
2336
2369
5859
1748
1744
5270
3164
3636
2521
2586
3328
6356
4255
1936
928
2509
3773
4934
2156
5706
4135
2618
4711
4395
6903
1101
5343
1112
1197
2670
945
4110
3043
5681
6819
694
4215
2062
2820
3878
3472
284
5764
2698
2891
4932
3503
2627
1491
5074
3445
4735
766
769
2217
3988
311
3066
2255
3678
908
904
1652
1651
295
3191
897
2878
5084
1242
4588
1130
2927
2980
5138
2793
731
730
4103
2167
2169
5623
4780
2734
7089
3418
2799
1351
4360
1314
2692
1969
2903
4645
4211
4225
951
1300
7684
6643
6357
932
947
3879
921
4205
861
3489
2664
7509
4733
94
4489
266
6211
2184
4487
2742
1713
423
422
3359
2148
4632
3474
3475
3739
419
442
4719
3972
444
469
445
934
933
930
456
452
3966
450
3971
448
447
446
2592
443
2482
386
3264
3743
1420
2103
4857
1138
7275
2527
4738
3375
378
5457
3796
2726
3275
1865
5290
6947
5742
4963
2986
983
368
3889
366
4776
1415
5187
5608
4926
1391
5944
3348
2268
956
955
100
923
952
2766
2827
4769
3989
410
2245
1758
2384
1257
3558
5483
5032
1882
5143
1941
1133
1136
1135
1141
1666
3564
679
2145
4404
1524
1846
1847
4516
1817
4253
2479
1375
1396
4841
418
5604
1963
3267
3607
5159
1967
862
889
891
920
424
3993
4425
3014
2434
916
915
4845
4228
914
4864
2593
4298
4437
2002
911
1091
1583
428
2284
3980
5231
5230
2663
4718
3982
4717
2365
7095
2254
2658
364
3994
416
3987
4542
3835
4411
292
3990
2605
298
4811
1233
1224
1222
2399
4700
1255
3716
1081
5474
1962
1966
300
301
305
2303
5504
2487
792
794
780
1069
6360
3060
4387
4382
2780
685
684
683
4744
681
2789
4107
3127
328
2269
3792
621
2438
4844
6618
2441
4909
2188
1474
2213
2212
5506
3915
6305
1940
1785
4507
3121
2696
5812
4464
1316
3977
2226
4235
652
3790
1266
5757
1267
645
2943
4232
3995
2570
669
259
659
509
3981
2275
5242
521
3974
5401
6169
479
1879
2010
2403
6941
486
5557
1885
1884
7666
6538
4478
1669
2776
5009
3669
3463
525
552
773
4451
5164
2563
121
122
123
116
1892
120
119
124
117
4555
125
118
1038
4368
1347
4335
1345
5723
1050
3223
3455
3092
3986
1901
1030
1028
838
843
844
1027
2111
2107
4336
2105
6880
5080
548
5937
807
805
772
764
1597
1578
4236
3204
1270
1273
545
541
538
2812
4456
1024
6013
4284
4238
4753
741
742
1960
1959
1955
568
567
1729
3978
565
1854
3688
2849
4449
988
559
771
770
5484
4119
2854
744
743
740
4929
5351
3543
1772
1770
1771
4491
3492
4204
4797
1001
478
3649
3973
473
1221
3728
3471
3969
511
2631
754
755
4433
4412
1550
2614
4194
5158
6900
4928
4378
4377
6032
1796
5116
1795
1797
1593
4439
1592
5588
1581
7595
7525
4217
4208
1017
4059
2686
2553
6529
4288
3963
1219
662
656
3788
2606
2577
2528
1126
1935
5194
4806
4058
587
6170
5259
582
581
2526
1111
4429
5341
1115
4266
4254
1939
1932
3386
4056
612
5152
332
6914
1647
1064
1828
4055
4054
2558
1650
5342
279
1072
4777
2596
310
2340
2293
2457
2251
5026
6363
2660
2867
4557
2740
297
296
2285
896
2643
899
435
5748
3221
2287
5243
5095
806
6433
6024
906
2046
4992
1194
1193
3930
2031
3931
1705
4247
682
5415
5279
687
2945
4517
872
3839
4218
4216
1403
2814
380
391
3316
3102
472
392
5472
3584
4088
1393
4052
1645
396
1271
1272
2738
6802
4942
401
4142
4534
4138
847
2470
2562
406
407
408
409
4050
2289
4049
4212
922
2458
4796
3473
2642
1150
1151
2818
1668
6068
1671
1689
373
2075
4610
4775
4047
4046
6381
5136
3777
3780
4346
2247
4239
4210
4045
377
973
4164
842
3041
3042
2187
2859
4044
385
7773
1503
4065
417
6891
1646
3168
2881
3746
2883
5922
2436
927
449
451
2281
5621
4076
454
747
5740
3732
1852
854
853
2573
4179
4178
5038
4386
1498
462
4716
463
4085
464
465
466
467
468
4244
1097
2462
1634
4084
1635
722
723
726
1158
4834
7069
2545
4082
429
3250
1352
434
4689
3100
436
3575
438
439
4915
440
1372
4327
4343
1322
2611
5790
1170
1168
1925
1930
2803
1741
2497
2841
3714
4917
2098
1327
4347
4328
1367
3848
143
144
307
3650
1516
5507
65
67
70
71
72
73
74
69
68
76
66
64
63
62
61
60
59
75
77
80
79
89
93
92
90
88
91
78
86
85
87
84
83
82
81
2368
4376
1523
1525
1521
782
4130
1629
4077
3785
318
2258
2273
324
4075
4074
325
326
1384
6686
4145
327
2700
2689
1622
3782
1876
1877
4137
2132
2690
3282
2944
1505
1506
605
607
4072
4656
609
5501
3779
1627
1625
4273
1954
1166
617
2753
3128
2728
4991
2732
4438
2133
2134
788
789
790
2652
4123
604
3403
4070
1623
4069
589
3220
1773
746
583
584
4675
4348
1408
586
5330
2360
248
3920
5018
1382
4355
1377
591
593
4043
2026
3778
4351
3690
4350
1389
262
5878
2345
4042
4599
598
1632
5129
2672
5081
4846
905
263
658
5254
1638
3271
3195
4190
2992
1917
1551
5079
5432
1076
3747
1077
3876
2508
1078
675
676
4884
3166
4826
5893
4410
654
260
7967
839
840
2130
1873
841
2401
3368
4195
1054
1068
4461
2736
2730
4396
644
4016
646
4015
1768
1760
2300
678
4099
716
704
705
4013
4012
4011
1218
1217
1232
4867
1223
3419
3562
5482
4010
501
1220
1174
4770
5481
3477
3666
4124
2706
1777
3476
3801
706
510
4106
2054
4006
2484
2295
517
519
3783
520
1216
2864
4004
133
3805
134
3806
4606
2067
5106
4758
476
482
767
4125
4757
4131
487
1648
1914
990
4002
491
4141
2886
3169
2880
4889
2628
2474
4251
6755
555
4001
3830
1363
4342
3469
558
1942
4381
1461
4957
1453
3819
808
4128
2450
5936
1031
1029
1026
1907
4240
4241
1025
4722
2113
1437
2114
4877
550
4019
549
527
4040
3651
4020
4039
529
530
4037
531
2499
1128
535
537
539
540
542
1582
4440
1603
1585
4436
1866
2308
4977
832
4919
4312
2064
711
2358
710
857
1881
5533
4182
856
492
488
765
761
763
762
774
760
3894
255
254
256
657
588
2759
5128
4605
1196
4285
4149
828
3146
6452
4259
1132
4264
1937
1118
357
4104
700
3468
1633
2305
1643
349
3787
1934
4828
4143
816
2391
5004
3786
2964
2100
1399
1404
342
4720
3709
4658
313
337
272
4105
693
949
3877
281
2687
4853
7037
6838
7038
4030
274
4029
299
312
690
2359
4756
3800
702
717
4785
1276
833
2259
4161
6104
7899
6340
4026
1624
4840
2731
4025
411
1912
1909
630
276
4024
4023
4022
633
640
3823
4129
1015
1012
1008
1007
809
2424
987
4289
4866
3089
751
3665
1172
2974
2973
3619
2975
5127
570
4612
2149
4064
4589
4087
566
4021
674
595
4032
4033
4038
627
626
625
624
356
1938
1120
768
3820
4127
5098
4136
2917
4017
3998
388
3107
376
5509
379
4000
785
1775
759
425
427
3781
3465
814
2409
876
885
691
4808
3390
692
3896
1137
4263
7500
858
4181
1574
1261
4303
4005
1156
2381
1155
1154
1153
1152
353
354
2383
1637
585
3143
818
1838
600
660
663
664
665
666
3013
1552
1553
5508
3784
4007
673
5495
4990
4126
1745
3822
800
655
1544
745
1082
4220
4221
2021
2097
1432
4450
1605
2737
3821
4014
636
4067
4073
3802
3828
820
2344
638
1063
1065
639
821
1681
4248
1667
642
4080
1171
4274
796
1588
4442
776
777
2119
2120
577
4083
500
2557
518
709
494
556
4063
562
1642
1710
1696
3345
1717
1549
