6321
7859
1406
5047
1907
7450
5515
8708
7126
7604
7321
8578
5456
7499
7202
1420
8298
7130
1429
7809
8617
6313
6359
5540
8720
7894
8386
1693
7536
1690
7639
8824
7887
5999
7518
4803
8656
8100
8171
3201
4141
1576
1466
6621
7798
7636
6896
8825
8812
8018
6975
1087
7220
7329
8085
6515
8054
8217
7865
7121
5715
5790
3606
5986
8064
4896
1280
7820
8707
5767
6753
4499
3200
1163
1165
3721
8361
7758
6179
2829
7064
7494
5406
6561
3180
8086
4831
102
8547
4531
7554
3179
4991
6409
8452
8573
4016
6373
2545
6180
1289
8632
2542
5059
7700
4635
7592
7327
4619
5997
7013
7623
7440
8540
6539
3005
6199
5765
4662
7221
6889
6836
6150
8608
1081
4299
8327
2530
8693
7172
3843
5696
3705
8604
7415
8014
8420
8143
1438
4689
8582
3643
4899
6875
4968
3745
4836
7000
8478
7648
8744
7511
1408
7888
4331
7004
5140
4914
1591
7067
5037
8616
5878
1581
3853
1579
8716
8730
2561
1433
7794
1435
5393
1443
3271
4885
3756
1446
1448
1432
8588
8677
1414
6487
1417
6031
8315
6988
8709
5896
8701
5390
1330
8176
8312
6369
6029
7598
8340
4142
1296
1297
8577
5397
6375
8356
8421
8732
6412
7037
4143
1914
8351
3253
3252
6874
2930
1355
6506
2926
6243
8830
8835
8833
8801
8827
8841
8834
7607
8826
8832
8027
2632
7517
6382
8020
2646
1550
5647
4962
6623
3759
3251
3734
8477
6922
8288
5659
5953
6824
6593
1477
6391
4785
5532
7559
6601
7877
7676
4894
5892
4904
1456
4783
5433
8030
3924
6021
6223
7358
8474
8836
8815
8738
8814
8813
8817
8821
8844
8829
8594
3471
8437
8211
7373
8383
8226
8587
8047
7054
3761
6977
8219
6701
1567
6849
8422
8106
3236
7736
3913
2401
8397
3731
8009
8706
6015
5763
6485
1080
3247
8212
4796
8192
8389
3500
8739
7019
6220
4386
7824
7120
4144
7216
8781
8742
8592
5784
4401
7178
8282
1118
1119
2362
1124
1107
7697
1105
8524
6006
8777
7548
6859
8808
7175
2355
8557
985
5834
2940
8703
6560
989
1964
5447
6210
2936
8697
6970
5013
967
7118
6530
8705
5944
6585
1027
3525
6396
3290
6155
2379
2994
5458
6993
8167
7732
8293
7377
8484
2372
4952
6609
7873
4410
8811
8837
8818
8816
8845
6240
8831
8804
8788
7922
8745
6341
3934
5152
3840
8627
6814
6122
7002
1212
4798
8037
2972
6550
1248
6731
6540
1273
6468
8336
8023
5145
5437
7534
6955
7546
4897
3256
2783
8284
1156
5775
3543
5096
1136
6870
4032
8393
2788
7009
2789
8481
7061
3480
2791
4747
7303
1592
8395
4746
7370
1594
5747
1599
6715
8574
2510
8668
3856
1189
7739
3632
3216
7541
8769
8165
7712
8158
1175
6672
1178
2019
2023
4780
7476
7867
7979
7405
7531
5667
7868
5425
7720
6566
2449
3203
6996
1180
2441
7728
8784
8362
2461
1177
4802
4353
6265
7570
2475
3090
5940
2473
5654
8013
8565
8268
8756
7900
5056
4148
8727
7899
6168
7462
8718
7153
3767
1168
4781
4366
6420
2691
1142
5469
7566
3903
7244
6572
7529
7837
6682
8450
3132
1968
5947
6135
4379
1164
6744
6910
6489
3183
1155
7786
8696
6477
8820
6524
6880
7217
8049
8033
2672
8440
8661
8292
8523
1833
2447
7482
4832
1258
6234
5724
5426
8021
6707
7977
7926
2454
7670
6843
2456
3160
5728
5032
6058
2509
8311
4717
1823
8404
1821
1822
7323
7381
8263
6266
7395
5435
3908
2515
7189
1220
6397
5849
4422
7750
1218
7616
1229
4150
7515
7129
3861
1243
6805
6795
4151
5593
5680
7506
1234
2744
5438
7853
5798
8051
4938
7331
5035
8695
1705
8227
8570
7686
7787
4466
5027
2734
8098
5441
8599
5442
5907
1035
4463
8320
8464
5191
8546
7615
1043
5038
2498
8783
7606
8105
7240
5661
7188
4461
5805
8313
3086
2438
3284
7182
8039
8493
3775
6841
7874
7889
8279
8702
4491
4153
995
993
7561
4869
4710
8056
4868
6251
2865
8772
5186
7915
6325
8754
3669
8330
8334
6867
3768
6548
1091
1088
7896
8806
8378
8828
6089
7136
2984
6729
8805
7231
7891
7152
6361
7643
7844
8303
2668
3813
7156
5413
7071
8029
1053
6759
6638
6928
1054
7843
3595
8399
3591
6083
3230
8003
7543
3808
1075
2363
7104
6081
4140
2366
1070
1069
2743
8472
4037
7056
2024
6079
7768
8015
8792
3740
3806
6571
2421
7279
7493
8786
5609
5466
5389
3221
3041
2431
3849
3250
1837
3803
2414
4477
8491
1488
1903
1490
8689
6422
3615
7516
7110
4994
2400
7427
7140
1514
6156
8305
5394
3802
4139
5801
7158
7488
8489
5816
1465
7414
8373
6204
7161
4432
5398
3239
5960
5412
7707
3616
3238
6283
2696
5487
5185
1564
3146
6404
3723
8034
5779
4040
1562
1563
2647
8666
6040
8583
8441
6888
8757
4430
6188
8723
1526
6786
8348
1529
8810
2645
7474
6508
8713
7668
8735
7243
7386
8147
6274
2631
3799
6690
6499
1539
4864
7717
6418
8339
8800
8839
5045
3796
1370
6845
6760
7340
2773
5845
1347
6297
8119
8752
4863
5402
5403
6809
3231
7253
8197
8235
7163
8427
6053
1360
8445
6865
8401
6453
4941
7854
2852
7772
1369
8838
4974
4895
2123
116
115
5904
3175
2116
5634
113
8823
8675
5753
7642
8726
3254
3106
6059
8613
6372
3763
8607
7792
8759
5161
6147
2648
1327
2654
6822
2659
1329
1321
1318
5938
7320
6579
8371
5930
8782
8750
3081
8791
8272
7914
7640
3697
8016
7852
6950
5652
3031
4125
6454
4449
1437
2553
7092
5552
6677
7385
1385
4126
1383
5571
7332
6393
4128
5922
1812
8390
8572
3551
3579
4446
8579
3607
7893
8779
8747
6882
2750
6861
8658
4444
7050
7212
7753
2737
6271
1797
6300
3624
6669
3765
6312
2727
8567
7275
4992
7997
3774
7337
2544
219
7905
7585
5082
6356
8691
2594
3778
276
3177
153
8004
7530
125
8710
3211
7528
7207
8807
5684
8662
7856
7194
4130
6496
8195
5903
6847
7524
7218
2675
7453
1783
1786
7835
5656
3194
8326
8740
8842
5409
8634
477
3513
7105
7830
8787
7839
4347
3062
406
3822
6167
6573
6905
8667
7653
1817
6825
2698
7435
3466
7215
5585
4948
8651
5461
5826
8428
8765
7029
6262
7137
6907
8146
6768
8046
4950
6364
1771
4739
7296
6394
7425
7553
8795
3442
5450
8728
7017
6444
3850
7589
6442
5451
6518
6703
6513
5880
6691
4259
387
5632
2715
1697
8803
5897
6201
8672
4943
5864
2592
8240
3416
6203
8025
6355
7800
373
372
4132
7335
3082
7584
7550
7351
5546
6173
7016
8768
6427
6497
8600
7793
5326
362
7458
8019
6763
7715
8724
3485
3427
8417
2595
4270
4271
7747
6270
3091
7465
3174
6862
8593
7916
8328
8388
3424
8790
5758
7311
391
6169
389
6128
4881
4859
5770
8088
8164
4134
6351
4135
2569
5674
7665
317
7881
6276
8080
8187
3597
8733
8699
7587
312
6428
310
5665
3463
7339
2731
3835
2735
5017
1719
1749
1751
5244
352
351
350
2535
5028
7101
5243
5242
7883
5683
3433
3715
7235
4247
339
6803
5795
6182
8774
8022
334
4229
355
2547
2667
5657
7281
4136
6949
3712
1938
8785
8276
6527
7112
8073
6198
6968
4138
5822
8530
7109
2560
8218
8560
8163
8793
465
2558
4241
5234
4243
4239
7725
6343
5575
7452
8352
3931
3969
8529
3534
5503
8676
4703
8007
8507
8648
4828
8598
3435
7855
6472
5184
3568
7577
8712
7347
7777
7179
6735
496
7689
3400
3557
6520
3638
7498
5232
4156
4825
2625
489
3776
3324
7613
7667
8798
4833
6193
3577
4724
1734
4055
3071
7788
455
430
428
506
427
426
425
424
423
422
5231
8819
8443
6627
8463
3569
8589
8746
8160
7372
4023
7557
4046
4048
3033
7383
6293
6640
4047
7576
7825
8242
4820
7520
7114
7857
8521
6269
5010
2719
451
8614
7507
7301
6331
4281
447
6629
6938
5827
3133
444
3533
4961
8766
441
4931
3800
8612
2644
7525
5274
435
8515
6514
6190
8623
433
7602
7512
6933
3143
7558
2039
5861
4178
6295
8767
8799
7858
2638
7726
6854
7846
5791
8541
6966
7540
5782
6974
1979
172
5262
171
4005
3320
4332
5011
2694
5257
6137
7693
164
5256
6819
5918
7582
1683
1682
2869
7537
2410
181
7026
5802
2408
122
5693
8354
205
2407
2406
6112
3295
5690
199
1960
198
8355
3296
195
7730
5936
6756
7169
7735
5650
7424
8758
3297
5970
5226
7284
7542
7397
8751
6927
6206
7603
8032
8324
7333
8183
6872
6999
8736
8107
6153
6174
4949
7422
1692
1714
5874
1713
7770
8289
7392
8297
6455
6103
6504
3303
3818
4180
7319
2425
3625
7219
8776
8203
6984
1706
7461
3828
8611
8797
7060
4011
7446
8433
7099
8721
7205
7300
6952
8045
2420
8321
4181
4688
3583
2436
8531
4341
4182
7100
277
273
272
208
8114
7001
7441
7694
3314
6769
4183
6887
1778
1773
1832
3593
5561
5618
4755
6570
261
3915
2358
7354
8436
5556
7394
8213
303
8062
7384
8207
8674
3630
7187
1826
6363
5629
7312
6086
2390
3379
6770
292
7869
6817
7911
4184
7336
7644
8057
3804
5955
6614
3381
8083
3846
4916
6549
6163
229
7141
6547
228
6780
5959
7775
226
225
3905
7870
1981
7294
3387
6940
220
218
2383
7232
6711
1790
3770
3388
8601
2382
8405
6860
8655
2378
5741
7818
6066
6065
4283
6924
8175
5942
8205
4285
8551
2392
8224
4850
6061
5196
5061
3736
3506
8533
4849
3472
6429
5118
8775
7816
7345
5224
6434
5223
4187
7746
6569
235
2491
6532
734
3371
6652
2490
6494
3348
5112
6745
7974
6184
6844
7223
8665
8225
3349
3076
6758
3783
808
4193
818
4189
3024
7698
7734
804
803
6050
8619
7840
7513
8063
8680
3784
2010
7286
7567
8300
5850
6692
4993
2523
2521
2666
8415
6747
7799
7832
3790
6045
6158
4919
7375
6639
7783
8802
8379
6517
8843
8148
6654
2507
3362
8794
7620
7164
8692
6042
3785
2484
836
7785
834
7742
8483
7892
6667
2050
7751
8773
2481
4846
3364
3365
8576
5209
823
3363
8717
6915
5614
6512
792
3494
790
2117
5699
8274
5701
3514
7590
757
2450
756
2458
7580
3730
4843
4970
5076
2674
8640
4737
7737
1644
7729
4732
7269
6695
5739
7271
746
5078
2867
1604
7760
7897
1652
6192
1654
1866
2993
5490
745
2468
3729
7272
6777
6969
5353
6100
2465
4306
5351
748
4307
762
2463
8162
8291
3769
7919
8715
2649
8215
8411
4839
6416
6967
8660
8058
4308
7819
4309
784
8581
8269
5349
5893
6583
780
779
4995
6866
6826
6183
776
5695
8636
6405
8208
8725
4838
8381
7259
8504
8518
2846
8554
5913
7033
8435
4175
2474
8408
4174
8542
8377
8177
3658
5587
8006
3538
2107
7083
5820
7519
8764
2440
924
4645
8679
7847
8256
5717
7366
5853
5345
3764
2854
4648
7497
7706
5165
7526
3789
915
6084
6788
8121
7031
910
7075
4159
7487
8760
7322
7236
5354
6078
5104
933
4160
8273
3878
7183
8456
959
5963
5698
7666
5105
1655
6176
7611
6133
7696
954
2038
8642
6554
8186
6972
7115
7325
950
8631
4909
5338
6384
4976
6408
6980
8281
943
5483
7305
941
3814
8650
4664
2513
7547
2514
8714
7617
4665
3686
4161
7738
961
7866
8500
8687
2933
8580
8514
872
871
5464
7237
5704
3659
7180
7041
4924
4162
7618
7501
8771
2027
8840
3464
2873
7875
6597
3645
7767
4618
2493
853
8505
6728
5108
2486
4620
7679
2488
2782
6237
876
4163
3386
7849
5811
2780
6688
1605
5043
7812
5381
8301
1886
7111
1894
6467
6842
6241
6465
899
1836
3415
7685
7480
4853
2966
5332
7890
5621
890
2963
4627
6307
4628
5356
6082
884
7913
2381
8590
5613
7562
2989
3075
736
5111
6457
3807
4633
3653
7898
7270
2370
6587
2369
8238
1612
8230
7447
1614
7267
7565
8245
2351
7436
5597
3468
3029
1620
7880
4056
7407
1628
6088
8762
4654
8040
7756
6869
5376
2364
569
4169
5951
4683
566
3384
8591
6559
5373
95
8532
6562
2393
3037
7328
614
6598
7065
7107
6443
4170
5847
8419
1613
6781
3507
7995
5370
5380
7412
6095
7022
2427
6445
8210
601
2428
8425
2429
7708
5803
4171
7721
5369
597
5194
8061
3293
594
565
7306
619
2435
7032
5676
7229
530
529
7674
5362
3130
8596
4122
6377
7355
5504
3300
7672
2397
4676
5051
7288
6144
5848
8479
8558
2868
2804
6832
4670
7827
510
3093
6635
5330
7704
5895
3008
8267
3754
536
2527
5949
560
3358
3657
3473
558
2899
5301
5300
3733
5296
3350
4120
3142
7593
2641
7763
8630
2814
3635
5812
3458
4714
4716
8233
1598
1601
7713
5293
8407
7579
545
6070
3757
8700
2622
5080
3755
3741
5081
4526
4094
8050
6385
6068
539
538
8000
3382
6208
563
6615
4827
8360
8174
4089
3380
5599
6807
5952
8184
4928
7292
5672
8396
7504
8178
2827
696
4926
7754
2655
7654
3748
692
5755
689
8603
5286
686
2651
7423
3310
5284
5600
7671
2656
7508
7833
5866
91
7714
4536
8426
691
5905
8286
6529
6213
6047
4923
8246
7387
5666
4540
6557
7803
2555
6374
3307
725
7276
723
6378
7018
5160
3546
7599
6407
6713
7091
716
5662
8209
8647
7814
8406
6565
5290
6149
7199
3339
7523
6463
8055
5316
7681
3542
2792
3555
1831
3470
6994
3837
6659
7098
1854
8486
2911
6165
7902
1856
7600
8008
7443
2570
6748
5003
8092
5324
7769
6827
3851
5887
3544
7560
4709
4882
8318
2834
5902
8559
7829
7740
6275
3162
8734
6793
5607
7633
2843
8741
5888
3753
6461
7174
8682
3454
5317
8358
8394
3749
5509
3417
8262
3413
2576
5315
4496
4886
5313
4114
8380
8652
6618
8344
8391
8492
8550
5841
3848
8150
8447
3407
4113
6228
5879
2839
6818
7003
6541
4500
5050
103
3447
7927
3438
8185
3921
8688
8584
4502
4503
5833
5000
655
3530
4504
3746
7864
8296
8525
8028
4506
3408
8638
7535
8729
7308
8368
8416
673
8111
8181
8302
7718
3879
7539
623
4522
4107
8131
6136
3412
7872
3429
4104
631
8664
8130
2139
2145
7069
4101
3750
7419
638
8625
6775
7167
8653
5507
6334
3561
7491
643
3909
6218
3459
6217
4878
3860
8042
5533
7080
7664
2796
1709
3576
5475
3890
5749
5877
4862
6273
6945
4912
7976
6303
7467
3836
8522
6637
2141
4098
679
1957
2665
6649
6474
6215
3859
5346
2971
7348
6709
720
721
6106
6706
6848
6368
4583
3739
6500
7774
4118
7428
7555
3450
6279
2140
7420
7193
4595
4596
2147
5499
8113
6152
8685
7895
688
690
3311
8343
3589
5048
7285
6516
697
8473
7052
7692
2148
3378
7291
2150
4612
7755
540
6846
8657
8347
6953
8566
2144
6954
4600
548
3389
549
551
3758
8556
3392
6447
553
93
7962
6959
556
5222
3460
2061
1603
4699
1586
8036
7645
3865
3864
8317
6586
6380
559
5094
2280
4866
6255
535
3830
5168
6906
3752
509
6433
4100
3069
7147
3839
8606
7434
4605
7789
8575
6957
4606
4607
5235
6248
3377
533
3461
7404
2813
6662
7727
3520
100
7983
6995
7484
7908
3744
595
8548
6423
2289
4990
7538
101
8789
7047
7043
6116
5530
89
4610
607
6350
8333
8231
610
7102
4598
5240
5258
8341
4568
617
5133
3760
4867
577
5336
570
4957
5835
3455
6680
6717
6543
6589
6245
3833
6121
6146
7313
3467
8026
6166
4870
6722
5965
5778
3751
585
5900
588
8132
3527
5576
94
3747
3529
8649
2825
6124
4561
5649
8398
4070
3089
6125
883
2253
4565
7678
886
6580
8615
8748
7242
7234
3793
7807
6877
8498
2900
895
7629
3423
6941
7273
6126
3862
5174
3641
4105
5578
6289
8236
878
4582
8038
2255
4779
6765
2977
6239
7123
6495
7257
7806
7251
4573
7341
3550
5823
6287
2785
5985
7632
8010
4876
3113
8307
4576
867
4577
3942
5549
6982
6908
7334
2007
8308
5126
5024
1663
7015
3812
940
8331
6162
4109
8569
2953
6568
7662
7841
2959
4669
2268
5359
5982
4581
5914
4789
3682
8511
5360
2297
5363
6544
6247
7836
5909
913
3409
7652
3791
7634
2325
8585
6794
7200
6837
6679
2327
3726
925
8001
5808
2329
8323
6998
5364
6596
5583
4562
6013
8704
4111
767
768
6421
8012
4603
2838
8136
4115
777
3040
5514
4116
8778
7842
782
783
1986
6868
3298
789
3727
6003
3299
5754
7573
6960
2338
763
5646
7834
7821
6684
7444
739
5537
6315
2340
7133
4096
4754
3083
4097
2001
2342
4498
7994
5919
2345
6007
8295
7463
4750
5926
1640
8314
88
8609
5658
7656
5340
3393
8763
1973
3777
4119
6010
6762
8222
92
5162
5774
3084
1585
1600
6766
5773
3762
8737
6790
825
3946
3366
6011
827
2043
828
835
3108
7871
8096
4088
844
7731
6014
4079
6490
8536
7569
7884
5510
8571
6481
3786
6812
6588
8502
7848
4956
819
7790
805
5277
5210
3491
7699
7614
795
5772
6326
3357
7211
7094
7568
6225
7594
8337
799
2746
4083
4087
3787
5166
8059
7145
806
807
6017
2314
809
5925
6604
8499
2315
5211
7850
7575
7356
3372
7709
99
8134
3782
4091
6296
4988
6022
4933
6436
3779
5854
7733
8549
3395
7710
3462
8644
8673
7214
7406
98
7929
3109
7780
2298
6610
6705
8087
211
7455
7635
5044
7227
4672
7261
7773
6437
2901
6387
223
224
1869
3766
7135
2718
7483
2184
4682
2681
4811
4012
4797
6336
4767
5957
3163
2891
7074
7073
5220
3743
4075
3096
1996
7021
5135
6026
3815
268
3125
4092
5060
264
8690
96
8413
6252
8602
8475
3811
4996
6523
3313
279
6633
5655
5950
4188
3947
8770
7481
132
5813
5276
147
5269
6641
7431
7910
5176
3847
3079
4975
2
3634
3679
3631
3834
8519
6730
7862
4977
8202
7398
6399
0
1838
1
7921
2855
3
42
4
3633
3680
5631
3678
6660
2853
7743
7749
6815
3845
3935
5702
8101
4624
5250
7082
7044
6943
4630
7975
8052
2664
6036
8116
3602
6426
160
2156
7630
161
4671
6921
8645
3317
6181
6919
1975
8434
5898
8011
6531
3342
6376
8005
5236
2710
178
7578
2161
7878
8809
8459
4497
7413
5721
7359
8628
493
3801
3135
7449
2162
6936
438
6719
6619
8753
6032
6033
2955
3335
2048
3798
7138
4794
5237
448
4959
1954
97
3795
8605
5972
5079
7330
3907
6430
6019
7838
5213
2169
7503
4220
7583
3794
2171
8430
90
6360
2892
3990
2923
6195
6773
3567
7198
87
3465
2880
7680
3660
8468
4036
1739
8089
3642
5627
491
3321
5697
492
6858
7588
7886
3402
5737
3559
3797
5983
6458
3292
7492
7778
3573
7005
4556
4694
503
2248
482
8639
7035
480
8761
7509
6459
7344
5884
4520
5935
5992
3469
5586
8564
4748
5592
3039
3809
5128
3995
5328
3816
7468
474
3053
3792
7784
7228
5321
4892
5084
6450
6749
5990
5304
7657
6973
7612
348
7985
6000
3097
5995
5743
6923
8280
7757
6329
3164
3666
3665
2902
8467
5994
316
6521
5673
3437
7350
2237
5570
3420
384
4225
5170
1916
5873
7290
5642
3781
3119
4226
5989
379
7993
6558
3654
365
7863
7326
5101
6799
8392
7502
104
3788
2244
4197
371
8497
5040
7556
3819
8429
5100
3449
7688
3780
7631
2688
7096
7912
2245
3773
5252
7362
4544
8265
3810
8414
5771
2247
7302
8097
4830
3805
320
5735
5916
3932
2693
5729
4613
6037
7171
3738
7155
4929
343
4817
6647
4823
4673
2210
4025
5245
6644
7125
3817
6916
405
5542
3951
1921
6511
3918
6840
5707
2213
7563
8149
7649
7456
2686
2223
4636
5722
7619
130
7139
5339
6272
8671
4925
7591
5589
7801
3208
3209
1936
7711
4198
6438
3493
7658
7283
213
3926
2219
2220
8719
7124
5563
1802
8562
241
240
3667
7210
7759
7691
5150
8681
5097
2152
7545
1179
4215
5306
6671
7549
1403
8490
5807
7764
1373
2974
1374
6161
8503
6726
7928
6462
1390
1412
7346
8370
1441
1449
1447
2119
8501
6956
7119
5858
5127
1939
6674
3282
1315
4650
1322
1744
8095
8646
1696
7417
1294
1298
5981
1304
6466
1353
7500
4757
3104
3098
4493
5334
6622
7745
7845
7263
3693
3147
3571
1341
2239
2238
3067
3224
7230
7131
1348
1454
4219
8678
6886
7388
7025
4842
7224
6830
7464
7641
1718
5484
5794
7185
4844
8118
2231
1558
7765
5142
5471
1523
7007
3242
3933
2690
2982
4691
1482
8629
7521
4969
7128
4847
2230
3078
1474
6778
5201
8247
6632
8743
8374
6732
2202
6413
1494
3246
1499
6911
2199
1510
8084
5046
5863
3989
3057
4287
4212
4007
6771
1561
5535
5205
4207
7817
6235
2115
3603
3831
7795
8170
4854
5671
5723
6281
6985
1071
2170
5125
6925
1729
3938
4749
1725
7248
5544
6327
5053
1065
1048
1049
1060
5886
2166
1084
7367
6693
3649
2687
3655
7942
5584
5762
5182
8670
6893
3274
2164
8375
8654
5954
7752
8041
6702
7901
7781
8152
7522
6963
1097
1100
7797
8698
7490
7861
7811
6403
2158
7741
4323
4997
6903
3121
6724
7006
1673
4321
7669
1002
3273
8618
7204
1038
2163
4216
1023
3510
2733
7209
6718
1708
7409
2910
6776
8641
2194
2909
1232
8686
2979
3910
3257
2747
4233
1235
1237
1238
1976
1244
4224
6005
8544
4222
5062
6755
5377
6595
5520
1828
6258
4930
5924
2755
7660
6883
6319
5511
7454
3016
3703
3486
5063
3868
2188
5663
3212
2187
6997
3204
6264
7489
8169
5007
8093
5611
7369
8067
5711
3193
8731
7181
2181
7999
2701
119
8319
3596
5022
5962
6267
4068
8755
7551
5517
5482
6381
1143
6917
4258
6482
5559
5565
1774
7315
4813
8103
8248
3564
1813
1205
3205
6362
4877
1807
6864
3858
4860
2311
7651
8244
5136
7299
1185
7934
2044
7661
7151
5793
5004
1172
5312
4425
6119
1187
2302
6555
7401
7309
3516
2301
5175
1202
2310
4201
7885
5645
7532
7045
6606
5958
3261
4435
5883
1133
5246
6852
6431
7596
7201
2784
1162
1158
1152
4456
5204
3255
7683
5146
8359
8179
8166
5214
1219
3289
3286
8155
7637
6395
5207
7297
1240
6160
7197
8223
8091
5500
2778
5468
3522
1993
1034
2331
4487
8595
7132
6314
5333
7030
3601
965
8470
4195
5872
7426
998
6139
2300
2346
1046
8780
8154
8335
6712
1646
4874
7571
6311
8216
1110
3223
7876
8364
7813
5522
4218
3234
8409
1056
4223
5460
2263
8512
1064
3891
3617
7170
3249
7470
5689
8442
6839
7996
6779
4937
7969
3058
4380
4805
3457
1537
6229
3509
5309
5310
5977
1502
4374
1505
4350
1507
8446
3241
7262
1501
2252
6067
3245
3524
8684
2274
2275
7117
7399
6783
5023
4792
2295
4786
5890
7307
6104
6971
3218
5320
2293
1334
5945
2998
7048
6895
7391
1350
8449
5783
8454
7935
3636
5463
1925
6670
7166
3943
2290
1301
4686
8669
1313
4008
8432
8462
6056
3288
5606
5939
3681
3671
4388
2286
3613
5002
2285
3611
5686
1430
8017
6469
5280
7039
4793
6533
1380
1405
1263
1402
1375
1521
1475
1497
1462
1470
4964
5595
5573
2908
8140
1095
8190
7510
3281
6212
6752
980
7157
1227
8306
5751
8135
2134
1066
6751
1186
109
7909
7687
8172
7448
7478
2906
1863
8482
1862
4973
5677
6989
4677
5865
5289
991
990
1092
1089
5818
7106
1067
2962
1495
1570
7815
1531
7851
2137
2128
6948
7703
1326
1418
3185
2135
1442
1388
4806
7402
5294
963
8722
2129
3902
6625
5297
1025
1267
6301
6071
1183
1083
1377
1382
1431
4809
1422
1427
1295
1303
3672
8060
2942
3217
3063
7722
6099
5923
7260
3240
6902
8271
3237
3914
8044
5355
7233
7469
2958
2270
1104
8145
5099
6253
8418
2801
5731
3570
6605
1151
3626
4436
1137
5057
1170
7647
4451
8204
8376
5365
7287
7160
8621
5836
4935
5804
8461
7059
6526
2317
2318
7723
3192
8545
4752
6885
3186
6789
3267
7382
5115
6038
7239
4907
3095
2771
2732
5476
7055
6603
8822
2159
3004
2684
1116
8526
4211
6102
1125
5067
5073
7495
7062
2999
1545
7471
7822
8137
7610
4848
1460
7608
1485
3215
5815
1942
1484
4701
2671
7408
3882
3233
6145
1368
6290
8144
1711
1317
2216
6357
1398
3618
4640
6806
236
6236
3959
2218
3206
7108
6978
6961
6470
6074
7766
4681
6227
3528
7991
2208
6879
7744
7324
3054
2203
7304
2224
7442
6538
3153
5501
5341
6076
3436
377
4551
6366
6080
8367
366
404
2240
6736
7410
1761
7695
2736
8506
6792
464
7254
7932
459
458
7514
502
6492
5891
8412
3706
6741
3565
1737
4726
7564
6720
7719
4814
5745
5016
5742
6698
7010
3829
4944
6503
8048
5189
8332
179
3341
4545
6507
7034
4202
8220
174
170
168
162
206
184
192
186
157
155
154
2198
2740
5052
209
5776
7053
2689
3647
7070
1819
1829
5768
6342
6480
2185
283
4084
5107
4787
5039
4093
7159
7222
1782
2739
7586
246
6154
7527
5703
6317
4086
5219
7628
5116
7226
7361
821
3521
8082
843
3368
5203
8694
7466
3376
7390
3318
3967
4505
4512
744
737
5197
8239
7684
787
5780
1626
2842
4804
849
8637
2333
3443
6774
8749
6202
5714
952
8635
938
3735
6172
1847
7403
8495
7903
6754
7457
4106
2259
7595
6798
862
2036
8527
6897
889
4566
3700
6656
4730
7805
4871
6976
7352
1632
3620
2820
8316
3957
3899
618
5577
7823
612
2292
8072
606
6804
562
518
7376
7011
514
513
561
6821
2153
2952
5551
6522
704
6686
5066
2800
5664
2143
732
4592
5660
5867
5014
5574
1834
5619
8508
3930
6143
3872
7958
2941
678
2133
6965
6170
3326
7439
636
6186
7225
6132
675
4507
5740
2964
656
2832
2136
4110
6772
657
7266
4989
4889
4890
8161
4888
668
4117
6107
671
4508
672
5251
650
634
7650
5229
6108
6187
635
647
2597
7879
3338
4081
6148
4085
7264
717
3340
1582
3857
1651
6197
4856
731
6673
6414
2870
7371
698
4090
3961
702
703
622
5091
4826
6708
5164
541
2617
5009
3085
552
7208
2634
1951
512
5238
2398
3149
2528
3482
2430
4986
4038
117
5157
7808
4063
7072
605
7116
6556
6578
7247
567
8099
5459
3334
5681
4637
576
4167
581
3431
2388
7277
4173
4629
885
6899
6782
7360
2376
7796
8476
2439
8534
3627
7396
1844
6653
852
6060
856
6850
4616
4639
8065
866
6308
873
2518
6689
7675
5688
2508
946
948
6696
7077
1659
5929
2091
3953
8133
908
909
911
7049
922
2443
3592
2459
927
5449
6983
905
4837
6449
2471
8090
4310
8466
785
7505
7473
8683
7363
6528
738
3623
2466
742
1653
5569
4731
3652
750
7460
6134
4191
6400
3637
2445
3397
7574
5920
3319
6594
2457
831
2483
2751
2025
6464
3962
3355
2905
5178
1808
6339
6992
2485
2037
4289
4288
1795
3691
8110
6828
5407
4494
3394
6914
5405
2729
4917
6668
8117
8444
3383
8403
4330
285
7860
4315
8094
7437
8510
6501
3315
266
8610
6185
3585
5964
7621
6046
8253
7810
3302
131
6406
7655
8078
5399
4334
6835
3344
6757
6196
5746
2034
4328
4327
2640
3887
4177
180
3541
4322
4158
6097
2045
3337
5718
5635
6643
6205
4947
3036
5625
4275
429
2725
3328
411
412
3327
3325
3088
6432
2623
4242
5018
7265
7364
8633
6646
6714
6328
7148
5616
7581
3426
4245
2619
7961
6676
6151
3170
3410
4237
8241
468
6091
471
6624
7295
7638
6685
8516
2531
335
8193
5526
1949
2730
7316
318
6838
3422
6820
1681
1678
5529
5875
5440
5928
8517
4133
3963
2757
7042
5931
6338
376
2607
158
392
2577
6257
6986
7191
6051
3446
8024
309
7076
7416
2588
6054
7023
6620
7430
6946
7605
6498
1841
3512
5428
8250
136
8423
3269
5948
1394
6263
1888
5943
5086
2559
1935
5590
5149
3668
5422
4450
2968
1444
6440
1419
2660
4900
2742
1307
1331
2626
6231
1359
6810
1362
1365
4123
1342
3228
7748
3141
3232
1520
7282
5961
3854
1766
4942
7274
5761
7826
5859
7154
1512
1728
1733
7445
1859
2099
1565
7682
1126
5937
1072
6415
2389
6316
1760
4696
3168
1750
3498
1045
6892
6113
2377
7357
5423
7310
5095
4475
3966
4465
5668
3006
971
2970
3503
7475
3651
6829
6576
7626
5821
2722
7176
5069
5443
6117
1247
1230
2517
2927
1215
5842
5495
5183
6246
3015
3017
6398
1252
3685
8357
2678
5712
2446
7659
6683
1209
8285
6280
6581
7762
1148
6159
1131
4381
3001
3869
81
5637
5615
82
2915
7572
1793
4800
1188
2479
1173
2448
5548
6035
1451
3711
7945
3612
3619
5882
1578
2793
3263
5020
6739
2525
1249
1288
1284
1277
1276
1217
1216
2500
2779
8561
7027
8353
7906
6224
2482
6484
1008
3483
1024
1031
6233
969
982
5636
4418
987
1103
7917
3227
7761
1111
2418
8168
2031
1057
8439
6216
2018
3599
1588
7828
2085
2863
2805
3929
6211
2807
8509
1511
1453
5539
8180
3243
7353
1464
2808
5851
7289
6929
3235
8191
2618
7028
7968
5387
7088
7024
6371
7186
2612
5395
6004
4987
3028
4248
3911
2973
6491
1436
3270
6942
1937
6981
1583
7046
7378
5633
7701
5158
118
1657
5567
1306
2931
1566
2532
5153
7144
5566
3955
3922
5709
1264
4834
8299
5172
2063
7779
2030
2571
1181
5998
3958
2600
5098
4510
1225
4589
977
2590
2589
7038
6446
3199
4807
5457
2848
5173
5513
4715
5071
2126
4194
8278
2584
3189
1543
7451
6987
1552
2573
7063
6831
8243
1073
3188
6612
6642
7093
3906
1182
5446
1197
5445
4985
8624
5814
7184
7418
7624
3639
83
84
3264
4951
4852
6551
1391
5694
964
1393
6833
1401
3259
5054
3855
6737
3662
2922
8563
1428
6034
2551
3582
6486
2803
3280
3278
2992
6288
5386
5385
1358
1352
3523
1610
5473
6878
7930
3737
6920
2636
5134
1461
4972
5978
4398
3732
1904
2830
6023
3677
7314
3011
2423
7342
4960
7238
1843
2822
4145
1009
5130
1128
5777
1236
6388
6743
3954
7609
4795
4405
6389
5416
2787
3824
1580
4801
1799
1806
3171
1776
6951
2462
3187
4983
5894
1159
4934
1149
6710
4718
4784
7966
1262
1260
2679
7249
3181
3268
1827
7173
6292
7831
5391
5388
6535
1224
2903
4469
2520
4152
1127
1012
5670
4473
4872
8112
4464
8458
972
3965
997
996
2741
3674
7190
4154
5418
3060
2758
3871
1732
6723
8597
2403
1486
3610
7472
4129
2404
1458
5089
5523
3553
3068
2621
5644
7771
1361
4124
6164
3916
3874
4879
1384
1810
6697
1407
1396
2738
8123
2540
3519
159
6435
4137
342
3129
4249
4131
7078
2586
7081
5764
332
308
6746
3445
4255
321
6298
8663
5752
5980
6044
7646
3701
7663
3411
4260
8659
6451
6256
6666
4264
3844
6101
2753
4269
402
6947
7400
5975
1671
1672
2761
1684
323
2541
2534
6664
340
7677
3713
7907
6096
4230
2565
5444
7298
473
2978
470
2976
5462
6687
5932
6617
6553
4227
2677
3403
498
4065
3867
4231
2628
8325
6958
2627
5817
6871
3562
5481
6851
8451
5881
5870
490
2009
486
6564
483
7389
2015
8438
2620
4316
442
3698
3710
175
3545
2568
3019
6367
6191
6039
197
2413
182
2716
6631
2748
5021
1707
1701
3936
2394
5401
5708
5109
5910
278
7904
7992
2353
5840
263
302
3346
299
6410
8626
3964
2895
7393
6891
5579
2384
216
3499
8400
233
1978
3866
6536
247
3116
3351
2052
801
5819
794
5154
3369
793
8538
2452
2444
1967
6932
5070
4841
2470
8329
4840
5572
5555
3937
8469
2921
5560
7485
6655
7066
1881
6456
7365
2997
2949
781
8796
766
5455
3560
2476
932
2836
7627
934
6352
3064
5454
2526
3842
3398
936
6120
870
2522
7149
5155
8201
6488
864
855
851
2494
6502
3875
3425
2375
4164
2777
3699
7791
7429
1662
3030
7258
2360
568
5156
2365
2417
2893
1858
6796
8453
4967
6657
6934
4774
2932
5065
8294
5505
5480
5901
2809
2090
2818
7920
1918
8126
2954
6648
6115
5700
5180
2629
7278
3531
6114
7673
680
8455
5233
8539
706
3683
8249
8069
5596
2049
4082
5911
646
6931
4077
7085
2611
633
626
674
670
658
4920
6761
5253
4891
2587
1928
1762
625
7421
630
3323
644
4516
4519
1970
3304
726
5789
6944
7079
4588
5766
4955
5031
6873
6787
6658
6138
8448
6884
5263
6545
730
3614
5261
2894
4865
7142
8237
6425
7103
5679
2132
5255
5254
5228
5828
6964
2142
547
5264
6349
3886
2283
2284
2288
6519
4611
8076
5799
616
3059
574
5971
3419
879
3870
5792
8182
4564
2254
7338
5796
2781
4571
2257
8643
860
863
3956
3312
865
7162
904
3087
3065
8465
3018
2080
4059
4733
778
3010
5564
4946
1607
3023
3070
2775
2682
3161
7918
6344
5215
5885
7040
2907
2057
5956
3479
2309
3354
6727
4958
7804
3353
2312
2313
1974
214
257
304
4631
6049
2186
5193
1999
294
259
7989
270
8543
6439
3742
7702
6811
7343
4067
5123
7195
4936
4706
2160
8513
6608
5005
8382
1757
3012
439
2937
6505
2167
431
4742
7937
409
5279
7058
7349
1727
2888
4574
457
6855
499
6092
5852
8232
5494
7939
7020
500
3440
4585
5278
4594
5857
7433
6808
8537
2673
8206
4513
3960
2229
4918
8385
6738
314
5906
6085
7432
1857
2101
2086
4921
7213
2711
3404
5710
5382
356
2225
5502
324
6542
6175
6834
6072
4905
2205
6062
2206
4221
5582
2209
4932
3720
6260
6909
336
2705
3718
6602
5465
1913
2214
239
1885
2222
8251
7113
4981
2242
2241
1540
3578
7086
6853
1513
5871
7963
5342
2764
1738
3622
3038
5368
6479
5946
3229
1079
7411
2016
8620
1291
4772
3495
7951
6912
8255
986
984
974
5177
2175
1213
4721
2877
1830
7380
5372
2685
3496
5824
3196
5371
2320
6094
7241
6473
4061
4884
1139
3291
6918
2316
3547
1796
4060
1811
2321
3197
7
6
3687
3877
8
3688
9
8310
3066
1842
2856
3640
1076
3646
1898
1519
8275
2296
1553
4360
5303
2823
8153
5298
4690
3548
5534
4740
6816
2047
4660
2380
5536
5639
6386
4121
6069
1300
5302
1333
3515
3508
4597
1114
994
3190
2131
5083
2138
4819
8363
1788
3072
1785
6232
5759
7941
1775
1195
6935
5756
8254
4433
5285
3048
1638
1271
1032
8139
6665
6616
3575
2795
976
2149
1106
8552
6306
6402
1835
3092
4712
2786
6991
3073
1855
1861
3676
1445
1416
3051
6286
3287
2776
5528
4402
1320
7165
6332
4417
6226
2291
8568
5323
3276
3648
6764
4414
4020
1926
1354
6979
1357
1924
4413
5678
8104
1337
1630
2072
7625
5967
5001
6064
1530
5682
4409
5318
6230
4352
1556
4351
3518
2812
5769
2273
7459
3490
1508
1496
8322
8402
1506
1463
7095
1572
5308
1538
2026
5968
1068
6742
2810
2811
7690
6221
4033
2260
2262
6141
6630
3725
1052
2011
1058
1061
1086
4002
3484
2947
7068
6365
1115
2269
3970
4044
2299
8214
2929
999
8304
4873
2824
4735
6509
2985
1026
7134
1851
4965
3717
5750
2334
4206
5072
1006
1044
8258
2336
1241
5966
5605
5329
105
2088
106
2087
6358
4483
1222
6900
7146
6259
2886
6791
2885
8622
1250
3272
4482
6590
5198
7948
4438
5267
1129
3258
5151
3892
5602
6857
2904
1134
2322
1166
5042
8372
7379
5588
6599
5026
1169
8070
3262
5651
1190
3511
1203
3650
2794
3501
5797
5876
3191
3007
2305
4429
2306
2307
3195
2308
1184
5227
4861
12
3885
10
2105
5610
11
13
4906
8031
4318
1207
5809
6411
5788
1777
2065
7544
8277
5029
6767
6238
4261
6129
5581
4265
4204
6130
1132
1146
2053
3604
3210
5291
1153
5292
2182
1265
5638
3927
2055
6242
6725
4762
5485
1261
6563
1255
8480
6607
5068
3000
1270
8002
4857
6661
4759
2683
4769
1287
4829
1285
1283
2189
1278
1274
1226
6419
3863
6282
5367
2190
1223
4692
4232
2191
2765
6214
2193
5357
2195
1703
3020
2939
4217
1033
1028
975
8496
1674
1675
1689
1679
1680
3889
4325
6299
6310
7057
1969
1085
3061
8346
1971
5350
3477
7597
4326
2752
6478
5259
3277
1094
1120
3275
5132
4246
4346
4835
1765
1113
3492
1112
2165
4337
4340
2938
3101
6020
3105
4915
3876
2774
4342
4744
1730
3035
8384
5216
2172
3225
2173
6024
4314
1549
8365
1534
3222
1557
5620
6025
5538
2897
8345
1472
1515
7143
2717
6699
4199
6027
2950
6028
5927
6626
1498
7552
1503
1723
4698
1722
1743
1746
1769
4290
3154
2981
5260
1518
5973
5139
3244
6345
3248
1559
1555
1568
6304
6448
2232
6471
7280
6937
7953
6628
8035
1524
2233
6030
2234
5008
7203
1909
1910
3219
3220
5800
3939
1452
6333
2945
3077
5138
5148
6546
5716
1338
3151
7987
4719
4711
1670
2243
4722
1702
3172
2246
3590
8074
2987
1372
1425
2204
5361
2207
8142
2211
3535
1915
4651
5705
3285
2058
1779
1814
1805
1803
5993
3114
4653
3260
1893
4666
4851
962
4209
237
4210
5626
4901
6675
231
7051
2221
1892
3184
274
275
256
135
2217
5554
3214
7956
6001
8077
3074
8115
3080
1947
3202
5348
5987
5760
1818
133
2215
5730
5738
6194
2670
4668
3198
478
3207
4205
5996
6876
1865
5006
5675
1792
5015
3684
2707
4745
2703
4815
6930
3988
7477
8553
349
4818
2212
4213
8487
2697
4535
2226
6002
4214
3441
3139
2709
4546
4547
386
2092
6856
2095
5275
5268
5991
6323
5159
6441
3993
6591
390
8127
1944
378
8159
6285
6600
4549
3432
368
5786
367
7293
5208
4196
3430
4203
5829
3475
7802
363
381
403
401
6200
400
4887
322
5692
2236
2235
5868
8252
3532
4771
1717
8257
8128
6379
59
78
60
77
76
80
75
74
73
72
71
70
69
68
67
66
65
64
63
62
4978
61
2228
4511
463
5327
5288
461
460
3945
5612
4587
8261
6353
5781
2227
5988
1726
4057
3173
5181
8199
1890
4940
4560
5844
8485
4563
4569
5726
5984
5375
3563
2201
495
505
5624
494
1740
3928
5899
3322
488
3103
485
484
8520
1735
2728
420
418
416
414
4578
410
5748
4000
4570
8350
2168
2720
453
6797
5498
2051
306
3336
6424
440
2174
4515
4501
6537
5594
1764
434
4208
2924
305
2102
2098
4903
4782
3013
4810
1755
4791
3343
1977
4200
169
4790
1747
3552
1686
7988
2157
2155
3580
5806
6178
5143
2708
5580
183
7246
4684
6651
7496
204
5846
203
201
196
189
2154
6452
1992
8081
7089
2896
6663
4799
185
4659
2069
5467
128
138
2176
7084
7601
2177
8102
4788
7950
2943
137
5270
3308
2197
2724
2196
5470
4908
7168
86
85
5064
1695
4725
2192
5137
6475
4808
5622
5591
7256
5478
2887
2056
3157
5199
269
5617
4667
267
4658
260
2700
1820
5531
300
4661
2935
4617
291
5547
288
4031
6904
2183
5218
6740
221
8260
2180
217
215
2179
5217
5623
2178
7368
8068
212
2969
6354
210
2200
2250
2251
252
251
7245
2319
1784
8369
3027
2064
4675
3952
3396
7206
4553
3923
7127
6700
8189
2995
3502
6018
6392
245
238
234
508
816
815
7980
811
7438
1815
3940
5736
4727
2062
2721
7317
4687
798
3356
1800
3481
5527
7012
7318
6016
4080
5508
7250
2769
2986
8410
796
1953
8066
2106
14
2766
2763
3478
3474
3360
4003
7724
4534
6483
5131
3032
4537
2756
3820
846
2754
2304
3974
2303
837
826
3370
824
5525
5687
4049
6291
5343
4756
3176
822
7882
2323
759
6801
758
755
3823
2324
3894
6009
5727
3980
754
8349
8108
753
7776
1963
8122
6008
751
749
2344
6785
2343
2341
741
8264
8457
740
4812
6584
3621
5129
3728
2339
4517
764
4554
5190
2898
2337
5378
4586
7949
3145
2831
5489
3540
2335
6012
773
772
3329
850
2332
3558
2330
4567
929
928
2328
7957
1966
4979
2326
2849
1959
916
2840
1633
1634
1972
3034
8290
2073
8188
7972
8488
2271
7192
3434
957
956
3110
2267
2266
944
7122
942
6383
2265
1850
939
2919
4580
4579
2264
5295
907
7196
4108
2272
8555
6510
4071
3664
4575
3724
5055
4001
859
858
3539
854
7374
2258
4572
3332
2256
4875
3709
6898
1878
1876
1879
3405
900
898
5785
897
896
894
3900
893
891
3971
888
887
3122
3406
881
2261
8234
2990
6567
3526
735
6123
620
589
6460
5314
587
1945
4041
583
7479
4559
580
579
4006
2294
6678
590
575
4954
3944
571
6118
3586
1622
4103
5195
4584
615
1906
6534
611
3155
4102
3367
604
603
602
1609
1606
1618
2817
4609
6881
596
5248
2287
564
4608
531
527
5239
526
522
1920
5856
521
3517
517
6582
3401
515
2806
2858
4604
3359
2282
2281
2279
2278
2277
2276
4602
557
4601
6105
555
554
2110
2249
6592
544
2146
2151
6111
6109
2944
1596
5518
3968
1864
1849
5787
5524
2125
700
699
3594
695
693
8071
4599
687
4953
1868
2124
682
4095
5092
4593
2967
4591
4590
4555
6390
8259
5831
2130
2889
7965
6370
722
4523
3675
719
4521
3895
35
36
3003
37
3898
34
2054
1873
3002
3566
4758
1704
4514
1991
7954
4099
5374
7984
1712
2797
2799
3708
642
5366
3556
2859
640
5506
1685
8287
5472
1753
2847
1763
3026
3549
8387
3716
628
1905
627
3893
33
24
23
4039
1870
2918
32
667
2913
662
4880
5299
5041
661
6305
660
2127
3719
654
651
5088
5087
5347
6142
3841
5648
2347
354
652
653
5030
6222
3439
2841
6294
6261
8283
5307
4112
2109
659
5685
5516
5311
7940
8528
2890
3134
2579
663
5979
664
5512
6347
6634
6813
665
5141
666
2578
3663
7177
669
4524
3981
2574
4883
6716
649
648
4058
2845
624
3421
3977
7933
2912
7705
5319
3588
629
1741
1731
3605
632
2020
4076
5921
4525
6277
3826
5085
5322
5889
637
4550
6207
2596
639
7090
5325
3536
6346
641
6057
3444
2543
3330
6939
2539
3331
2536
5305
645
4078
676
733
2934
2790
1956
4982
708
709
710
711
712
713
8338
2567
2563
714
715
4543
4542
5281
6219
718
5282
4541
2562
3301
2556
724
2029
727
728
729
5543
6636
4004
4614
6926
4552
2601
707
4539
705
1984
681
3581
5283
6209
4026
1997
2652
7087
683
5669
684
685
2657
2661
2650
2046
694
6340
5912
4533
6043
2988
2826
701
5757
4532
5641
4529
1656
2079
6041
2980
3489
677
5287
6990
621
5541
537
7936
1931
4528
2819
6284
1643
1602
542
543
2614
546
3399
4824
2615
550
4821
3821
2642
5124
3504
6800
2637
2635
4625
6254
6613
1587
5869
3138
4615
534
5603
520
1930
6098
7998
511
5331
3917
516
3131
2402
5358
8053
4192
3390
519
2395
523
524
525
3656
7008
5691
6525
8124
1650
528
7533
4172
7255
532
2816
4680
5117
5933
1635
2879
2432
7014
5839
3305
598
599
600
4013
4010
2426
2957
4069
2920
2876
7990
2424
608
5974
4674
609
2419
3352
3670
613
4927
2391
593
6090
592
1923
591
6249
4685
7967
4168
1912
8270
572
573
4638
5830
5474
1629
1627
578
2354
5908
2821
5114
4634
6901
7970
582
2960
7268
584
5832
6552
7097
2078
4773
586
5379
3021
6324
5640
8342
3100
4632
848
880
6493
2802
882
2114
2349
4166
3973
4626
892
3825
4768
4623
1642
1641
3702
4622
5713
2861
2503
901
4621
902
5335
903
877
5
2851
1840
4910
1839
8586
3873
4778
857
3022
861
2991
875
5706
4764
1590
8424
1593
5862
7782
868
869
4642
4945
5337
3852
874
3385
6075
906
3391
937
6073
2516
2042
3373
7622
1639
5598
4074
1848
4663
945
3102
947
949
951
5049
1647
1648
3673
4657
953
2798
5810
955
4656
6823
3476
2850
958
1658
4655
960
2006
935
4922
4652
3948
2833
5344
919
2120
4043
4649
4165
912
2837
914
917
1962
6087
918
7036
920
921
4647
1615
1958
923
4646
2442
3982
926
5103
2460
4495
6268
2996
2480
930
4066
1995
931
3333
791
765
6278
4443
5497
2472
769
770
771
2844
2469
774
775
3537
5496
3644
1623
2835
1621
4311
1983
4176
6913
22
2914
21
20
19
1874
786
3983
7973
788
1994
2749
6093
2928
5102
2692
2695
4305
5352
4304
3306
4303
743
5492
5744
2699
4729
4302
3347
2003
747
4301
761
7923
1645
2706
2478
7252
752
7150
4300
1637
4695
5144
5733
760
3986
2089
8471
847
4298
5488
2453
2871
4845
5486
3999
829
830
2121
4312
832
833
4297
838
839
840
841
842
2014
845
4190
3361
3505
6704
120
1867
121
820
3884
3883
3949
6734
4705
4971
3487
2524
507
4700
1665
4293
5171
1804
2864
5106
5837
800
8460
4984
8196
802
6048
4291
5212
2100
1853
1852
4073
6733
810
2487
5225
812
813
3994
5110
1816
5941
6650
814
2489
3991
5221
8156
817
25
31
30
29
28
27
26
2032
5206
3984
244
3374
1781
8198
6055
248
3055
6318
249
250
2373
4284
3111
3452
254
3772
232
3771
3123
4029
2669
6348
2093
4282
4296
2759
230
6681
5120
222
4186
5604
227
2866
2070
2112
3941
255
5200
4045
6476
258
284
6611
4185
2386
286
6322
2387
289
290
3025
293
295
296
297
298
4345
3375
5121
6577
3979
301
4344
3345
5553
6784
6645
282
281
280
3316
262
4343
265
1990
4855
2359
2361
3587
271
3925
1694
123
140
151
127
139
141
142
143
144
145
5843
146
6309
148
149
1987
5202
150
1988
3309
152
2762
1710
2760
2433
5568
3901
156
3128
8079
6337
126
4339
124
5732
2415
2875
129
1691
1677
2745
4179
4693
2946
8120
1668
1669
3152
4022
3704
3832
2399
1980
187
188
4336
190
191
3608
193
207
194
5934
4335
200
202
2712
2111
4333
2409
2411
2412
2965
3294
163
165
166
167
3714
2529
173
5265
4021
8535
4329
5169
176
177
2633
5266
5271
2702
2714
4775
4751
1756
2035
2948
6335
1877
4324
3975
5272
3136
307
4320
4816
2676
3707
5273
6140
6401
436
437
3156
4280
445
446
1770
3827
1720
1721
41
3896
1872
1871
40
3897
39
38
4313
3574
6131
408
4157
8229
3985
413
2951
415
5838
5562
5230
6189
2874
417
4822
419
4244
2726
421
456
2624
1736
487
4238
4228
4240
2630
2033
5188
8228
497
3987
2081
1772
1715
4707
1742
5491
2658
501
3043
1901
1887
504
2552
481
479
1884
1883
2554
1724
3165
462
466
4236
467
4858
2082
1745
4766
2770
4776
4235
4234
475
476
3414
3418
5860
1759
1758
4262
3722
2533
338
6721
1952
5241
4277
344
1946
7955
345
346
347
3042
4276
353
4279
5247
2925
2538
4274
313
1716
1688
1687
7924
315
2546
2768
2548
2593
6127
6171
326
327
4898
5725
385
6750
3694
7946
5521
393
5249
394
395
396
397
398
4273
399
4272
1919
3992
382
3428
358
5550
359
8200
360
361
4268
364
5012
4267
3115
4266
2598
2599
6177
2602
1667
2076
369
370
2604
374
375
4278
3996
4263
443
1700
1699
3912
388
3997
3628
1902
383
5448
1889
357
5093
380
2581
8194
3451
330
3998
328
325
4257
1897
4256
319
311
6575
2067
4253
329
8366
1825
331
4252
1941
5976
2451
4893
6110
3137
1917
4251
2585
5090
1846
4072
2103
341
337
2583
2582
333
2961
1791
407
5410
3094
5075
2575
472
469
454
1789
4777
1787
432
452
1908
2605
450
449
4420
134
2603
3014
3689
3695
1882
1880
1875
3213
4349
3178
7925
8494
287
3497
5033
2767
3554
7981
3600
3182
7716
5408
253
243
242
5163
4753
4441
2113
797
3266
4442
3950
4348
5601
1397
2550
1399
2566
4445
1798
1801
1809
4448
2564
1376
2557
4127
5557
5558
8075
2680
3120
3920
8221
6863
4455
1439
4452
2663
6330
4453
1440
5628
1794
1415
4454
2653
2662
3045
3046
1934
4440
1316
3279
1323
1312
5036
3690
2068
4770
1698
3047
2097
2096
1305
1666
4939
1308
1310
4439
2075
4765
6962
4424
1364
1366
1367
3126
7978
5404
1927
6694
2104
3158
3159
114
1335
1336
3572
1349
4980
1345
3226
5113
79
50
56
55
54
53
52
51
58
49
48
47
46
45
44
57
8266
1542
1546
4966
2639
1551
1533
3904
1528
1527
1525
7486
4428
1522
1948
1571
2643
1752
2074
1754
1943
4437
1573
1575
4431
1481
2437
3169
7971
1471
2405
7986
8309
3609
1483
1468
1932
1459
4434
6802
4704
2083
3166
5630
4147
1516
5392
3978
4457
1517
7943
5383
2396
4458
3881
1491
1487
4478
4479
6077
2772
2723
4480
2021
1535
2008
3456
4481
1292
1290
6417
4708
8157
2084
1074
5384
5058
1077
4484
2028
2357
2352
2350
3598
1050
1063
2013
1059
2862
2118
8138
7947
2882
2371
1768
1767
3838
4697
6244
2883
3488
4485
2041
4913
1121
1122
1123
2012
3976
5414
5147
5477
8431
1096
2005
1099
3056
4062
1748
7938
4488
6574
4489
1003
992
4476
1000
1001
4474
983
4459
5479
4460
5034
1676
2071
970
973
981
5119
4462
2501
2077
978
1004
1005
2497
2000
1029
5493
1030
1036
3117
1041
2495
2492
1989
5439
5122
1010
4467
1022
1017
1021
2975
2504
1208
3972
1231
2506
3112
1982
2983
4470
1985
1246
5917
4471
1228
4472
5436
7964
1214
4492
1221
4421
5434
6052
2512
2511
2956
5432
4149
5179
5915
1824
1272
1275
4419
1281
1282
5855
7982
7952
5192
1286
4368
8151
5430
4369
4028
1259
5429
4370
5025
4963
1860
6063
1257
5421
4371
4372
2002
4373
1266
5420
1210
5519
4375
1167
4382
1150
5419
2713
2704
5653
6890
5825
2094
3140
4377
1160
1161
1147
4155
4030
3144
4367
4050
1780
2464
1140
1141
1144
2066
4763
4356
1191
1192
4024
4027
1194
5417
2467
1196
4999
1199
3167
6157
1845
1200
8043
2477
1206
4354
4355
4357
2872
4364
4358
43
2916
3919
2917
4035
3118
3584
1577
1597
1589
8711
1174
4359
5545
6302
1171
2455
4146
4361
3265
1201
2040
1198
4741
1193
2519
1138
1135
1636
4760
2505
1157
1154
1253
1269
4362
4363
5415
2060
5167
2059
4365
4383
1251
3453
2496
4384
1245
2499
4385
1242
5400
4404
4406
1239
4407
2502
1233
4408
4034
1020
1019
1018
1016
1011
5452
4411
1007
4412
2374
1042
5969
1040
2004
5453
1039
1037
5411
4054
1625
5396
2385
979
1616
4415
968
966
3124
7931
4416
2878
2881
988
5187
8129
4053
4738
2122
5608
4052
4998
2356
1098
2368
1093
3150
3148
4403
1117
4009
2367
1109
4392
1108
2422
4743
2828
2434
2416
1055
4387
4042
3661
2108
108
1078
4389
4390
5424
1351
1547
1532
1574
3696
1476
2017
1473
1457
1595
4761
7944
5427
1955
1492
1478
1554
1489
112
111
4064
110
5734
5431
4391
1895
1896
4393
1504
4400
4394
4395
4396
4397
1929
1467
4286
1933
1469
4399
1660
1661
3009
4720
1479
1480
4911
4378
1560
1569
1544
1536
1541
1450
1631
1343
1339
2616
6250
4376
3052
1340
5643
1922
3692
6320
1664
4051
1619
4713
1356
1332
4468
1611
4490
3283
1302
5074
1309
1940
4486
1299
1293
4427
1328
1319
1314
4426
1371
1410
4902
4423
1423
4447
1421
4250
1413
4254
4014
1434
4015
8173
1411
4317
1381
1379
4319
2860
8109
1900
1400
2613
1404
5719
5720
1409
4338
1395
3880
1378
4292
1899
1311
4294
7959
1624
1617
7960
2549
1500
4295
1082
8125
4643
1051
4728
1062
1649
4702
2537
1090
4641
1101
1102
1965
3107
1998
1013
1014
1608
1279
1256
3099
1584
4678
4679
4017
2815
4018
4548
1176
1204
4538
1145
3049
1130
1961
4509
1268
1254
1211
3629
1015
8141
3448
4019
2606
2608
2609
2610
2591
4736
4557
1047
2022
4558
2572
1493
4723
1509
1455
1548
4518
4530
1346
1344
6894
2580
3050
1363
4527
3127
1325
1324
1891
1950
1426
1424
1911
4644
3044
5077
3888
17
18
16
15
107
2884
1387
1386
1389
5019
1392
2857
4734
2348
