2669
155
5080
6269
6279
6289
161
6274
6262
6255
6147
4595
1237
4876
4321
5347
1870
6233
3782
1238
5451
5890
2650
6154
1356
2726
147
3784
2370
5029
4869
6224
5685
3802
1864
2856
3906
682
6181
3592
689
4613
1740
5925
2637
2907
137
2518
2205
5487
5540
5740
132
4156
3781
4354
5934
6057
3990
5020
4627
3227
5742
6007
5725
4664
2647
3886
3872
5058
129
4435
128
5169
127
4306
5310
6075
5494
3769
3721
5210
5362
5444
1708
3573
5323
3372
378
4416
377
2718
6083
2823
3849
3001
6150
3164
2661
2072
2811
4809
5924
5527
1939
4583
5916
5463
6114
2639
5652
4763
5646
6037
5835
5504
4821
5852
3622
6068
3787
6285
6290
6294
6280
6264
6260
6293
6291
6243
4249
5055
6139
6144
4576
3982
5750
2424
4407
1937
2927
5435
5985
6267
6265
6296
6283
6270
6248
6282
2826
4684
6229
1995
1060
4955
5215
4687
5826
3349
3327
2101
4749
5675
5895
5485
1184
5830
2100
5222
2184
2748
4831
4701
6254
6258
6284
6271
5659
6261
6239
4570
5302
5897
4668
672
677
3132
1606
728
6111
5017
1792
4545
3031
4123
4567
3569
4766
5674
6195
3631
5616
4672
2798
1616
2346
338
5002
4976
1324
5157
4013
2816
2779
5762
1938
1325
3998
6221
1835
4136
6188
2493
4797
3276
3924
5905
5614
5642
5318
5040
2356
2141
2796
5183
2673
120
6237
157
5053
5818
96
5969
4775
95
6272
6259
6263
6298
6251
6286
6250
5888
1562
6110
5807
5719
5809
1561
6116
6211
6092
5245
6295
6257
6300
4468
4904
2164
4140
3764
4174
1138
5505
3016
4929
1141
1139
5469
4868
5595
5688
4017
3560
6217
2252
1494
4764
5771
5861
2770
4538
2815
3814
5524
5940
5383
5621
3899
4543
2926
2782
5572
576
3649
574
5286
5355
5893
2679
5447
2587
1843
4813
3386
952
98
4083
97
93
4058
4879
2582
4626
6032
6085
5454
673
3279
5892
4561
1122
1118
4693
5188
4677
4912
5544
4500
3192
5436
5496
5376
4054
5110
5396
5745
4347
2887
5304
6213
6249
6276
4682
5144
5651
3292
2576
5059
2842
2439
1279
6090
5991
5290
2685
6299
6297
6268
4104
3691
3190
1732
702
706
5930
6105
4475
2145
4909
5525
4718
1909
1652
5684
4930
5266
3504
5260
6278
6028
5794
5870
5778
5779
6070
5950
5793
2681
2833
3788
918
94
5532
1355
4379
3459
118
4103
2682
5462
5958
3015
2527
4484
5254
100
5341
1797
2450
2689
6277
6246
6273
4020
6241
6292
2688
2489
3565
2960
5882
3375
4342
5214
2318
4665
3976
2687
5499
116
6050
4927
115
114
1826
99
5932
3409
5008
5686
5668
5522
1712
5667
3589
931
5559
6189
3328
1802
5498
4782
4548
2305
4045
2321
5998
5489
5562
1653
5571
5299
4526
4050
5637
5840
6086
5022
5238
5084
3855
5393
5405
5586
5467
5734
3856
3960
5186
6193
3360
4650
5605
4152
4916
718
5171
3111
5423
315
1474
6230
3867
5184
1626
5194
3486
4072
5999
915
1922
6164
5112
917
2680
113
5653
112
6157
4787
6038
2182
4759
111
1786
5758
4303
5691
1001
5889
5964
3310
6143
2731
2421
2672
5092
110
3445
5884
1747
109
3553
108
107
5137
5549
5348
5242
5371
5966
5154
6210
1578
1579
4793
6215
6275
4256
5455
3962
5690
1953
1220
5359
3008
5995
1186
3549
4855
5481
4457
4364
5516
5536
3783
6024
4569
3405
5111
5424
5786
6136
6134
6223
6053
3171
542
541
540
532
539
538
537
534
533
546
3213
3251
335
3293
1608
5789
5579
4812
4261
1432
5317
3758
3461
6222
3611
5476
921
2152
3091
345
2442
3808
5600
343
2485
342
341
5100
2985
5262
5923
2872
2479
2774
5497
3526
4208
2500
5993
1886
191
2108
192
2285
2462
48
3823
3700
2674
4973
5617
1559
5414
4954
106
4333
3566
3427
2023
6069
5268
5915
3523
329
328
5654
6115
6266
6256
4947
2871
976
2104
1956
2018
2708
1957
3335
4111
2458
4857
3915
3249
3913
4430
4432
5404
5175
805
793
3955
5868
5320
2870
5937
4289
6187
6011
6235
6231
5108
6182
3098
1934
6013
3999
4229
5843
5356
1874
3197
6174
5990
5729
260
5250
4914
3627
6244
6227
2499
3741
3119
2122
190
3429
6131
5271
3607
3403
257
4343
6101
5547
1600
3117
254
5883
3720
5529
4311
5903
4448
4003
2146
4657
2147
985
5038
5125
5048
4889
5322
2646
6226
6287
6225
6060
4953
2863
5968
4877
1698
6245
5449
3606
3798
3105
3828
248
5584
3476
4578
247
1165
3612
52
5774
5010
6012
4617
2098
2753
2578
1227
2022
2918
5021
3885
6172
5538
2189
2268
2436
2040
710
3826
4042
2666
4579
2711
2447
4336
5945
5713
5850
3616
2295
1595
6000
6054
6002
4660
2508
6197
5862
5715
4908
3678
6055
5856
6044
5836
6129
6142
6072
4723
6052
1093
6005
2338
4382
2869
4415
4394
4157
5911
3156
6160
4276
3685
6185
2694
4694
3181
2409
4307
4798
2399
5400
4882
5046
4780
6177
2793
2413
5879
6253
3502
5159
4697
5438
1064
5047
5402
6046
1059
5583
5167
4106
5035
6209
4424
4771
6074
4754
2745
2860
2600
5578
1216
2254
6059
3254
5567
4594
1586
5510
3420
1233
5669
1235
2307
6168
4205
6109
2706
2638
1795
5907
105
5847
4078
4577
104
4395
103
5705
4621
5533
5697
5285
5480
2551
4843
5767
5573
5801
5574
6081
5825
5575
6135
5944
3353
6145
4262
5273
637
5166
2495
4601
1887
3831
3322
203
2005
202
5599
4851
1050
6198
2579
6206
2188
5846
5170
6240
6232
1793
3030
3029
1947
3177
1855
429
5677
1164
3428
4730
2196
6132
2656
6119
5488
2966
4733
102
4623
5191
5926
4938
1664
2747
2943
1663
3670
4655
5133
3115
5936
2167
4171
6026
6219
3771
575
4631
571
4458
5408
4743
3280
2670
1629
49
3827
4318
5981
5718
2643
1410
6192
4348
3383
3970
4296
1475
4936
101
3503
4841
1280
626
2920
627
3524
3832
5061
4978
5314
4462
6186
6190
6175
5387
5682
5746
5726
5689
5531
5806
5663
5123
3474
5765
410
6184
3289
3614
5388
4688
3884
3385
3460
5931
668
2947
5853
5812
5313
6163
2311
4803
1784
5720
4330
6199
3343
2297
4217
3736
5989
2537
3110
6191
458
3379
6121
6040
5698
6019
6008
5759
5612
5613
2506
1660
3904
1535
1657
1030
3718
3733
201
5676
5733
5209
6194
3521
5640
5773
3313
1630
2225
5369
3949
1935
6151
2494
206
5014
195
1570
5803
1975
1411
1659
2550
2504
1658
205
2979
193
2845
1679
5857
1661
2654
3901
142
5589
156
5334
5808
3838
234
1497
2857
233
5563
1862
1569
4663
1991
1716
4836
3084
5769
4506
4329
3462
4057
2627
5776
5328
749
2921
748
745
744
5164
1930
3517
1735
3128
3103
4972
6202
4706
435
4615
2649
4940
4438
1263
4598
1267
3356
5643
2240
1459
4896
3374
5036
2913
4515
4845
4839
2723
3179
2470
2651
159
166
2819
167
179
177
178
953
175
3793
4980
5267
5204
5153
3000
4720
4553
5965
2652
174
2219
5576
2962
2967
173
2968
5223
4963
984
3995
5704
4969
1955
1746
3463
5855
2497
5978
1662
4640
2667
4805
4455
172
171
6200
5712
4378
4669
2438
4830
5821
4099
5560
1641
2501
196
5700
5975
1031
197
4213
194
6252
6242
2690
2930
3768
4872
4334
4885
2256
2430
5757
2873
2463
5908
4819
2505
2987
2071
199
5181
2237
2126
5392
1788
3761
1790
2384
4689
5558
3140
4297
3311
960
4285
4267
5421
4092
1021
958
4036
1008
2676
6035
5701
5465
3817
4859
1928
153
2684
1354
123
5909
124
3496
5195
4752
1806
4097
1807
5368
4423
2683
2208
2525
4603
4853
125
6097
126
130
5093
6288
4892
4056
2212
5783
5293
5415
2933
5143
5441
6020
4982
5901
6102
3874
5946
5509
3751
5325
2843
5253
5180
5919
1627
4253
5927
3713
3220
2775
3384
5823
2491
5585
5834
3014
3873
2757
4542
664
3271
609
3939
5336
2300
5009
5243
1592
5398
4815
4625
5018
1591
4218
4722
2531
2622
1344
5375
3444
6073
5470
3510
3083
4420
1649
5277
5747
2851
4965
382
4767
4112
5401
5244
704
2617
3216
5842
708
4983
4784
2204
2999
4817
4643
5797
2648
3686
1567
158
2161
4206
4196
119
3979
6140
4155
4900
5452
948
4580
5766
3468
1908
1744
2519
3545
5935
5708
5076
3916
6025
4440
5233
4996
1918
4573
5231
4043
1285
4473
3980
5051
3300
5722
3617
1251
5027
2660
160
5172
162
163
164
6180
168
2645
5845
176
5876
6087
5772
4622
1645
4778
2642
170
183
182
5377
181
180
154
165
2696
152
3037
51
5832
5748
4323
2657
151
4029
5596
3537
133
3408
4469
5523
5887
1774
5475
5495
5630
5904
2906
2644
1333
2570
2658
1633
135
1558
5095
139
5067
5464
2735
3961
5074
695
6148
701
6236
5259
2610
711
1980
5548
4768
1175
4312
2664
148
5307
149
6010
150
3018
2668
4178
4911
4077
5696
1654
5206
5971
5986
4785
4630
5500
6122
5963
6036
2929
1523
5251
2468
4035
5554
4826
4119
3707
844
1761
2288
2062
3577
5917
5012
1205
5041
1202
5284
2655
3019
5119
4915
2963
169
5145
3805
5681
5546
3101
5639
4412
6179
391
1700
1823
2503
198
4331
2844
5201
1729
3208
3116
6062
2065
5205
5366
6212
5229
392
2136
4761
2641
2737
4436
2799
4862
3709
4707
2964
4592
3367
5716
5179
6138
4464
3888
1824
2157
717
2700
2785
3701
1731
5193
2335
6022
651
653
652
2601
2662
3694
2698
3361
3547
1646
4741
1723
2883
614
2543
5381
5091
1256
606
608
3024
1944
610
5623
3183
616
5130
53
2839
4556
5197
4044
4176
4511
4301
5695
2653
4861
3662
122
2526
146
2374
2375
3877
4814
1810
1794
5967
5780
4109
2420
5024
2663
5296
3654
4047
145
5528
951
144
1767
54
862
4690
1245
3411
6196
5077
2895
3180
2659
143
3891
2545
121
2068
4224
5034
4608
4607
5577
4656
3894
1992
5138
3425
3010
5141
1179
5732
56
3240
4179
2740
2591
4558
3890
2636
4185
4638
55
2976
5332
1451
6030
1452
6080
3045
5837
5190
3066
4493
5126
4527
792
2953
3966
4158
3926
5880
2665
3564
2250
141
2961
2524
2496
6078
4971
2691
3776
2640
3278
1768
2067
2181
3688
140
1622
3501
5615
3131
5115
5265
6127
4460
3004
1000
5083
999
5874
2534
998
2614
5309
4252
3174
3957
5627
3175
4847
3173
4931
2678
6041
6205
4501
3738
2928
2315
5607
2714
3931
782
1677
6003
5609
3329
6152
3591
2332
4222
2359
5373
3600
2226
5723
2349
1577
4065
6031
3599
5432
4151
3755
5647
3668
3170
3169
3663
2792
812
5269
810
2114
5135
1465
5461
2492
4541
3546
4117
2502
204
4063
5056
2344
2978
5419
956
6156
3298
3297
6077
5203
2671
3407
4875
4829
138
2460
136
5291
4180
2498
2977
200
5311
5416
5409
5270
3359
2675
4107
5974
6091
5918
134
3561
1162
4634
4282
401
402
50
2677
1611
131
3552
5736
4995
3555
3554
5335
5664
5411
4789
4365
5693
4902
4406
2509
5534
5872
6071
5878
6004
5976
6113
6045
5644
6216
6039
5839
5952
5784
1714
4898
4137
5910
5570
4490
4173
5775
4984
4880
2788
2134
4910
2703
4835
5580
2454
1895
5458
578
5900
5146
5308
4293
4197
3734
5477
4867
6023
1923
1115
3609
6123
3927
5200
4363
4961
4917
5316
6095
4467
3497
4838
1725
4080
742
5754
5650
6234
3969
4568
1137
1136
4738
1140
1134
1072
1074
1073
1896
5753
5315
1483
4019
4531
5885
5587
3938
3623
3378
5085
4183
6169
4901
4753
6171
2975
3370
1602
3902
3017
5128
4263
1275
3950
2535
5075
1167
3113
2111
1176
5994
1533
6247
5717
3446
3807
4624
4344
5920
3683
1311
5791
4373
1234
5150
5023
6173
6058
5941
6281
1066
5124
2360
2002
5446
4950
4243
5871
5192
4203
1796
2784
4147
5588
2385
5425
6076
5569
4602
5603
5817
3562
2789
5709
3753
2382
1791
4596
4210
4732
5391
5113
5324
4015
5478
3857
4888
3963
5996
6098
6137
6120
6126
6065
6033
6204
2633
4715
5898
5220
5511
5854
6149
5943
5942
6214
5961
6061
6207
6029
5798
5760
5922
5828
5790
4584
4369
6103
4946
4729
5813
5819
4891
3471
5508
4534
2386
3958
3134
6228
2701
849
848
3859
2150
3933
5240
4840
3932
4756
375
352
2616
4521
3604
5535
5104
3581
2199
1545
5795
2538
1549
5881
1769
2741
5305
3012
6064
1637
3457
5255
5506
4585
5101
5319
739
2027
736
3258
1987
2148
1936
1363
4172
1361
3472
5090
2074
5692
4921
2329
4456
3291
3692
3500
2917
3833
3715
5236
2925
2094
2200
5004
5764
4993
2874
3861
5054
3681
4935
5482
1350
3228
2180
1353
2940
5484
4600
2901
5258
535
5550
4987
4986
5956
4985
5977
5711
5858
5618
3719
3373
1973
6079
6170
4266
5026
5582
5351
5025
6107
5751
3450
2783
4427
4479
5955
6165
5954
6066
5953
5731
5645
5755
6183
6015
5896
4618
6166
4696
5072
5512
6047
5611
5960
5933
6014
6089
6009
4258
4134
4419
4201
992
5418
4060
5849
5844
1734
353
2203
4846
354
4238
5049
1593
2547
2310
5361
5219
355
1689
3696
5082
6208
4699
732
3595
741
5553
4041
5102
4004
1525
3422
5428
5099
4670
3167
5635
2294
4544
5756
2270
4870
5275
5241
1556
5097
4800
1553
5406
1555
1554
1832
5665
4011
5287
5283
2520
3556
5363
5422
4421
2320
4497
1994
605
5597
4390
5033
1522
3247
3866
5833
4207
4471
4188
3921
5202
2618
3947
5062
5224
4648
3114
356
4783
3109
3934
1803
2168
6067
1479
5556
4943
4131
4374
1548
4115
5521
2425
4968
4049
4513
1842
4505
5997
6161
1822
1820
5297
1821
4651
5804
5503
1076
5384
4408
2848
4906
3135
3337
5541
6104
2790
5005
1952
5739
5624
5744
4863
6006
1033
3968
1371
5303
1370
2738
1366
5397
1368
1365
5636
3695
4635
4919
6158
3248
1782
3003
4918
754
6108
5295
6051
1640
1737
3911
2014
2013
5343
5670
5581
6133
6016
5869
6146
5980
6056
5973
5810
5811
6048
5519
5683
5518
5864
5781
6124
6093
6106
6128
6117
6238
6042
3241
1865
3028
2517
5173
1948
5068
3919
3923
5555
357
4118
3704
4637
6100
2231
2475
4645
1489
1488
1487
1491
1490
2255
6176
2490
3673
5749
4828
4284
1070
2448
5300
5107
4087
5604
4417
5088
1349
811
4165
813
815
3233
3232
4316
2412
4428
3551
5248
1473
2831
4525
2832
4055
4899
5374
1343
5399
5037
4884
4871
1668
5089
4636
4463
817
818
820
4393
4858
2390
770
2942
4710
1557
4894
5552
5443
2125
961
5148
4522
5073
5866
3108
4166
3634
4001
2343
3792
4591
769
768
3221
1745
767
766
1551
2521
5877
5590
1524
5445
3542
1065
1045
5189
6001
1718
763
1951
5671
3887
3804
2441
5453
1871
5851
3809
3023
5136
6162
2939
3281
5032
358
5410
4235
1910
5237
6141
4510
3277
2258
4811
5984
2759
5003
2828
3355
5591
3499
2896
826
4051
4114
6159
4652
756
3974
757
3717
5710
3643
4310
3376
1377
2749
5098
2623
4016
5679
6201
5702
5860
4726
5728
3464
2743
901
2469
3259
1726
2398
3330
5006
5827
5841
5957
4503
5155
4391
5378
5439
4939
4089
2171
2387
2169
4388
4025
2170
2172
2173
1715
5988
5479
4977
4820
1926
4447
1403
2292
1408
5256
4338
1142
2763
5633
3943
4223
4549
4564
5787
1852
978
1849
5699
5407
4717
2699
4232
4404
2185
4444
3989
5109
2377
5288
6063
1192
5134
3456
5735
2841
6153
5086
4516
4360
4359
5517
5899
2810
2216
5721
5132
5513
4127
1512
5367
2451
2075
3122
5539
3660
4913
3749
1449
1448
2429
4046
3710
3748
2876
3800
1170
4854
2767
360
2186
3516
1290
5289
5638
1868
955
5118
3382
4039
957
5016
4033
4341
2762
1753
3699
1752
2632
4920
3603
6220
4489
4818
3588
1181
4018
5225
1244
3421
4483
2095
3959
5680
5350
4822
5044
5526
3423
989
4742
988
4164
5891
2131
941
3283
5071
1848
4286
3005
2166
239
1583
4187
987
986
4769
5228
2296
4866
3538
4587
2410
5537
5177
5282
2139
1197
4116
3237
2323
5087
1194
1193
5564
3380
1542
4945
4488
1959
4957
4590
2732
4685
2437
3290
5358
5178
363
5417
2733
2773
4998
2555
3991
1845
3908
4198
6155
2330
6167
2830
5906
5129
5070
4426
4142
5395
3666
4396
5182
5655
2899
1419
1417
3009
3977
4170
4551
2536
3235
3801
1499
1500
1501
1502
1508
1504
1510
1505
1509
3621
4528
4257
4476
4686
5457
759
3854
4535
760
4202
3869
761
3218
762
2457
764
3217
3430
3447
2751
5330
2263
3910
2875
2314
3257
365
2118
5301
4339
2163
2589
1530
5013
4446
3011
1249
1248
3448
4064
5168
4698
4248
5656
1127
2194
1493
4604
3244
5641
5706
4691
5492
3007
4372
2702
5979
2162
366
2076
3107
3936
5992
367
3303
4186
5249
5221
4757
5433
4616
3544
4081
4744
2936
1590
240
3625
4514
5551
2380
4934
5161
3967
4037
4550
2045
5394
4709
2049
2719
982
5608
1779
588
3644
589
5768
899
3255
887
1213
3392
4532
5160
1219
2251
1724
4992
3907
1398
2339
5230
4874
4760
2260
5272
4597
1540
5216
3579
2290
5594
4537
5474
3732
1532
3568
1531
5648
4725
2695
5545
4161
5078
1492
4102
1665
1666
4067
5673
5782
5949
3296
1346
5420
4225
5472
1348
4734
929
1836
2765
2727
5660
5761
5983
5389
5390
1710
851
1997
4960
4810
853
5657
1347
4012
371
3106
1573
372
4290
3843
2827
2365
3512
4795
4377
735
1741
2529
2046
6027
5707
4380
1885
5426
4434
1884
3658
3822
3344
1089
1088
5326
2324
4399
6043
2855
2594
2287
3746
4204
5001
3597
2341
3219
5263
4776
5902
4139
4138
4791
5298
3985
4554
373
3102
5380
5354
3222
3393
3396
3397
2563
3714
5386
2445
2444
1771
4182
1881
4762
4712
3620
2581
4619
2803
5565
3929
3338
3651
2822
2428
2938
2411
5796
4228
374
2248
4647
3519
390
404
2279
405
3520
4944
3112
3948
5292
5442
4714
5279
3539
1316
4265
4084
4405
1701
856
1866
4443
4842
2090
4967
5703
4098
3868
406
3629
436
4873
437
4546
6084
2574
2734
2053
6218
4692
2066
3811
4517
5814
4362
1751
5060
2273
5030
4883
2367
2267
2361
4675
3862
2549
4713
1879
4324
1042
1067
2721
3027
4628
3199
5799
4639
5662
2603
5103
5628
4572
1507
5045
1503
5278
5360
1976
5962
1409
1400
3477
2697
438
439
5429
440
3997
2103
3326
1433
2760
5921
6034
6017
6096
5929
5928
5912
2635
4849
5096
2768
3522
2631
3889
3387
3830
4860
3269
2728
1095
1102
2271
5501
441
2195
4808
2471
4422
4038
4459
5081
4700
1912
4264
4088
751
1323
4606
1312
3844
1113
5450
6094
2488
5342
3419
2510
3454
4478
5727
5276
1924
5344
2946
3610
6130
4823
5894
5333
3189
3676
3133
4181
1544
3812
4758
3880
4007
1950
5312
4695
1584
4611
3917
2207
2124
1283
1284
2829
2278
4922
4319
1717
3162
5152
1272
4923
2401
2115
2629
2758
1759
3354
4008
4893
4320
4727
4964
2025
2138
1302
2024
1304
5174
1303
1305
4433
3598
2998
2328
4477
1328
5234
3728
2372
777
1839
2995
3467
4250
5672
3944
4445
2060
2061
3702
1232
2916
800
5486
5557
804
3909
4340
1453
2354
5337
2931
6178
444
2608
5738
4231
3590
2478
1917
4539
4794
2351
5412
1521
3433
3567
2183
2238
3774
5185
2016
2980
2573
5116
909
2422
4022
5568
4498
5063
1218
2835
2073
3402
5448
5800
5865
5970
3965
4192
2396
3853
1420
6049
5938
3224
4683
2155
4291
2800
5306
1904
4005
447
1857
3789
3630
5121
4740
2142
1587
1198
5610
5777
4480
2924
780
2507
787
4209
5593
3157
1719
3698
4163
3986
5606
2853
2235
784
2957
783
3639
3640
3740
5007
3971
1406
2619
2210
3570
1520
4068
3239
3238
2778
4145
4449
4144
1404
1405
1407
4676
4679
3972
4366
2418
4704
3945
5530
2096
4325
3893
2242
2862
4002
2898
5043
4786
2725
8
2364
1130
3141
6
10
11
14
3442
2333
238
2193
13
4494
12
9
15
7
1307
3956
2388
4739
2325
1301
1300
1299
4799
1298
5199
1966
1051
3324
3825
2986
1049
2707
4401
4632
930
4659
5649
2209
4962
5346
1135
4143
4418
3892
4850
4070
3946
4295
1967
3703
1968
4975
3760
1650
2540
5019
4941
5105
453
455
4040
5329
2532
5566
5859
6088
1899
4994
1077
1078
1086
4345
3780
6021
1801
2850
3187
5666
790
4113
2055
3079
2709
4384
2710
5632
1294
3282
1293
1515
3563
4441
5493
1678
867
4073
794
3210
2952
3021
5198
796
4790
1466
3146
2915
5211
4308
803
2513
2514
2750
3507
4353
3166
4951
1880
646
3637
4470
3883
807
1526
3716
1529
4300
5338
5982
4096
3682
2234
3818
690
5122
4275
456
3041
457
2923
5972
4148
2393
5619
434
5792
2722
4646
4269
3615
3071
4724
1155
2989
4807
2909
4512
4381
4328
2908
2190
561
446
3256
4552
1157
2243
5629
560
559
4274
5365
5490
3002
1373
2736
4536
2298
3495
2003
1276
1277
2935
2715
3515
5131
1651
549
557
3155
3770
3613
4952
4523
5951
4731
5737
2006
2228
1282
1281
1402
2117
4032
2572
1722
3996
1667
1327
3357
1727
5057
5515
3498
5327
983
83
82
88
65
79
78
77
76
75
73
71
80
87
66
67
4350
68
69
70
4403
72
3530
1434
74
86
81
90
84
85
89
5340
4133
3489
4641
3215
3431
5163
4100
5867
2119
3424
5622
5820
4719
2472
3168
1056
1063
4101
1378
1380
3466
1382
1385
3848
2817
5261
1892
2761
5456
5507
4933
3178
4574
3026
962
4392
2253
1898
3533
2621
2730
846
1760
4609
4240
5752
4653
4560
1511
4439
3294
4034
2620
1223
1988
1831
4589
3865
5158
2452
4375
4781
4925
5156
3731
4897
1778
2937
3737
721
3794
2612
4082
5413
2029
1755
1754
3572
2435
2368
4833
1035
2482
1034
1372
2165
3864
3321
1867
3334
1901
816
845
1765
1863
2802
1736
5631
5788
4988
2556
5294
5863
415
416
2371
3087
2919
2316
5678
2423
5770
1427
64
63
1415
5543
1416
2781
5625
3878
4533
1970
1971
5140
2838
4227
5064
4708
1696
1697
5252
1945
1695
4928
4193
4425
4887
5714
3363
4856
3362
1075
5959
1392
4518
1394
1154
4237
4562
3578
1742
5824
4796
1597
1228
2319
1226
1374
3022
1376
3469
1379
4737
420
421
1882
2140
3314
1330
4751
3863
2859
4924
4491
2858
4716
1036
2221
6099
3680
2461
3245
1083
2011
3816
4966
422
4865
4024
5239
2820
4702
4748
1246
4302
4304
3766
4649
839
838
1815
837
836
4565
423
424
2154
425
2846
426
3067
2012
3767
860
2353
4905
3479
4244
697
3951
2990
1519
5483
5626
5873
2836
4824
2077
2085
4160
427
428
4816
4361
2099
4278
3759
3705
660
3185
692
4750
4125
1527
1518
4268
2794
2864
4298
3394
4735
2868
4150
4149
5213
5460
4792
2988
4327
5162
4294
1962
4454
4287
2692
995
4351
1084
1085
1080
1087
2227
3413
1981
3655
4437
1183
3870
3494
1123
5403
1940
3763
2373
1676
5052
1675
1543
3381
4736
1541
5011
5385
2143
1221
4023
3882
4094
1413
1412
1442
1443
1441
2137
1776
3358
4414
1440
3744
2807
6125
4991
2546
1783
3389
3391
4509
4970
4620
1777
4357
5000
5142
3525
5914
2088
4175
3765
2598
2283
2269
5069
3635
4942
4411
4212
2717
3050
4189
3851
430
4999
1984
4322
2530
4612
4926
4066
3250
3441
3455
4317
1320
2056
1319
2837
927
1883
922
725
5502
4221
4076
1705
2809
4747
4326
2476
2628
2064
3903
2405
4153
2446
1210
1207
1206
1204
1203
2042
5120
3451
1998
2000
1999
3941
3160
4681
2596
3829
2553
4453
5743
4214
2512
2031
3739
5065
1455
3532
2149
4014
3176
3795
4956
4086
3541
4010
1463
4673
4337
5601
2123
2050
1563
1564
2584
2467
1833
1834
2624
2742
4937
2480
4177
3253
2705
3340
1636
1635
2394
2337
5042
2473
2559
2417
4387
1004
5280
350
5015
3723
4644
3896
1444
1623
1941
2944
432
2821
3667
4279
2592
5149
1876
2191
1278
4559
4997
4110
3975
2755
3438
1902
873
3973
4804
349
3757
3034
2766
715
3922
3301
2326
3025
1009
2769
2327
4772
3850
3491
2198
3492
1919
3550
1329
5331
5658
4827
1414
1424
886
4864
2958
5264
3596
1571
2214
6118
2232
5349
4402
3415
1539
4355
1911
694
3193
5514
4907
671
4642
670
3285
1286
3652
581
4948
1916
4259
3020
4581
2945
819
3712
3711
2972
2795
3543
1039
1872
3434
3834
1920
4903
4009
3076
1853
3675
4079
91
4520
1446
3988
3860
2932
92
2224
3416
3260
3125
1869
566
1873
1047
5687
3309
2604
3898
2474
2340
665
3819
3785
3773
5274
1421
2583
1200
2834
4557
1092
3348
3912
3225
2308
5357
2306
5939
3657
2950
1340
4492
3203
2121
4410
1773
1772
4674
1770
4121
4052
5117
2459
1631
295
1686
1148
5466
919
1028
5218
3336
5235
3895
3900
3531
4191
5427
5592
4566
663
1552
4834
4593
2609
3659
2206
1534
2241
3918
5247
267
4844
2392
4774
3839
1230
2949
4504
1958
4832
5763
2552
4431
4356
3470
1375
662
1846
3035
270
271
2533
2261
5353
1418
4400
1017
2348
2272
1486
5127
1119
273
1850
2440
274
4190
275
4563
4745
4654
1672
3661
4028
4162
4605
3697
2453
1467
3388
4413
1816
60
59
1308
58
1447
57
1498
3449
1309
4211
3410
2464
4146
4547
3664
2102
4802
2528
2630
4575
1837
277
4974
4251
1345
5491
1108
4777
1109
2754
1110
2156
3778
949
5370
3506
5321
2291
1058
1054
1053
752
4335
3332
3952
2302
2078
2187
993
4273
973
3284
650
3323
4305
1052
5802
3432
1547
4195
1287
3727
5468
1425
1426
2128
4825
2449
2378
5430
3318
3315
278
4555
3584
3325
3142
4678
3752
3671
5114
2577
4283
279
1749
2744
4159
2720
4633
4241
2144
2597
4705
4006
827
4385
3587
3163
3401
4788
1332
3786
1913
3204
1743
1914
3202
2764
280
4765
2881
904
4093
4773
861
2780
2904
4495
2293
3940
910
2900
2522
4487
3490
1364
4409
1103
2135
281
1813
4376
4371
3104
282
1313
3453
2213
2752
2247
1829
5281
900
1787
3964
5459
3914
1101
1015
1014
1013
1012
1011
2229
3100
3779
4667
4309
1399
1390
1391
4614
4247
869
3586
1900
2586
3234
828
3747
5176
1915
2585
2539
2786
216
215
219
217
221
4200
220
213
212
214
218
3835
4886
2824
1032
3121
1513
1514
5829
5212
3722
1296
1295
719
1005
720
723
2034
4451
4452
4610
1163
4349
241
284
285
3073
1605
2222
286
287
288
5039
1789
2383
3263
3265
2854
3390
4881
1775
1341
2511
3186
705
707
3672
4184
1187
1893
2347
858
4358
3796
3345
3858
5913
1097
3813
850
1506
1921
3077
550
562
3129
2402
3984
5050
2713
2043
2044
2704
289
290
3791
1609
1610
2133
2132
703
709
2345
2057
1057
1055
4069
1435
3987
1456
1020
2825
5848
5345
4711
1847
1022
5187
4124
291
3064
1859
3790
1024
3905
4135
928
4074
4571
3505
5661
2466
4519
2567
2039
2771
1121
266
265
2879
264
1648
4239
4852
5598
263
2369
4429
2201
2058
1043
3319
3624
4588
3837
3342
3772
2010
3412
3485
242
243
727
1335
4352
3548
2602
2561
2588
2523
1310
1131
964
3650
648
3928
2605
2246
4481
1528
2192
2634
4021
4496
4450
722
1257
1259
1260
2274
2277
4030
2276
2840
3364
3608
2070
2069
2564
244
2814
1568
245
2019
868
1685
601
2818
1684
3821
3983
587
4486
2914
2281
3493
2544
3145
1253
3150
2613
3810
4959
2481
5382
966
990
4461
4662
4507
4108
1360
573
572
3139
4474
874
3246
875
1120
4292
4332
649
5196
3136
2593
2397
3339
1906
249
2486
2220
1250
1983
1982
4000
1758
2244
3706
4280
3992
2021
852
821
924
2414
926
3377
2852
1386
4895
3756
4482
4346
250
251
252
4981
4141
3038
675
3206
5822
1628
253
2151
3295
3633
3935
3130
3513
3236
3452
1977
2934
3836
643
1214
2606
3871
2724
3647
5437
2017
3724
965
981
2245
683
684
1625
3081
1289
1594
4367
4199
1177
4806
1536
1537
1128
1129
3371
255
256
2083
2303
3636
4220
2465
2941
1274
625
5816
6112
5372
4848
2289
1669
1670
1671
3925
2035
6082
5431
2236
3118
700
743
731
1706
799
802
3527
1454
2179
3846
2389
1105
2127
4234
3879
2813
4122
4132
5634
4277
2052
1178
5094
1946
3352
3509
1763
5473
258
259
1838
4466
4658
4524
4281
3437
5339
5364
3267
912
913
823
3398
1211
3400
3725
3665
822
2091
2092
2849
2729
1422
1423
2483
1061
4529
4194
2032
1974
1805
2233
2575
4270
261
2120
1827
1828
1762
786
1840
4370
2129
977
3264
906
5217
4680
975
3316
974
3475
4582
1224
1978
4890
4837
4154
262
461
1464
3120
2615
3897
1062
5147
292
1620
293
4990
1812
1993
2376
3576
788
854
857
859
4128
2969
972
1851
2981
932
933
3993
1217
321
1680
1195
2897
2407
4233
2130
1436
1437
294
1619
5246
1613
3638
967
968
969
2009
1989
970
3172
971
324
3937
2257
2004
2787
1208
3395
2590
1231
1225
3414
3304
1638
325
326
3679
1292
4059
1291
5207
5620
1359
747
746
1338
2054
1748
1817
1469
3051
327
3806
3656
3478
1396
1397
1393
1721
3480
1954
2847
1096
523
5066
529
1166
1929
3060
3266
880
1943
5886
3842
2433
3458
3209
3158
738
737
5257
1804
3845
1933
1589
1212
1209
3708
536
3669
3152
3153
1897
1255
734
733
331
3693
4226
3426
2037
2427
3341
1082
2456
3488
3518
3689
332
2516
5602
1258
2202
2599
3043
5151
333
1151
1581
336
4989
1907
337
1550
2959
2910
4048
594
3123
3642
4215
1485
1484
979
4288
991
980
3302
1644
4245
4085
1643
3775
1428
1756
3013
776
591
2109
2110
775
774
3165
3852
1132
3262
885
1683
339
3095
340
3580
2400
1546
5724
1707
636
232
231
230
1199
3399
1182
2866
1875
2955
3207
765
4091
5139
2259
6203
1160
4878
3138
2105
1949
3406
1189
1585
346
3052
4949
2569
1384
5838
1369
1367
1383
4397
1468
4120
2113
2912
954
1188
2443
2996
1903
1728
2431
3594
235
1814
1106
3443
2197
1476
1477
3558
4105
3559
1478
1854
3777
3261
5079
621
1690
323
3074
3075
322
6018
1081
4958
1079
2905
3331
1401
2116
1185
1196
1190
5741
3317
2087
307
4071
771
3272
3273
2797
3820
2426
1711
925
923
920
2239
4167
2355
3601
1580
878
4255
1236
1222
2097
3735
623
1068
935
934
1159
3231
847
3585
5434
3229
831
2352
830
1352
963
3677
959
3511
2007
907
1808
3994
1809
1694
2379
888
3481
2416
994
1191
3536
4254
3528
2284
296
4383
1986
4728
528
3799
297
2001
2391
2286
1334
4599
2756
1798
3092
2089
3690
298
740
2020
5440
2434
1069
1985
5379
4629
3143
1090
1856
1025
2746
1395
1720
1006
2331
4315
3529
299
3061
302
841
4053
996
2357
1239
5730
3418
1624
2093
896
895
997
2419
2063
1146
1145
305
1960
5987
3881
617
1692
1112
4442
1890
5542
306
4061
2477
1961
1830
564
4168
1818
655
656
2334
2554
654
3094
308
4499
320
309
310
890
2892
2175
3483
3847
311
312
1171
4530
313
314
2557
667
4586
1337
4368
5227
1037
1048
1381
3473
2954
693
1739
1336
713
1116
2406
2107
316
2215
881
724
1841
945
943
946
944
1894
3137
3815
4661
4770
612
613
3147
317
840
3086
2595
2404
318
3574
3575
1026
1027
1351
834
3307
1018
4260
729
1738
4755
4236
1315
1317
4126
1318
3742
2358
3243
5031
829
814
3226
1764
2571
2922
634
632
635
2176
2739
3161
1642
5815
4508
556
1321
1322
1098
3223
1588
2971
824
319
1582
3648
3082
351
460
1482
3750
2313
685
687
3214
2415
5561
5232
1709
1905
3953
2712
2082
2081
2867
5831
4031
548
3124
2455
716
678
5947
5948
3320
1429
3593
3053
4129
3824
3674
2801
1331
3632
2223
500
4169
1173
642
2304
4465
2993
5471
1682
476
877
2381
3252
1010
1007
1704
1702
1703
1750
464
2026
779
2562
1003
688
3754
4230
641
3487
3333
577
1674
3641
1673
2686
2965
950
117
1615
3920
3368
1111
4540
4219
1388
2548
1387
1143
1144
4746
825
3006
1133
2266
1614
462
898
892
891
1811
1462
1461
3535
4932
1877
2264
1601
4272
4271
3803
547
545
544
2265
4242
2865
1215
2611
1878
1038
2560
5694
3055
472
1252
2275
4386
2312
468
465
2211
2861
463
469
2282
478
479
2028
2791
1574
3687
3286
882
484
1604
3056
483
473
3268
2322
3465
2160
4130
4095
2366
3099
3194
551
795
791
4398
806
2951
4090
2403
1931
4246
2280
569
1450
3514
3270
2174
3484
789
2607
797
798
491
1979
1457
3602
4979
563
493
494
466
1147
2890
467
4299
3090
2153
1825
4472
596
592
1265
1262
1264
1270
1273
1269
1266
1268
1271
1261
3195
517
4703
508
505
2350
855
3582
2177
2178
4026
698
3196
696
712
2317
2515
714
2542
638
639
1326
659
658
657
2158
681
679
504
501
509
3063
5
2541
1617
645
644
1306
1153
503
2408
872
871
866
1800
2036
3439
1799
1297
1888
1470
506
507
1618
3797
876
2889
3097
512
5352
511
3182
2309
2565
2041
3605
893
883
513
521
1156
518
3093
516
514
499
497
1819
1844
1932
3198
1339
674
3211
4666
1342
2362
1538
2033
2886
477
3062
470
3440
1780
2030
1516
2484
640
1040
1041
1996
1044
489
488
4502
865
1357
1358
2625
1362
2059
1091
2808
1445
2776
62
61
5208
801
1781
2048
3875
3200
3201
778
2038
750
579
1241
1114
1560
1942
1201
3404
603
1481
3557
1480
2903
525
3583
526
530
1389
2716
2626
870
487
3078
3039
3070
492
3184
3745
631
2230
2580
2911
1254
3148
5106
595
593
2301
1733
471
3841
474
475
1990
496
502
520
2249
531
565
2878
758
730
3288
755
1860
753
3299
3312
1496
1495
4721
628
630
633
629
937
938
940
1785
1023
1858
481
498
1125
1472
2086
781
785
686
680
691
2262
1889
2363
3540
1460
1458
1126
3350
4485
1566
1019
3930
1430
1757
3508
1431
3653
1607
3054
515
3036
1046
3743
914
916
519
3032
1963
3729
1965
3726
1016
4216
607
1681
1099
3351
1730
908
2566
615
2693
4313
1314
1925
3365
3366
1117
726
2956
699
510
4027
1517
1104
1100
879
3040
2487
1242
3417
5875
5805
5785
2568
3046
495
480
522
485
482
3042
3057
4062
1655
808
809
3274
3275
1891
843
2047
2106
4075
486
2084
3954
1565
490
622
620
3571
1471
1071
4801
5165
2051
3618
3619
3684
1596
3978
3347
3346
304
303
301
300
3058
4779
1603
3072
347
1621
344
3049
1161
348
334
330
2432
1029
1861
246
283
2891
1612
2885
1766
186
187
188
1639
2804
947
0
2806
2805
4
223
1
2
3
942
3762
552
554
584
1713
580
583
582
1172
276
272
269
268
3191
669
3205
5520
2558
2217
1229
1240
1247
1599
3942
1598
1243
4314
3033
431
419
417
884
897
414
1174
413
1438
2395
1094
2994
3144
585
1691
3188
2948
1964
3730
3126
4389
412
835
833
832
411
3089
3085
2880
624
2777
558
555
570
553
1647
5226
2877
1152
894
3840
2973
2970
3068
3628
2159
409
1634
3645
408
407
3482
418
433
1150
454
452
3981
451
3069
2884
602
597
3149
598
599
600
1693
1688
1687
2079
2080
2983
2982
2984
207
211
210
209
208
863
3242
864
1439
936
939
450
3369
5028
1972
3876
1969
449
448
459
445
443
442
370
1927
1576
2997
236
369
2888
368
224
229
1572
225
226
227
2991
228
2992
2336
586
2812
3048
3151
3646
1699
590
3088
2893
1632
773
772
3435
3230
3212
1107
364
362
361
3626
1168
359
524
543
1180
527
2902
2112
376
3065
29
30
31
32
33
34
35
37
45
38
39
40
41
27
43
44
28
36
16
17
18
25
19
20
21
22
26
47
23
24
42
46
3044
619
618
2218
222
1149
400
842
3287
568
3127
567
4671
3436
1158
1575
3080
611
399
398
3306
1002
3305
3308
397
396
1169
395
394
3059
393
403
389
2882
388
3047
387
3096
386
385
2772
384
383
381
2894
380
379
3154
2299
604
3534
902
903
1656
647
666
661
676
2015
2342
1288
1124
2008
189
2974
184
185
3159
905
911
889
237
