9915
9295
9294
9291
227
456
488
7316
5417
458
490
5945
5944
5943
5942
7318
457
492
7321
5753
7638
9237
6095
881
1661
1651
6671
462
491
475
474
1686
478
7315
479
8412
389
412
459
494
5819
7972
7319
7973
5818
5962
7971
460
493
5168
5169
7317
461
489
5589
7966
8403
8343
7320
9362
5090
3627
5091
9358
1781
2990
7762
8537
8529
8528
8509
8524
8523
985
484
1276
8522
8521
8520
8519
8518
8517
1236
547
1510
7761
8515
8514
8542
8530
736
1613
243
537
7758
8538
8536
8534
8533
8532
8531
8539
8541
8503
8504
6900
8540
8535
8505
8510
8516
6844
2377
549
1358
1357
5188
2149
3152
7760
8525
8526
8527
4824
6793
8049
2521
1614
6970
6969
6968
6972
6971
5366
5368
5370
5371
5372
5369
5367
5578
3038
7659
6151
3599
2170
5043
5102
4131
6152
983
6533
5349
5338
5337
6112
6113
5342
6756
5499
5606
6755
6754
7672
7670
7678
7674
7669
7671
7675
7676
7578
7577
6164
6165
7776
7773
7774
7777
7772
7779
7778
7787
7775
7786
7781
7782
7783
7784
7785
7601
7599
7602
7598
7597
7600
7603
6328
5365
7677
7673
7579
7580
7780
838
7604
7605
5724
6327
6329
6326
6535
1763
5420
3872
9464
9465
5127
3731
4854
5579
6534
6495
6247
548
2164
1718
8513
8512
8511
8508
8507
8506
268
621
6294
8047
4825
6792
1166
1823
1824
7759
6688
6687
8048
4826
6791
6246
503
9307
8793
8794
8792
8795
6766
9322
8544
7335
8545
8543
8546
1051
9734
9807
9832
9855
9692
103
7957
2325
5418
6276
9576
8192
7172
5209
7173
9582
8174
7171
5208
7170
8176
8189
7026
8701
8702
7025
8714
8705
8707
5903
8708
8712
8711
8709
7756
8713
8706
6802
8704
8703
8700
6683
8199
9260
8185
9255
8187
9432
8188
9430
8190
9408
8194
8672
5908
8785
8777
7024
8787
8781
5695
8778
8779
8780
7508
7961
7509
7507
5680
8786
8783
8784
8782
7093
734
8180
9333
7804
7625
7805
6730
7176
9331
8710
8010
8680
8679
8678
8677
8676
8664
8665
8673
8667
8668
8666
8669
8670
8671
8675
8674
8660
8661
5890
8662
8663
8191
7363
7361
7362
7360
7359
8186
7364
5326
8177
8184
7443
8800
7446
7444
7442
8816
8796
8797
8814
8815
8813
8811
8810
8809
8808
8807
8812
8805
8804
8803
8802
8801
7445
7430
8799
8798
8806
8181
9449
4722
5897
5876
5898
8569
3505
8577
8173
1244
835
836
837
1243
8566
1057
1058
8567
1059
8572
8574
8578
8576
8570
8565
1055
1054
1056
8568
8571
5923
3532
3531
8573
8575
9439
5741
6938
6286
6940
6939
3134
1081
8208
1079
1078
1080
8621
8620
8619
8622
8617
1076
1075
8616
8615
8618
1077
8623
8632
8624
8625
8626
8627
2418
2419
400
8628
5950
8629
5959
3563
3564
8630
8631
6285
5720
6912
6239
6911
6910
3109
1042
8175
1043
8500
1040
1039
1041
8502
8498
8497
8486
1045
1044
8487
8488
8484
7490
5824
8483
8501
8485
8499
8482
8496
8495
8494
2405
2406
396
8493
8492
5901
3507
3506
8491
8490
9398
8193
9397
9396
9395
9394
9392
9390
9389
9386
9381
9380
9379
9378
9376
7788
8344
8345
8351
9375
9374
8348
8346
8347
8350
8349
5729
9373
9211
9403
9278
9287
9768
9767
9766
9765
9763
8396
9774
8400
9759
5817
9758
8397
9756
5821
9754
8398
9777
8393
8489
8395
9799
9798
8068
8067
8066
8065
1325
5709
6408
6686
6100
5243
7432
5353
7431
7433
7434
6407
5133
3841
5587
5498
6241
6690
6240
6689
3590
7323
3846
7720
7721
2885
7754
7748
7739
7740
7741
7742
7755
7743
7744
7745
7753
567
6238
566
2696
7747
7746
2181
7749
7750
7751
7752
8200
3060
6790
6789
6788
7596
7935
7936
7934
5610
8197
8649
8658
8650
8651
8652
8653
8654
8655
8656
8657
8659
8647
8643
6769
8644
8642
8645
8646
8648
9735
9746
7322
7717
7719
7718
7380
9724
8205
9885
8203
8158
3735
8159
7415
8160
8178
9817
415
8298
8297
8294
8296
8295
9533
9529
8198
6817
6818
9526
8182
7379
8201
9557
6937
9554
9523
9509
9493
9492
9491
8207
9487
7381
9481
2939
4892
7313
5089
7312
7314
7311
9519
8183
9514
8204
8196
8044
5694
8037
7421
7679
5710
8039
8040
8041
6987
8043
7420
8042
8202
7253
5506
6501
7447
5583
7769
7768
7766
6918
6210
7767
5582
7770
8195
8038
7470
7468
7469
7471
6361
6538
7472
7113
5481
7020
6537
9675
6114
6018
3817
7960
9674
7624
5480
3495
9673
1558
9668
9667
5913
9666
9637
9663
9636
9607
9605
6825
7798
7731
803
9604
2997
5479
8330
543
6519
6520
6523
6522
6526
5430
6524
6525
6518
8327
6516
612
6507
6515
6514
6513
6512
6511
8331
6517
6521
6508
4343
6509
8333
8323
8328
8326
8332
8329
5593
8335
5241
8338
7491
6826
5240
7492
6228
7006
8319
8322
9614
8321
8320
8318
6172
8324
8334
6510
8325
8339
6367
8336
8337
5320
9689
5415
5591
7953
2689
7092
6906
8117
8114
8116
8833
6348
8838
8559
8849
8834
8835
8836
8553
8590
9542
7437
7729
8847
8842
5766
8721
9834
7839
6811
8611
8602
6875
8605
8606
8823
7728
6347
7467
5381
7910
7925
8822
7660
9702
8845
6905
5471
9393
8584
3449
8844
8843
8557
8585
8113
6368
8837
6109
8259
6226
5969
9340
8841
8613
161
8832
8839
8614
7175
9212
789
8830
8292
6967
8612
9316
6222
7174
8857
8555
8291
7799
7790
8127
7424
8050
8589
9282
8851
7932
9289
7497
9306
8591
8592
8855
7954
7100
8593
9334
8856
7553
8594
8858
8854
8239
8595
8596
6400
6874
6843
8162
6876
8853
8562
8859
8850
6231
6794
8852
8558
8601
8407
8598
8405
8599
8404
6481
8600
5260
8563
8607
8848
7018
735
7462
8840
6205
8554
8608
8609
9311
8828
9310
8827
7022
7223
8826
8610
8163
8556
8825
6417
8552
8161
9235
5805
6795
8052
8560
7703
7838
8824
7840
8561
7306
8401
8829
8821
3077
615
6028
6344
9225
8820
8115
9223
8293
7337
7959
8819
8818
6947
7510
8817
6757
6897
8564
4402
9217
7958
3436
7061
7393
629
660
1597
1652
8641
1483
797
885
970
1047
1070
1085
1088
1095
1093
1092
1094
1089
1084
1069
1046
969
886
798
1482
9242
1524
830
930
1002
1108
1124
1129
1133
1149
1141
1142
1147
1148
1145
1138
1140
1144
1139
1146
1143
1136
1137
1132
1128
1123
1107
1001
929
829
1523
8118
6668
7951
4366
6827
5586
4599
6338
5800
7699
3083
6426
6166
6374
9269
6959
9268
6667
8064
6341
9266
6691
9265
6731
9264
7970
9262
7452
7332
7791
7969
9256
7405
9254
6752
9253
7968
7021
9251
7967
9249
9248
9246
9244
7453
8011
1501
808
900
979
1062
1101
1104
1106
1117
1116
1115
1113
1114
1111
1112
1105
1103
1100
1061
978
899
807
1500
6494
483
3779
6500
6527
6816
9433
7110
7502
7501
6536
7500
7499
9428
7505
7339
9426
7504
7054
7055
661
7503
9422
6373
6669
4381
7952
6242
6787
319
6162
7423
3865
6230
6224
4390
6872
6873
6851
2752
1656
4127
5743
5416
5704
2755
7949
9418
7064
5244
7948
9416
6184
6891
7730
8394
6497
4208
5854
4385
5383
2294
2423
6946
5957
2686
6393
3470
2770
2351
3011
6395
5866
7907
6887
5988
5867
6889
6885
5008
6878
6882
6881
6877
5414
6879
6886
6890
6880
6883
6884
6888
7094
7096
6117
7938
5615
6892
6973
5683
9409
7714
7310
7715
9407
8411
7205
8406
8129
8128
9435
7716
8165
9436
8164
7641
7099
6990
7978
8214
8215
8217
8211
8209
8213
8212
8216
897
8210
7975
5802
7976
7977
7640
5896
7204
7945
5482
7946
9459
1430
3740
1756
2937
1685
641
3135
7552
9457
9456
7947
5806
6169
1185
6280
9454
9453
7797
7801
7802
7800
7803
791
1186
5329
7708
7709
7712
7713
7707
7710
7711
6102
5491
551
429
1060
2188
2996
3409
3454
3455
3453
3407
2824
1760
617
310
753
1761
3535
4314
4683
4766
4757
4539
3936
3040
2731
6765
9368
3120
4171
5684
6764
9367
8548
9365
8550
9363
8549
9360
6909
6796
9359
5861
5860
5711
7097
7095
5592
7067
3722
6480
584
6479
9356
9353
3133
9352
8399
9350
8547
5768
9348
7382
7656
7658
9343
9342
7726
7657
7944
7725
7655
7724
7727
7723
7943
7942
7654
8860
46
84
232
806
2327
3410
3602
3686
3691
3693
3694
3695
3696
3697
3699
3698
3700
3702
3701
3703
3704
3705
3707
3706
3708
3692
3688
3684
3651
3628
3623
3619
5007
5625
7941
9391
7965
7964
7963
7939
6353
6352
6751
7937
9301
7962
9303
9800
9797
8179
7121
9795
9794
9793
9791
9788
9787
6094
9785
7122
9784
9783
5327
7422
9781
9780
6146
8597
9778
6903
6090
9749
9775
6907
9719
6091
9716
9715
9714
4363
7463
3855
9712
9711
9710
9709
9708
8402
7039
7475
7474
3355
4165
7473
7053
7051
7052
7476
5595
614
5033
5035
5032
5031
3037
5034
7738
7040
6089
9700
9699
9698
9695
9705
9720
8059
5701
8060
8063
8062
8061
8058
9741
7062
7950
5829
8474
8475
8471
8468
8472
8473
8470
8481
8476
8477
8478
8479
7933
8480
8469
9804
9859
6143
3721
6416
7037
7035
5181
5013
7038
7036
4822
1643
1662
7771
27
95
199
691
2158
3774
4411
4871
4891
4904
4906
4909
4908
4907
4910
4905
4902
4901
4900
4903
4896
4895
4894
4899
4898
4897
4890
4912
4869
4922
4866
4960
4860
6007
3009
9882
9881
31
101
218
722
2211
3795
4536
4924
4926
4932
4938
4931
4941
4937
4939
4930
4942
4933
4936
4934
4943
4940
4935
4929
4927
4944
4923
4958
4919
4993
4911
6013
9878
9877
9876
9875
404
1260
2701
5071
5690
5862
5961
5989
5991
5996
5997
5993
5995
5994
5992
5998
5990
6000
5999
6002
5987
6830
9886
3487
934
6398
9874
6168
1606
5010
5466
5465
5009
5467
6399
640
5846
5847
5844
5850
7792
5258
6832
5852
5851
3826
5845
7661
5848
5011
5843
5864
5849
9869
6397
2771
7903
8342
8341
9865
8340
5781
9863
9862
7034
9873
8373
7203
694
8374
7202
695
6490
9911
6695
9910
6696
9909
6694
9908
9907
6898
6899
9902
5892
7325
7324
6115
3720
6292
6293
9898
9897
7327
7328
7329
9893
7326
9891
8586
7238
9887
9860
7533
8831
9829
6029
8604
9827
9826
7239
9824
8579
1187
9822
1188
9821
9820
9819
9830
9818
6088
9816
9815
9814
9813
7237
4315
8012
6768
7906
8013
974
992
8020
975
991
8015
8016
8017
8014
8018
6767
8019
8021
8603
9851
9850
9849
9848
9847
9858
9846
256
1063
2174
2802
3025
3053
3061
3067
3062
3054
3024
2801
2175
1064
257
278
9842
9841
9838
9837
9836
324
1233
2226
2790
2999
3015
3014
2998
2789
2225
1232
325
348
5058
7904
6116
8236
906
905
1566
8237
6498
8238
1567
7506
39
70
212
747
2257
3393
3594
3625
3630
3647
3649
3648
3645
3646
3634
3644
3633
3635
3636
3637
3638
3639
3640
3641
3643
3642
3631
3632
3629
3626
3624
3621
3612
3611
3608
4994
9541
7841
9539
9550
9538
9536
3525
3524
1254
9535
1721
677
752
743
744
751
678
1722
662
5028
6365
5029
5077
2345
5076
6366
3750
1432
7956
7439
7440
7438
5477
7955
7464
6732
9537
6902
6901
7017
7477
8131
8121
8261
7182
8119
9574
9573
8122
8135
8120
8130
8133
6200
7241
6958
6957
6956
6857
8260
9566
8132
8149
435
8148
8147
8146
7705
7041
7704
8134
9556
9555
2139
6532
6531
6529
5790
3502
2834
5489
6530
7826
6840
6841
6245
6337
9525
9524
650
5339
5340
5341
649
796
648
5155
651
652
6496
5731
5869
7832
7831
7837
7829
7828
7827
7836
7830
7834
7835
7833
3773
2781
2782
5354
5355
819
5356
5874
5640
5872
356
5639
5641
5868
5875
6384
5149
4275
6385
5873
5871
5870
3844
6983
6982
6981
6984
6979
6978
6977
3878
7940
6980
5145
5642
2104
8051
5322
9475
9474
405
9472
1256
3166
3167
3168
9521
8846
7902
9518
9517
9516
4663
5473
6711
6710
6709
6708
2166
3935
5469
5468
7646
7652
8154
8153
8150
8151
8152
8155
8156
8157
7651
7639
5891
7662
6819
7649
7647
7650
8716
8733
8732
8717
6485
8718
8719
8720
5742
7706
8722
8258
5863
6194
9657
8728
8730
8715
8729
8731
8727
8726
8725
8724
7974
7079
5363
7648
8723
9644
9643
9642
9641
6093
9640
6092
9639
9638
9649
9664
6904
9677
5426
9665
5233
864
855
856
867
866
863
862
858
861
860
859
865
857
8587
9681
7644
7627
7628
7643
6670
7626
7645
7629
7642
3858
1574
5750
5784
5785
4613
9672
5783
5887
5786
9671
4404
9670
6908
9669
8682
8683
8687
8689
8690
8691
8692
8686
8699
8698
5902
8697
8696
8695
8694
8693
4724
8688
8681
8685
8684
9594
9591
9590
7793
9588
8551
9586
8206
9583
8583
9593
7796
9621
9609
9633
9632
9631
9630
9629
3047
182
393
3046
1582
2388
2389
1546
5888
2387
3045
3049
2728
637
3048
9616
9615
633
7795
7794
7905
9610
5588
7124
7123
7125
9469
9760
5328
9611
9612
9613
9617
8588
7416
6499
9618
9619
1189
9620
9622
19
3822
8788
8789
8790
8791
6121
8424
8425
3758
9634
8429
7530
7532
7531
8428
8427
5889
6012
2730
4850
9623
9624
1798
1797
5201
0
1776
184
3438
749
4320
2335
5041
5038
7189
7188
5067
4383
5068
7187
7186
7183
4319
2334
5040
5039
7190
7191
5069
4382
5070
7192
7184
7185
5907
956
8418
6854
994
993
8415
6995
5411
6853
8417
6996
4134
7001
6364
6363
6991
556
438
1194
5853
5078
2368
6998
4135
5427
195
6997
4136
7765
5501
3993
3075
2412
7763
6999
7764
6406
1634
653
6992
7000
2100
1445
6993
6994
998
8414
5428
4627
4628
999
6331
996
995
997
8413
8416
5619
3366
8275
8279
308
307
8282
8269
8267
638
1617
8274
964
963
8262
6528
966
965
8281
8273
8272
8263
8265
8271
8278
8268
8276
590
591
535
967
968
8277
8270
1240
1239
669
8264
8266
8280
5616
2672
7514
7515
7519
7516
7517
7518
7528
7520
5259
7521
7522
7524
7525
7529
7527
7526
1328
7523
6170
5618
3367
7564
7565
7566
7567
7568
7569
7570
6472
7571
7572
7573
7574
7575
85
7576
6438
3578
7103
7102
7104
7105
7109
7106
5182
7101
7107
7108
6445
3784
7073
7072
7071
7070
7074
7068
7069
5949
1167
4765
954
203
1801
1312
1324
1321
1319
1270
1800
1304
1318
1322
1313
1305
1271
949
8255
8254
7011
7010
5599
6974
8256
7015
4202
7009
426
1170
5780
5061
2300
7012
4203
5409
204
7013
4204
4205
151
3852
947
1259
1366
1431
1438
1446
1447
1451
1450
1449
1452
1444
1448
1436
1434
1387
2179
5408
952
953
6823
6822
267
330
7016
7008
7014
951
5410
4394
4393
950
5321
1581
1544
1591
955
8257
6153
5617
3368
5160
2331
6253
6252
6254
6251
5159
2295
6390
6387
6388
6389
6391
1635
1257
7002
1825
5842
583
6311
6307
6316
6315
6314
6313
6312
6309
6308
6317
6300
6302
6304
6306
6301
6305
6310
4145
6318
6303
6431
6955
6954
6952
6951
6953
6434
6950
5065
6443
2794
7118
7997
7114
7115
7116
5594
7999
4606
7998
4607
7990
105
221
454
1570
2942
3932
4388
4611
4620
4609
4625
4604
4633
4602
5839
7980
90
181
380
1351
2759
3887
4409
4667
4669
4676
4670
4678
4665
4688
4660
4725
4652
5894
7982
55
136
291
1173
2469
3847
4528
4777
4784
4790
4793
4797
4792
4798
4799
4786
4809
4770
4817
4767
4847
4762
5956
7983
78
164
346
1274
2721
3864
4408
4692
4684
4718
4680
4759
4673
5906
5910
4642
4814
4641
5911
7979
28
100
216
720
2208
3783
4527
4868
4873
4875
4886
4884
4874
4877
4881
4882
4883
4878
4885
4888
4880
4879
4887
4876
4872
4889
4867
4920
4861
4946
4859
6006
7981
80
168
354
1295
2737
3881
4416
4690
4697
4704
4705
4696
4708
4686
4719
4681
4760
4674
5904
7992
56
135
292
1172
2468
3848
4529
4776
4785
4791
4794
4795
4796
4801
4800
4787
4810
4771
4818
4768
4846
4763
5954
7991
61
140
303
1200
2535
3851
4375
4595
4247
3813
2821
3812
4248
4598
4630
4714
4758
4727
4815
4723
5947
7989
49
117
272
980
2396
3837
4531
4823
4827
4829
4831
4830
4834
4832
4835
4833
4836
4828
4837
4821
4845
4813
4857
4808
5984
7988
91
180
381
1350
2760
3888
4410
4668
4671
4677
4672
4679
4666
4689
4661
4726
4653
5893
7985
57
134
293
1171
2467
3849
4530
4778
4788
4802
4803
4804
4805
4807
4806
4789
4811
4772
4819
4769
4848
4764
5955
7984
73
157
335
1245
2698
3862
4523
4716
4729
4734
4736
4735
4728
4746
4712
4753
4701
4773
4694
5915
7987
81
167
355
1294
2738
3882
4417
4691
4699
4706
4707
4698
4709
4687
4720
4682
4761
4675
5905
7995
74
156
336
1246
2699
3863
4524
4717
4731
4738
4737
4739
4730
4747
4713
4754
4702
4774
4695
5914
7993
106
220
455
1569
2943
3933
4389
4612
4621
4610
4626
4605
4634
4603
5840
7702
7117
7007
7986
7994
7996
6441
7789
5760
5333
6118
6340
6119
8241
3417
8253
265
6439
1216
773
775
774
1217
8252
938
937
8251
940
8250
8247
8246
8244
8243
8242
936
935
939
8245
8240
5788
3443
3444
8248
8249
4640
9678
1647
5732
6422
6270
6423
6421
2744
6215
6697
6698
6430
825
824
822
7612
7613
7618
7619
7606
6682
826
823
7621
7617
6681
7622
827
7607
7608
7609
7610
7623
7611
2215
2216
357
7614
5487
7615
5565
3035
3036
7616
7620
4398
7023
3007
6001
6834
6493
6835
6833
2941
6401
6820
6821
6433
893
8080
891
894
892
8088
8069
8070
8071
4593
6781
895
896
8072
8073
6782
8074
7181
5700
8075
8076
8077
8087
8079
8078
8081
8082
2314
2315
374
8083
8084
5730
3386
3385
8085
8086
4594
9645
3164
116
2195
1494
1495
1492
1490
1491
1488
1496
1479
1486
1463
1428
1461
1427
2194
1462
1464
1487
1480
1497
1489
1493
174
2152
1421
1405
1413
1394
1390
1354
2151
1353
1391
1395
1414
1406
1422
1418
1417
120
2190
1475
1472
1471
1474
1469
1476
1465
1467
1459
1454
1409
1410
2189
1455
1460
1468
1466
1477
1470
1473
197
2135
1380
1369
1364
1337
2134
1334
1365
1368
1381
1375
1385
1383
1376
273
1792
1791
1261
1287
1297
1307
1306
1296
1286
1262
236
2109
1338
1314
2110
1315
1339
1342
1348
1347
1346
1349
1343
175
2154
1423
1407
1415
1396
1392
1356
2153
1355
1393
1397
1416
1408
1424
1420
1419
98
2214
1538
1531
1537
1535
1534
1532
1529
1533
1530
1527
1457
1528
1520
1540
1516
1522
1512
1508
1456
2213
1509
1511
1521
1517
1539
1519
1536
275
1795
1794
1264
1290
1301
1310
1311
1300
1291
1266
385
1729
1205
1221
1213
1220
1206
1728
274
1793
1790
1263
1289
1299
1309
1308
1298
1288
1265
7028
196
2132
1379
1370
1363
1335
2133
1336
1362
1367
1378
1374
1382
1384
1377
6064
7246
7252
7251
3485
7027
5746
5633
5634
5362
7250
7249
7248
7247
1599
1179
9652
9653
9654
9655
9656
9658
9659
6282
3725
7003
4129
6866
7004
4130
6289
5361
2476
6291
7005
4128
6287
5245
2408
6290
7307
1429
6288
7308
3930
5828
5827
5826
1747
692
4597
4915
4918
4917
4916
304
6762
6761
6760
3768
5016
7436
5647
4380
3111
6342
6343
6871
5042
586
517
6870
6869
6759
7815
7814
7813
7812
7808
7810
6325
7809
7817
7819
7811
7816
7818
7825
7822
7820
7821
7823
7824
7806
7807
5017
3522
2221
3764
7435
3598
4143
5803
5787
3800
5723
5044
2788
6758
6097
3732
7333
7334
1636
7212
67
147
329
1223
2682
3857
4412
4721
4732
4742
4745
4743
4744
4733
4748
4715
4755
4703
4775
4693
5912
7213
115
250
514
1632
3033
3934
4368
4533
4566
4534
4591
4532
5809
7222
1197
2402
3824
5323
5628
5719
5737
5733
6429
7512
7513
7217
7218
7215
7219
1281
2680
3876
5332
5613
5707
5712
6403
7220
1283
2681
3875
5330
5612
5706
5714
6402
7221
1282
2679
3874
5331
5614
5708
5713
6404
7206
7214
505
1557
2993
5143
5686
5812
5859
5877
5879
5881
5880
5882
5878
5885
5883
5886
5865
6753
447
9515
4414
446
573
7511
7216
7211
581
1671
3374
5187
5689
5794
5823
5830
5833
5831
5835
5834
5838
5825
6685
530
7210
7209
7208
7207
6447
6432
3496
6225
6410
6411
6412
5626
6919
8141
6921
8137
8143
8144
8138
8139
8140
8142
8136
6920
903
902
8145
5037
9479
5239
8230
8229
4643
8231
4644
8232
201
574
1675
3867
5472
5857
6005
6030
6032
6045
6047
6037
6038
6039
6040
6041
6053
6035
6043
6044
6042
6036
6034
6049
6050
6051
6055
6052
6056
6048
6054
6046
6057
6033
6058
6031
6065
6063
6066
6026
6856
8233
4645
8235
4646
8234
4647
8220
403
1251
2697
5064
5685
5855
5948
5972
5975
5980
5979
5978
5977
5976
5974
5981
5973
5983
5982
5985
5960
6824
8221
507
1560
3005
5148
5699
5832
5899
5916
5919
5921
5920
5922
5918
5925
5924
5946
5909
6797
8226
4649
8219
4648
8224
4650
8218
6450
8227
8222
8223
8225
8228
5567
5570
5568
5571
4636
5566
5572
8355
6283
3789
2474
5146
6098
6208
6207
5352
5351
1699
5350
3834
6209
3460
2196
6333
6336
6335
6334
6332
6437
3786
9482
5105
7418
249
7419
6855
7417
3886
7119
191
7457
7456
5500
7455
4146
5687
7120
3356
6195
6149
6148
5257
6440
709
4741
1600
5045
6017
5250
6502
6016
6015
6014
6284
3788
7045
7046
7049
679
7048
7050
7044
7043
7042
7047
3787
1709
1499
5492
5496
5497
5493
5494
5495
4740
2261
1674
3734
77
54
851
269
852
853
854
3446
6442
3785
6370
6371
6372
1453
6435
3350
7227
5220
7226
7057
6405
5254
7230
7225
7224
6324
7229
7056
7228
6444
1279
3452
2145
1196
3465
5796
5795
5798
6396
1575
1340
810
1670
5797
3466
5799
6436
3508
6845
6846
8392
8391
8390
8389
8388
8387
8386
6847
8385
8383
8375
8384
8382
8381
8380
8379
8378
8377
8376
5249
7281
6848
4324
6103
7277
7278
7279
6196
6223
7427
7425
7428
7426
7280
7276
7282
8283
2143
1330
498
3018
428
9565
9552
575
217
386
1777
1541
4619
9527
1241
9528
366
290
2299
9530
1190
9531
9532
148
9534
5018
9540
9543
9544
9545
9546
7557
7558
7555
7556
7561
7560
7559
7562
7554
7429
5144
8366
8369
8365
8367
8368
6138
8370
8371
8372
8364
8353
8361
8360
8359
8358
8357
8356
8354
8363
8362
8007
8006
8005
8004
8003
8009
8001
8002
6137
8008
8000
7396
6139
7395
7394
7399
7397
7398
7663
7664
7668
7666
7665
6141
7667
8166
8169
8168
8167
8172
6409
8170
8171
8289
8286
8290
6960
8284
8285
8287
8288
6449
7498
1737
2762
395
5317
7931
9856
7465
3593
6185
7930
7929
565
1426
6206
7255
541
6452
6453
6468
6467
6465
5638
473
6464
6463
6454
7269
1695
5094
3433
3434
618
6459
6457
6462
6461
6456
6460
7256
3560
580
579
578
577
6466
6455
4316
6458
7261
7259
7267
7262
7275
7257
1505
7254
5151
7263
7331
6448
5150
7330
6096
6298
7264
7265
4214
2734
7266
7268
7270
2180
7271
7272
6451
7273
7274
6072
7260
7258
281
6140
9871
1701
1504
1766
241
6831
3620
2938
4379
5622
5620
4378
5621
7885
4560
510
7886
3736
5751
7887
4555
7888
4556
5072
2820
7889
4245
2340
1669
1746
1255
7890
3796
7883
4557
3065
1628
2464
5789
1371
6362
6415
7349
4304
2059
7346
4305
7341
4302
7893
3622
9884
1000
317
820
6271
3116
7892
4564
6147
3559
7901
4367
3504
9805
7352
230
7894
4562
7895
4246
7356
4306
5623
3361
2424
9723
7896
4563
1361
639
5087
5085
5086
425
2085
1389
1588
1068
7897
4561
7355
4303
5692
4525
7898
4558
7899
4559
7350
2750
1743
557
7900
4553
6717
1285
4535
2776
818
4147
526
251
7884
3121
5917
7563
2954
7466
3771
5136
5135
5134
6975
6976
6220
3738
5153
1720
7063
7582
5359
7581
6154
1755
1164
1563
5206
5316
2142
3561
1437
1779
6199
7583
160
2394
1242
7891
4554
225
2250
1657
2957
2168
7348
4300
7351
4301
7863
1435
3730
5432
3131
7864
2837
7353
7867
4552
7873
3394
7354
7340
986
2055
1780
482
2067
7874
4244
6233
6232
7878
4551
7879
4548
2209
1440
1433
7880
4243
7347
2723
7344
2722
4963
2727
3982
5986
6470
6471
1227
729
7342
7862
1738
499
5502
7882
4544
1388
884
552
3430
2235
7877
4120
7876
1665
5126
7875
7343
2137
4242
7872
4547
2352
1605
3574
2398
828
2816
3484
2302
1639
5688
5895
7871
4550
2197
654
5749
2703
7870
4549
7869
449
332
1620
2159
1653
788
1562
1579
961
962
485
644
283
3364
1808
226
642
1733
3832
5222
5574
5627
5658
5659
5662
5663
5661
5665
5664
5667
5668
5666
5671
5669
5670
5672
5673
5674
5675
5676
5660
5678
5657
5679
5677
5682
5646
6349
7868
5624
3360
6216
4546
6716
2676
1769
7866
4545
7865
4542
5125
2146
3829
6150
139
1272
1822
2740
7881
4543
2795
3021
1757
1641
437
9745
1770
252
6413
1708
528
524
1258
1398
8640
1484
799
888
972
1048
1071
1086
1090
1096
1097
1098
1099
1091
1087
1072
1049
971
887
800
1485
9721
1526
832
932
1004
1110
1126
1131
1135
1160
1156
1157
1159
1155
1158
1161
1162
1163
1154
1152
1150
1153
1151
1134
1130
1125
1109
1003
931
831
1525
7236
904
1773
286
2333
563
163
1248
472
5777
5770
5769
5774
5771
5772
5773
5775
5776
2223
171
1802
569
1713
1273
2466
1637
2184
1215
1623
1210
2224
1571
3845
1683
5178
2787
6382
3457
1688
5176
2785
3828
2304
2702
1691
5175
3437
2121
5177
2786
5198
2774
5200
2773
5199
2775
6383
3028
1292
726
763
780
814
834
840
843
849
850
848
845
847
846
844
842
839
833
815
781
764
727
1293
7338
811
15
296
347
9701
880
387
770
397
4199
4200
5230
4198
4197
1785
4195
3797
2329
4196
5837
5836
522
4194
2416
585
179
1666
1772
656
512
4
1503
3572
616
3501
3419
712
2063
2071
2797
208
253
1168
768
1247
2342
452
1767
1542
4415
944
1771
1543
1784
2069
3814
2262
3741
647
2328
634
1622
284
207
2118
2739
414
3442
476
533
550
486
3494
1317
6227
2065
2383
1316
2064
2061
804
2062
2072
2058
2057
1702
2073
2053
2054
2056
2070
2060
2068
5217
5215
1553
6022
2690
2066
4870
1208
3136
1625
5698
2207
9801
6221
1212
8056
6009
6008
1618
668
5324
3022
5325
1741
572
739
3818
7196
7193
7197
7198
7199
7195
7194
7201
737
7200
5252
3859
5253
5251
1740
431
1609
2735
1768
562
9757
1765
576
5815
5814
5816
5813
2948
817
767
546
1550
509
264
185
82
1067
2944
646
1778
596
434
1192
338
9769
5019
9770
5748
2258
7493
2779
6107
7494
6106
6506
6108
7496
7495
5214
5598
3733
529
1191
561
5754
3413
5755
50
52
246
1053
2297
2765
2836
2887
2889
2891
2935
2934
2933
2932
2931
2927
2928
2929
2930
2926
2925
2924
2923
2922
2921
2920
2919
2917
2918
2914
2915
2916
2910
2911
2912
2913
2906
2907
2908
2909
2904
2905
2902
2903
2901
2900
2899
2898
2895
2894
2896
2897
2893
2892
2890
2888
2886
2835
2764
2298
1052
245
51
5757
5756
59
62
261
1175
2323
2766
2828
2839
2841
2843
2845
2846
2847
2848
2849
2850
2851
2852
2855
2854
2853
2857
2856
2858
2859
2863
2862
2860
2861
2866
2867
2865
2864
2870
2871
2869
2868
2872
2875
2874
2879
2873
2878
2876
2881
2877
2882
2880
2883
2844
2842
2840
2829
2767
2324
1176
262
63
66
69
276
1202
2359
2813
2950
2962
2967
2970
2978
2982
2975
2979
2974
2977
2980
2984
2976
2973
2981
2983
2985
2971
2969
2966
2965
2963
2958
2952
3571
3570
2953
2959
2964
2988
2991
3003
3072
3745
149
3746
3073
3004
2992
2989
2987
2986
2972
2968
2961
2951
2814
2358
1203
277
68
1121
1386
9377
222
198
477
1169
1592
1667
1693
1694
1690
1655
1478
707
255
231
571
1573
2799
3567
3759
3772
3763
3683
3078
2119
1589
1181
448
215
620
1642
3153
3854
4278
4342
4350
4352
4361
4360
4359
4358
4356
4357
4355
4354
4353
4351
4362
4349
4364
4347
4346
4341
5412
1182
765
424
1228
2234
3418
3765
3825
3835
3839
3840
3838
3836
3830
5157
7090
4174
1442
776
877
941
981
987
1005
1007
1009
1015
1022
1035
1038
1037
1034
1024
1025
1026
1027
1033
1023
1028
1029
1030
1036
1021
1017
1019
1031
1032
1018
1016
1013
1014
1020
1012
1011
1010
1008
1006
988
982
942
878
777
1443
7091
4175
1359
757
802
872
890
909
912
914
926
925
924
923
920
922
921
919
918
916
917
915
913
911
908
889
871
801
756
1360
7088
1700
3044
6161
6157
6159
6158
6160
2815
1734
1673
876
2246
5810
5216
5218
1506
2754
375
2819
2683
1439
2818
5336
9400
519
9401
7309
9371
8426
2120
3980
1120
9370
9354
9341
9344
3843
5121
9345
7076
5122
6087
9346
5124
5123
153
7077
7075
9347
2758
44
79
229
771
2212
3019
3391
3471
3775
5173
154
5174
3776
3473
3405
3388
3387
3384
3383
3381
3382
3380
3379
3378
3377
3376
3375
3373
3372
3369
3365
3362
4323
5171
7078
4995
6943
5767
6945
6942
6025
5735
5734
6099
6024
5348
235
6944
5782
3117
560
394
4635
4139
2995
2746
1706
2745
792
5569
2747
1707
1710
2748
2994
1705
6491
2116
732
9349
9351
6375
1513
553
636
635
9355
9369
9357
1684
3147
1658
6074
5015
5968
5963
6073
5964
5014
5965
5966
5967
675
5503
525
9361
9364
7146
138
5635
3404
6864
2753
6070
6069
2378
2946
6068
6482
6484
6483
6067
748
177
1663
1344
6197
1664
5186
5184
5185
9366
143
3140
3141
3142
3143
3144
3146
3145
1238
260
1828
1827
1826
696
3931
373
372
5693
453
2743
3493
2155
5951
1752
6376
6330
3821
6860
5030
6858
6859
6861
6862
6863
782
793
376
102
7922
7911
7921
7923
7916
7915
7924
7919
7912
7913
7914
7918
4816
7917
7920
6281
3790
6355
1754
288
3780
5604
5192
5191
1118
868
5193
5190
785
5603
65
22
5590
92
89
271
681
1633
2162
2255
2263
2271
2272
2280
2279
2276
2275
2277
2278
2274
2282
2283
2284
2287
2288
2289
2285
2286
2290
2281
2273
2291
2270
2292
2267
2265
2259
3023
83
9402
3006
26
94
200
680
2114
3565
3940
4282
4283
4286
4287
4285
4288
4291
4289
4290
4292
4293
4294
4295
4296
4297
4298
4299
4284
4307
4281
4311
4279
4317
4277
5721
9467
5024
23
88
188
658
2105
3726
4255
4567
4568
4572
4571
4570
4575
4576
4574
4578
4573
4577
4583
4582
4581
4579
4580
4584
4585
4586
4569
4587
4565
4590
4540
4600
4538
5822
9405
5025
411
390
1545
2761
3782
3981
4148
4150
4154
4156
4161
4160
4159
4158
4157
4155
4162
4153
4164
4152
4163
4149
5167
7232
377
97
2673
870
2173
540
1252
3440
3441
2757
1425
5580
2675
169
3428
3429
3423
3424
1626
1250
1810
3425
3426
1548
3427
1646
1412
901
3422
1198
3421
2264
2674
5581
320
224
3753
3754
2477
3752
1749
1333
440
441
442
443
444
445
7233
559
331
3766
5717
5681
41
72
219
755
2249
3339
3503
3536
3538
3540
3541
3542
3543
3544
3546
3545
3547
3548
3553
3551
3552
3550
3549
3554
3555
3557
3556
3539
3537
3534
3533
3529
3528
3523
4781
4405
5952
5804
86
113
318
1224
2414
3354
3461
3474
3476
3479
3478
3480
3481
3482
3483
3477
3475
3472
3469
3468
3467
3464
4629
481
314
795
682
6079
6085
6082
6084
6077
6081
6083
6080
6078
794
683
1411
9441
2772
3439
4253
4252
1554
340
2525
2526
723
311
2202
1549
2201
928
521
2826
3128
3127
2191
3126
2192
2825
2193
3125
345
248
534
6738
6741
1796
4241
1727
6740
2742
3118
3451
4710
6746
976
6745
6852
5382
721
6744
4928
5470
6750
3880
5645
4209
5221
6742
6743
6849
6739
5347
2729
7365
5856
5360
6737
6749
7366
7369
7368
7367
5059
6850
6748
5060
6747
977
3456
500
9446
6182
6120
7358
6181
2182
1404
5631
5632
5630
5629
4589
6179
1280
2309
6180
6183
6178
6177
6176
2471
2884
5722
6175
6174
7345
214
9451
5020
9452
5021
9455
9460
258
1066
2177
2804
3026
3056
3063
3068
3064
3055
3027
2803
2176
1065
259
279
9461
5022
9462
5023
9463
326
1234
2228
2792
3000
3017
3016
3001
2791
2227
1235
327
349
745
344
110
643
1583
369
368
1269
513
4206
6217
3450
4207
1231
439
1645
33
64
202
711
2117
2811
3052
3082
3086
3104
3105
3101
3102
3103
3100
3098
3099
3095
3096
3097
3092
3094
3093
3091
3088
3089
3090
3087
3085
3084
3081
3079
3076
3070
3050
4133
6941
2812
9419
9406
3650
1742
2810
2809
869
2415
1586
587
672
667
666
673
588
1585
520
3492
6011
3491
4138
1714
7482
7483
7489
7488
7487
7486
7485
7484
4137
6010
506
6
1775
5212
5211
5213
1400
1774
5504
2768
7234
9339
6428
9338
6427
9337
2404
1578
6236
6237
7357
5648
7458
7700
6350
7461
9252
3370
4965
9258
5643
5219
2777
7460
5651
7459
5650
5649
6916
6915
3415
6914
6913
4865
5170
6917
6198
5738
6380
6379
6378
432
6692
6144
3761
6145
7441
8304
8299
8316
8315
8314
8313
8312
8311
8310
8309
8308
8317
8306
8305
8307
8303
8302
8301
8300
6250
7178
7179
6677
7909
7701
7180
5431
2385
4395
9243
9241
9240
9213
7373
7372
7376
7371
7378
7377
7375
7374
353
7370
6321
5197
7177
6322
6323
7908
6986
6360
6985
5373
1229
305
1050
2350
2349
2348
1668
766
1180
1572
2347
1275
5075
5074
3762
5808
3039
9228
9229
4310
302
3727
3729
6059
6061
6062
6060
3728
6204
6203
6202
298
391
301
2947
300
299
1811
104
2363
6777
6778
6770
6772
6779
6776
6780
6774
6773
6775
6771
1587
1551
3657
17
1745
2945
266
1559
2367
3869
2365
3672
3675
3668
3667
3666
3662
3661
3658
3673
3652
3653
3654
3655
3656
3659
3663
3670
3681
3674
3676
3677
3678
3679
3665
3680
3671
3669
3664
3660
121
3868
3871
2364
2362
9236
4400
1627
2242
9238
4401
2360
2361
2366
1249
321
2185
2711
2718
2715
2716
2707
2720
2719
1638
2708
2712
2706
2704
2705
2709
2710
2713
2714
24
2717
342
4655
4659
4658
3414
4657
4656
2186
487
3043
3042
3041
5319
322
5926
5927
5928
5929
5930
5940
5932
5933
5934
5935
5936
5101
5937
5938
5939
5931
4399
5941
5318
2187
3069
6023
731
5761
5762
5763
5765
5764
1649
3870
948
5183
657
9239
5026
3757
112
7235
1225
3032
3031
3030
6492
2838
1327
3150
3149
3724
3148
1565
469
2229
2230
2231
2232
159
109
989
990
2373
2371
6699
6700
6701
6702
6704
6706
6705
6703
2372
5435
1303
759
4596
384
7084
7083
3573
7085
7081
7080
7082
2088
1698
2374
1697
7535
7536
4373
7534
7537
6842
7538
4374
7539
4372
7549
3896
5256
6414
7550
6469
3490
3489
1750
5736
2800
2376
7551
7548
7547
7546
4371
7545
7544
7543
7542
4370
7541
4369
7454
2160
1648
2375
7540
9325
3892
7066
7019
5490
9326
9327
6086
5066
2343
9328
7231
5644
3080
4541
2475
1611
1184
9330
1331
607
605
603
5971
599
4925
598
6101
5970
609
608
597
600
601
602
604
606
3760
2256
6933
5423
5425
6934
5740
5422
6935
5424
6936
1320
282
2741
2807
2806
2386
1789
9335
2808
3345
2805
9336
1744
6489
427
2465
7695
7694
7693
7698
7692
7690
7689
7688
7687
7686
5484
7685
7684
7682
7683
7696
3842
7697
7691
7681
7680
2463
4392
1199
4862
2205
6021
6020
515
3605
6019
7089
6071
2233
787
137
9305
5027
5575
1831
1830
9276
9283
1833
1127
2148
1832
786
379
1680
107
334
1677
674
1402
725
497
5246
1403
1676
1679
1580
333
1678
2688
6193
122
5576
5036
5577
5436
4391
733
3400
4396
4397
6369
5229
9288
816
9304
9292
9293
9286
6354
2303
3751
9285
9284
9332
9329
783
4345
9324
9323
9321
9320
9319
9318
9317
9315
9314
9313
9312
9309
9308
9275
9274
9273
9257
9234
9233
9232
9231
9230
9227
9226
9224
9222
9221
9220
9219
9218
9216
9215
9214
9271
9270
9267
9263
9261
9259
9272
9250
9247
9245
9431
9429
9427
9425
9424
9423
9421
9434
9420
9417
9415
9414
9413
9412
9411
9437
9466
9450
9448
9447
9445
9444
9443
9442
9440
9438
9372
9399
9290
9302
9468
9803
9470
9773
9772
9771
9764
9762
9755
9753
9752
9751
9750
9761
9776
9789
9796
9792
9802
9790
9786
9779
9748
9717
9707
9706
9703
9697
9696
9694
9733
9744
9743
9742
9740
9739
9738
9737
9736
9732
9731
9730
9729
9728
9727
9726
9725
9722
9747
9883
9879
9872
9870
9868
9867
9866
9864
9888
9889
9913
9906
9905
9904
9903
9914
9890
9828
9823
9811
9810
9809
9808
9806
9845
9833
9857
9854
9853
9852
9844
9843
9840
9839
9835
9693
9691
9635
9549
9548
9547
9553
9577
9575
9572
9571
9570
9569
9568
9567
9578
9564
9563
9562
9561
9560
9559
9558
9490
9489
9488
9486
9485
9484
9483
9480
9478
9477
9476
9473
9471
9494
9495
9496
9497
9520
9513
9512
9511
9522
9510
9508
9507
9506
9505
9504
9503
9502
9501
9500
9499
9498
9551
9579
9580
9581
9661
9660
9651
9662
9650
9648
9647
9688
9687
9686
9685
9684
9683
9682
9680
9679
9690
9676
9603
9602
9601
9600
9599
9598
9597
9596
9595
9606
9592
9589
9587
9585
9584
9608
9628
9627
9626
9812
9825
9831
9861
9892
9894
9895
9896
9899
9900
9912
9901
9880
9704
9718
9713
9782
9382
9383
9384
9385
9387
9388
16
7653
6213
6211
1829
5154
6212
6214
5012
341
508
2798
2411
9404
9458
716
717
6868
6922
718
6392
6923
715
480
7087
6928
6927
6924
7737
7732
7733
7734
7735
6929
383
6925
6926
6930
7736
719
7086
6931
5137
2219
5056
3106
2379
1817
2041
1835
2036
1838
2018
1841
1844
1846
1845
1847
1848
1849
1850
1851
1852
1855
1854
1853
1858
1856
1857
1860
1861
1862
1865
1863
1864
1866
1859
1868
1867
1871
1870
1869
1874
1872
1875
1873
1879
1878
1880
1877
1876
2006
2021
2035
2050
2084
2097
2138
2141
2147
2171
2113
2136
2095
2083
2049
2034
2013
2007
1884
1882
1881
1887
1883
1886
1885
1893
1892
1891
1890
1889
1894
1896
1897
1899
1900
1904
1898
2026
2028
2052
2077
2099
2122
2392
141
2393
2123
2098
2076
2051
2027
2025
1888
1895
2012
2023
2040
2075
2087
2102
2156
2115
2157
2103
2086
2074
2039
2024
2022
2029
2044
2078
2093
2127
2108
2126
2094
1820
2382
2380
1818
2042
1836
2037
1839
2019
1842
1903
1902
1901
1909
1908
1907
1910
1906
1911
1905
1917
1916
1918
1915
1914
1913
1912
1923
1924
1922
1921
1920
1919
1927
1925
1926
1928
1930
1929
2008
2014
2030
2045
2079
2089
2129
2106
2128
2090
2080
2046
2031
2015
2009
1934
1932
1933
1931
1936
1937
1935
1941
1940
1942
1939
1945
1938
1946
1947
1948
1943
1944
1949
2010
2016
2032
2047
2081
2091
2131
2107
2130
2092
2082
2048
2033
2017
2011
1950
1951
1954
1955
1957
1953
1952
1961
1956
1960
1959
1958
1962
1964
1965
1966
1967
1963
1968
1969
1974
1973
1970
1971
1972
1976
1975
1979
1980
1977
1978
1985
1983
1982
1984
1981
1992
1991
1988
1987
1990
1986
1989
1996
1998
1997
1995
1994
1993
2003
1999
2000
2001
2005
2002
2004
1843
2020
1840
2038
1837
2043
1819
2381
8
11
9
10
5057
3778
3804
3161
3320
3171
3313
3175
3306
3178
3298
3282
3295
3294
3292
3280
3297
3296
3279
3281
3278
3283
3284
3285
3286
3287
3288
3289
3265
3290
3264
3263
3291
3262
3293
3273
3260
3259
3257
3255
3258
3277
3275
3266
3261
3267
3268
3269
3270
3271
3274
3272
3212
3256
3241
3244
3220
3221
3224
3226
3228
3247
3231
3253
3235
3242
3234
3245
3233
3239
3217
3229
3218
3222
3223
3225
3199
3227
3200
3177
3305
3174
3312
3170
3319
3160
3802
3807
3151
3806
3803
3162
3321
3172
3317
3323
3342
3395
3353
3397
3341
3325
3315
3309
3303
3301
3276
3216
3215
3214
3213
3211
3210
3209
3219
3230
3236
3232
3252
3251
3250
3249
3248
3192
3246
3198
3243
3197
3240
3238
3237
3196
3254
3195
3194
3201
3188
3189
3190
3191
3193
3202
3208
3204
3205
3206
3207
3185
3203
3184
3181
3187
3186
3180
3179
3182
3183
3299
3307
3310
3316
3327
3346
3402
3412
3411
3403
3347
3328
3322
3326
3343
3398
3352
3396
3340
3324
3314
3308
3302
3300
3176
3304
3173
3311
3169
3318
3159
3801
5636
5637
35
36
21
34
5345
4213
5793
5792
5791
238
5884
1284
4984
4989
4983
4992
4986
4987
4988
4982
4985
4991
5374
2311
3123
2312
190
4990
4855
6573
6552
6572
6574
6575
6576
6577
6578
6582
6601
6584
6588
6591
6597
6599
6570
6600
166
6567
6539
6540
6541
6542
6543
6545
6547
6554
6555
6556
6557
6558
6559
6560
6561
6562
6563
6564
6565
6544
6602
6579
6580
6551
6566
6583
6569
6598
6587
6581
6568
6571
6585
6586
6589
6590
6592
6593
6594
6595
6596
6546
6548
6549
6550
6553
5111
5112
5113
2400
5114
5115
5116
5117
5106
5119
6142
1783
6488
6487
6486
7030
7029
7033
7032
7031
1723
211
118
352
410
382
132
407
2831
1696
2832
416
1373
2833
339
1681
240
5118
6163
183
5107
5108
4348
114
2150
1515
7287
7301
7285
7299
7284
7300
7585
7164
6418
7153
7586
7154
7587
7155
6420
7595
7165
7594
7169
7593
7157
7163
7592
7584
7162
6419
7161
7591
7156
7590
7291
7298
7290
7297
7283
7296
7295
7289
7294
7288
7293
7286
7292
6728
7390
7391
6729
7392
6727
7389
7388
7387
7386
7383
6726
7385
7158
6167
7159
7384
7160
6722
6724
7166
6723
7167
6725
7168
7589
7588
3337
3336
3338
5093
2252
2763
3333
3329
3332
3331
3330
3335
3334
6261
3051
6279
6171
5172
6278
14
6264
882
907
6136
5088
6135
6126
6127
6128
6130
6131
6132
6133
6134
6129
898
8460
8463
8461
8456
8457
8455
8458
8459
8462
8464
8465
8466
8467
8436
8437
8434
8445
8431
8454
8449
8447
8453
8444
8443
8442
8441
8439
8438
8452
8430
8433
8440
8451
8450
8446
8435
8432
8448
239
1619
645
772
742
910
730
2144
237
728
3866
6807
5811
6394
5210
7448
7449
7450
7451
4608
6736
6715
6734
5505
6473
6707
6733
6735
6425
6351
8408
8410
4623
4622
761
6111
5705
8054
8421
8423
8419
8053
8422
8055
6424
8420
7145
8581
8580
8582
8409
9646
8352
7757
8045
6377
1812
1209
1787
2353
4430
4439
4421
4428
4427
4426
4425
4424
4423
4422
4431
4440
4441
4442
4463
4462
4461
4460
4458
4457
4456
4455
4454
4453
4452
4451
4449
4448
4447
4446
4445
2317
4444
4443
2316
4450
4466
4459
4432
4433
4434
4435
4436
4464
4465
4471
4468
4429
4470
4467
3389
3458
4469
12
3459
4170
688
687
5073
689
690
4280
3769
3770
686
685
4438
4437
6249
5573
5081
3401
1177
1237
1178
693
2204
3777
3344
150
1219
841
2956
2955
3526
3527
6720
927
1073
5179
4588
6948
6189
2355
5083
2354
5080
5082
2247
1267
6505
6504
4843
4840
4839
4841
2684
4842
4217
3816
3805
1704
6503
1703
2527
664
1458
665
206
5226
3850
5364
4276
6273
6275
4838
7242
6272
5247
6274
7243
3853
5248
2370
5605
4685
7302
7304
7305
7303
4166
6188
6684
6989
5585
3566
392
6381
5476
5475
6248
5801
6988
7147
3010
7150
5227
7149
7151
7152
7148
2407
2248
6446
6191
5718
5703
1805
1806
1711
1807
1804
1204
172
1803
1518
5109
5207
595
1577
9410
4488
4476
4521
4507
4495
4515
4472
4474
4485
4516
4475
4477
4492
4522
4482
4503
4506
4487
4490
4518
4517
4512
4489
4493
4502
4499
4500
4511
4513
4478
4480
2320
4498
4520
2321
4505
4504
4501
4473
4510
4479
4481
4508
4519
4514
4496
4491
4509
4497
4484
3392
2253
3792
4483
13
3791
6949
401
378
5759
5758
1399
2751
2401
4631
4632
287
209
539
1629
2796
3486
3603
3689
3710
3713
3717
3716
3715
3714
3718
3719
3712
3711
3709
3687
3601
3488
2732
1372
315
146
409
1222
2823
4144
4812
4966
4996
4999
5005
5003
5001
5006
5004
5000
5002
4998
4997
4978
4893
4407
3767
2346
1689
5110
2478
6110
5486
5485
468
323
740
1834
3020
3499
3577
3606
3609
3610
3607
3604
3576
3500
2936
1682
502
242
593
1616
3408
4312
4844
4959
4979
4981
4980
4964
4914
4601
3877
2793
2338
3138
3137
223
501
3139
1751
5343
5344
6277
5098
879
5100
5597
5099
5096
1604
3448
3447
5596
2960
4420
627
628
4849
624
623
3860
3591
3592
626
625
18
4486
4494
5958
3575
6676
6674
6675
6186
6678
6679
6680
3833
3029
5421
6266
3883
7478
6713
5377
5745
4783
5744
4782
4151
3445
96
450
496
1207
2296
2319
2339
1813
2266
2244
3059
187
2313
2403
3420
1758
2322
2245
2356
2222
2305
2326
2254
1608
1644
1650
1610
1630
2172
270
5429
7406
5691
6714
5379
5747
6712
5378
6234
5196
6235
5195
7479
769
7480
5715
1277
4654
1323
2140
1748
1552
2165
1165
2778
2306
710
2101
467
592
1556
1102
1507
1326
1547
1083
351
1352
568
613
622
697
746
1226
1814
371
5385
4249
5953
5120
3163
5384
7481
5656
4617
6104
3399
1329
6815
6192
2310
1576
4973
4976
4974
4972
4970
4968
4967
4971
4977
4975
5380
2307
3124
2308
194
4969
4853
6664
6659
6661
6666
6651
6626
6624
6652
6622
6621
6620
6612
6611
6609
6625
6627
6628
165
6648
6647
6646
6645
6644
6643
6642
6641
6640
6639
6638
6637
6636
6635
6634
6633
6653
6623
6629
6630
6603
6631
6632
6649
6650
6604
6605
6606
6607
6608
6610
6613
6614
6615
6616
6617
6618
6619
6654
6665
6662
6660
6658
6663
6657
6656
6655
5653
4615
5900
4820
1502
778
960
959
958
1712
1631
5079
3794
3002
2341
1401
1302
6155
5130
957
495
7722
7065
4169
5357
4257
5358
5158
3808
1183
343
4167
6837
5238
5237
5084
6693
3371
5820
6265
2161
6259
984
5696
2420
8022
8035
8034
8033
8036
8031
8030
5062
5346
8029
8028
8032
8027
8026
8025
8024
5483
8023
3597
594
430
632
178
630
631
6122
5046
6262
5203
6263
5202
5584
3351
7245
6475
6476
6105
7244
5163
2769
4308
5164
5161
1809
5474
350
3431
5166
4406
5165
4309
754
4864
4215
3462
1816
1815
3463
4216
4863
6076
6075
3115
1724
1725
337
741
6218
2169
37
29
5
2479
3
25
176
676
1762
2395
2528
2536
2540
2656
2654
2655
2652
2653
2651
2650
2649
2648
2647
2646
2645
2644
2641
2642
2643
2640
2639
2638
2637
2636
2635
2634
2633
2630
2631
2632
2629
2628
2627
2626
2624
2625
2623
2622
2620
2621
2619
2618
2616
2617
2614
2615
2612
2611
2613
2609
2610
2539
2659
2534
2666
2530
2669
2524
3122
2523
2668
2531
2665
2533
2658
2538
2607
2608
2605
2606
2603
2604
2602
2601
2599
2600
2597
2598
2595
2596
2594
2593
2592
2591
2590
2589
2588
2586
2587
2584
2585
2581
2583
2582
2580
2577
2579
2578
2575
2576
2574
2573
2571
2572
2569
2567
2564
2660
2663
2671
2678
2693
2783
3349
2784
2692
2677
2670
2662
2661
2570
2568
2566
2565
2562
2563
2560
2561
2558
2557
2559
2556
2555
2553
2554
2552
2551
2549
2550
2547
2548
2545
2546
2544
2542
2543
2541
2537
2657
2532
2664
2529
2667
2522
3119
2481
2332
1621
436
93
7
1
20
111
518
1764
3562
3856
3992
3994
3998
3999
4000
4001
4002
4003
4006
4004
4005
4007
4008
4009
4010
4011
4013
4012
4014
4015
4017
4019
4016
4018
4020
4022
4021
4024
4023
4025
4028
4027
4026
4029
4030
4031
4033
4032
4034
4036
4037
4035
4038
4039
4040
4041
4042
4043
4044
3995
4109
3989
4118
3984
4122
3938
5236
5235
3937
4121
3983
4117
3990
4110
3996
4045
4047
4046
4048
4051
4050
4052
4049
4053
4054
4055
4056
4057
4058
4059
4060
4061
4063
4062
4064
4065
4066
4067
4068
4070
4069
4071
4073
4072
4074
4076
4075
4077
4079
4078
4080
4081
4083
4082
4112
4114
4125
4140
4193
4418
5376
152
5375
4419
4192
4141
4126
4115
4113
4085
4084
4087
4086
4089
4088
4090
4091
4092
4093
4094
4096
4095
4099
4097
4098
4100
4101
4102
4103
4104
4105
4106
4107
4108
3997
4111
3991
4119
3985
4123
3939
5234
5156
3685
2183
713
193
99
123
2480
87
233
809
2780
5092
5433
5508
5510
5513
5563
5559
5561
5560
5562
5557
5558
5554
5556
5555
5550
5548
5547
5551
5549
5552
5553
5545
5546
5538
5544
5539
5531
5533
5534
5530
5537
5536
5535
5532
5540
5542
5541
5528
5543
5529
5526
5527
5517
5522
5520
5518
5519
5521
5523
5524
5525
5514
5515
5516
5512
5511
5509
5507
5434
5147
2822
714
145
38
142
433
1692
3744
5128
5228
5261
5264
5315
5313
5312
5311
5310
5309
5308
5307
5306
5305
5314
5304
5303
5302
5301
5300
5299
5297
5290
5289
5298
5295
5291
5296
5294
5293
5288
5292
5287
5286
5285
5284
5281
5283
5282
5279
5278
5277
5276
5280
5274
5272
5273
5270
5275
5271
5269
5268
5265
5267
5266
5263
5262
5242
5189
4592
3165
1555
760
127
130
1786
129
125
45
47
5456
5458
5443
5462
5400
5401
5402
5403
5457
5461
5459
5453
5452
4651
6027
2700
5396
5702
5399
6672
5397
5393
4344
4376
4377
5390
1230
8633
5395
3884
3815
5460
5464
5463
5455
5386
5398
2472
5406
5447
5394
5451
5450
5440
5439
5437
8639
8637
8634
5405
6229
3034
5404
6673
4318
8635
8636
3558
3723
5387
5391
5454
5441
5448
3747
5407
5388
5389
5392
5438
5449
5446
4856
5445
5444
3748
5442
126
8638
128
1119
4168
2167
192
516
523
2124
285
821
1568
2125
5131
1074
2470
3798
5132
263
7098
6894
6867
6893
6932
6763
6865
6895
6896
3130
4962
4945
4961
2217
4618
2260
2268
2269
7112
2691
365
1730
1731
1788
6190
8752
8751
8750
8749
8748
8747
8746
8745
8744
8743
8742
8741
8740
8739
8738
8755
8737
8736
8735
8734
8753
8754
8760
8775
8774
8773
8772
8771
8770
8769
8768
8776
8766
8756
8764
8763
8762
8761
8758
8765
8767
8757
8759
3600
364
3581
3595
6828
363
3155
3156
3582
3157
3108
3589
3586
3158
6829
3588
3584
3583
3587
7111
3154
3585
3580
3579
362
5602
5600
5601
40
360
359
9625
5103
361
358
2830
1564
6838
213
173
2240
5104
3435
7860
7848
7849
7852
7853
7854
7855
7856
7861
7857
5779
2237
1654
7143
7142
7135
7141
7140
7139
7138
7137
7136
7144
7134
7129
7132
7128
7127
7126
7133
7130
7131
2238
2096
2236
71
170
4188
4189
4180
4183
4182
4178
4187
4191
4176
4185
4179
1717
4184
1715
1716
4186
4190
4181
4177
2239
402
1514
2241
7844
7846
7845
7842
7859
7858
7843
7850
7851
7847
5778
6258
6257
5055
6256
5205
2409
5608
3406
2243
5063
7240
6299
5716
3885
2163
6156
6386
6474
7336
1278
6255
3008
3390
6804
6806
3129
6803
5478
6805
5334
3891
6004
5652
4616
4413
2369
6836
2695
2344
2336
1481
3799
3132
2733
4250
5488
6320
6319
6478
5335
875
874
790
873
564
471
1332
558
6477
6244
6243
4780
3743
4124
1498
3616
3613
3614
504
3615
4637
4638
4639
1590
3617
3618
6269
655
5141
6783
6786
4116
6785
6784
5142
5140
5138
388
5139
6357
5231
6268
5204
4779
3742
5611
4387
5807
4858
6125
536
946
724
570
671
1782
6124
5095
6963
6961
6966
6965
6962
6964
6123
7403
399
7402
7404
7400
7401
53
48
2421
2422
244
883
1122
1660
1659
254
205
531
1612
2756
3416
3498
3510
3512
3514
3517
3518
3516
3519
3520
3521
3515
3513
3511
3509
3497
3432
2685
1341
306
144
406
1218
2817
4132
4752
4913
4947
4950
4952
4956
4953
4951
4955
4954
4957
4949
4948
4921
4852
4386
3756
2337
1672
6839
328
2301
1735
1736
294
295
708
1726
2694
3013
3074
3110
3113
3114
3112
3107
3071
3012
2520
1584
451
234
582
1603
3358
4172
4624
4700
4749
4751
4750
4711
4664
4384
3827
2749
2251
611
610
2827
470
3530
2203
2949
6295
6173
6719
3820
4365
3596
6296
2687
6297
6718
60
43
158
544
1596
2293
2410
2427
2429
2432
2460
2462
2461
2457
2458
2459
2455
2456
2453
2454
2452
2451
2450
2449
2448
2447
2444
2443
2445
2446
2442
2441
2440
2439
2437
2438
2436
2435
2434
2433
2431
2430
2428
2425
2397
2206
1211
313
76
32
131
413
1615
3058
3809
3873
3895
3898
3926
3927
3928
3921
3929
3925
3923
3922
3924
3920
3919
3915
3914
3918
3917
3916
3913
3910
3912
3911
3905
3903
3909
3906
3907
3904
3908
3899
3900
3901
3902
3897
3894
3861
3823
3348
2111
663
370
812
738
3568
5162
3569
6260
750
5047
3359
5051
3737
5054
2736
5727
5725
5726
3879
5728
1821
5053
5052
5050
5049
5048
555
1719
423
805
545
619
1174
1345
2210
6187
5097
5841
5858
1687
5739
4218
4173
1732
3057
3690
4220
2384
1441
779
3363
398
1561
933
1640
1201
2724
1799
1253
5654
4614
2357
813
3987
5752
418
419
3739
421
422
2473
2725
2726
420
417
7637
6003
7630
7631
9069
9094
9151
8104
9177
9176
9175
9174
9173
9171
9169
9168
9167
8101
9166
8100
9162
8102
9160
9159
9158
9157
9156
9155
9154
9165
9179
9180
9181
9206
9205
9204
9203
9202
9201
9200
9199
9198
9197
9196
9195
9194
9193
9192
9191
9190
9189
9188
8111
9186
9183
9182
9153
9207
9152
9150
9120
8106
9118
9117
9116
9115
9114
9113
8105
9111
9110
9121
9109
9106
8108
9104
9102
9101
9100
9099
9098
9122
9123
9124
8110
9148
9146
9141
9131
9129
8107
9127
9096
9095
9125
9126
9128
9130
8103
9132
9133
9134
9135
9136
9137
8112
9138
9139
9140
9142
9143
9144
9145
9147
8109
9149
9108
9097
9103
9105
9107
9112
9119
9184
9185
9187
9161
9163
9164
9178
9170
9172
9208
9015
9016
9209
9017
9018
9019
8089
9020
9021
9022
9023
9024
9025
9026
9027
9028
9029
9030
9031
9032
9033
9034
8097
9035
9013
9037
9014
9038
9012
9002
8998
8996
8994
8995
8997
8993
8999
9011
9001
9000
8098
9003
9004
9005
9006
8090
9007
8091
9008
9009
9010
9036
9039
9080
9041
9040
9070
9071
9072
9073
9074
9075
9076
9077
9078
9079
9081
8092
9093
9082
9083
9084
9085
9086
8093
9087
9088
9089
9090
9091
9092
9068
9067
9066
9065
8094
9042
9043
9044
8099
9045
9046
9047
9048
9049
9050
9051
9052
8095
9053
8096
9054
9055
9056
9057
9058
9059
9060
9061
9062
9063
9064
7928
7927
7926
9210
8057
7632
6800
6799
6801
6798
8125
8123
8989
8984
8981
8990
8988
8983
8985
8987
8991
8986
8982
8992
8891
8910
8914
8866
8865
8867
8868
8862
8864
8870
8884
8871
8872
8873
8874
8875
8876
8877
8878
8879
8880
8969
8936
8907
8980
8904
8887
8888
8889
8890
8892
8893
8894
8895
8896
8897
8898
8899
8901
8915
8902
8903
8905
8906
162
8908
8909
8911
8912
8913
8886
8885
8863
8861
8883
8952
8953
8963
8965
8966
8972
8975
8927
8931
8933
8935
8940
8943
8950
8869
8945
8944
8942
8941
8939
8938
8937
4403
8934
8932
8930
8929
8928
8926
8925
8924
8923
8922
8921
8920
8919
8946
8948
8977
8949
8976
8978
8974
8973
8971
8970
8979
8968
8967
8964
8962
8961
8960
8959
8958
8957
8956
8955
8954
8951
8917
8918
8947
8916
8900
8882
8881
8126
8124
8046
7058
7059
7633
7634
7060
7635
7412
7413
7414
7411
7636
7408
7407
7410
7409
6267
4662
6813
6814
6812
6358
6356
6359
5232
1753
1082
943
762
6808
5419
6339
4851
554
6809
6810
5413
758
973
1739
1195
2218
3755
5655
1595
5697
702
704
699
700
706
698
705
703
701
6219
1759
5609
5607
4526
2390
1593
1601
1602
542
1594
2391
4756
5564
1268
119
108
784
2330
3749
4142
4251
4258
4261
4263
4265
4266
4268
4267
4270
4269
4271
4272
4264
4273
4262
4274
4260
4259
4256
5194
280
289
186
210
189
945
2399
3781
4210
4313
4322
4327
4330
4336
4335
4338
4337
4334
4332
4333
4331
4329
4339
4328
4340
4326
4325
4321
5223
312
297
133
670
2178
3682
3977
4201
4219
4223
4225
4227
4230
4228
4231
4229
4232
4235
4233
4234
4236
4237
4238
4226
4239
4224
4240
4222
4221
4211
5180
228
247
316
1624
2940
3793
3889
3979
3986
3988
3978
5129
589
684
4254
5255
2417
5224
58
42
155
538
1598
2318
2426
2483
2485
2487
2493
2489
2490
2497
2496
2491
2492
2495
2494
2509
2513
2511
2510
2501
2515
2506
2507
2505
2503
2514
2508
2500
2502
2504
2516
2512
2499
2498
2519
2517
2518
2488
2486
2484
2482
2413
2220
1214
309
75
30
124
408
1607
3066
3819
3893
3942
3944
3946
3945
3947
3949
3948
3950
3951
3953
3952
3954
3955
3956
3958
3957
3960
3959
3961
3962
3963
3964
3965
3966
3967
3968
3969
3970
3971
3972
3973
3974
3975
3976
3943
3941
3890
3831
3357
2112
659
367
6201
5152
5225
6346
6345
9277
9279
9280
9281
527
2198
511
2199
2200
466
532
3810
464
6721
3811
4537
465
463
4212
9296
9297
9298
9299
9300
1193
2
