9934
9327
9326
9325
226
481
507
7336
5436
475
508
5965
5962
5964
5963
7337
477
509
7334
5772
7657
9314
6105
900
1681
1670
6690
480
513
493
494
1705
498
7339
497
8431
408
431
478
511
5837
7991
7338
7992
5838
5981
7990
479
510
5187
5188
7340
476
512
5609
7985
8422
8362
7335
9388
5109
3646
5110
9357
1800
3009
7781
8547
8548
8549
8550
8551
8552
1004
503
1295
8544
8523
8525
8526
8527
8528
1255
566
1527
7777
8529
8531
8532
8533
755
1631
242
556
7779
8537
8539
8540
8541
8542
8545
8524
8538
8535
8534
6922
8530
8557
8560
8559
8561
6863
2396
568
1376
1377
5207
2167
3171
7780
8546
8554
8553
4844
6810
8066
2539
1632
6989
6987
6990
6991
6988
5391
5386
5390
5387
5388
5389
5385
5597
3057
7678
6171
3618
2189
5062
5121
4150
6170
1002
6553
5368
5356
5357
6132
6131
5358
6773
5518
5625
6775
6774
7697
7695
7688
7690
7693
7694
7691
7692
7599
7596
6184
6183
7792
7798
7797
7800
7795
7794
7801
7799
7807
7805
7804
7803
7806
7793
7802
7621
7620
7617
7618
7619
7624
7616
6347
5384
7689
7696
7598
7597
7796
857
7622
7623
5743
6348
6346
6345
6552
1782
5439
3887
9550
9551
5146
3750
4873
5598
6554
6513
6266
567
2184
1737
8556
8522
8555
8558
8543
8536
267
640
6313
8068
4842
6811
1185
1844
1843
7778
6707
6706
8067
4843
6812
6265
522
9587
8814
8813
8812
8811
6787
9592
8563
7354
8565
8564
8566
1070
9594
9595
9596
9597
9598
102
7974
2342
5437
6295
9558
8203
7190
5227
7191
9560
8204
7192
5228
7189
8205
8207
7045
8731
8730
7044
8729
8728
8733
5922
8720
8721
8722
8723
7775
8727
8719
6821
8726
8725
8724
6702
8201
9574
8221
9575
8224
9577
8225
9578
8226
9703
8209
8697
5927
8805
8803
7043
8806
8801
5712
8797
8796
8798
7526
7980
7527
7528
5699
8799
8800
8802
8804
7112
753
8200
9290
7823
7648
7824
6741
7195
9476
8732
8029
8686
8695
8685
8684
8683
8681
8687
8680
8679
8682
8688
8698
8690
8699
8692
8693
8694
8691
5906
8696
8689
8199
7380
7383
7382
7381
7379
8196
7378
5343
8194
8198
7462
8819
7465
7461
7464
8829
8827
8818
8831
8824
8832
8833
8835
8830
8834
8828
8816
8817
8826
8825
8815
8823
7463
7449
8822
8821
8820
8208
9304
4742
5916
5895
5917
8586
3524
8597
8219
1262
854
855
856
1263
8589
1073
1074
8585
1076
8596
8593
8588
8591
8590
8587
1077
1078
1075
8592
8584
5943
3551
3550
8594
8595
9322
5760
6959
6305
6958
6957
3153
1097
8218
1096
1095
1094
8640
8639
8638
8636
8641
1098
1099
8634
8637
8651
1100
8644
8645
8635
8643
8646
8647
2437
2438
419
8648
5969
8649
5979
3583
3582
8650
8642
6304
5739
6931
6257
6929
6930
3126
1059
8212
1058
8505
1061
1064
1060
8503
8521
8519
8517
1063
1062
8513
8507
8506
7509
5843
8502
8515
8520
8501
8518
8516
8514
8512
2425
2424
415
8511
8510
5920
3526
3527
8509
8508
9412
8197
9413
9430
9416
9417
9418
9419
9420
9421
9422
9423
9424
9425
9427
7791
8369
8368
8370
9429
9414
8363
8364
8366
8365
8367
5748
9367
9370
9371
9372
9374
9375
9377
9378
9379
9381
8417
9383
8412
9386
5832
9387
8414
9390
5839
9391
8419
9392
8415
8504
8413
9393
9394
8085
8087
8084
8086
1344
5728
6426
6705
6119
5262
7452
5372
7451
7450
7453
6427
5150
3859
5606
5517
6260
6710
6259
6709
3599
7341
3864
7739
7740
2860
7771
7770
7769
7773
7763
7762
7761
7759
7774
7766
7760
586
6258
585
2715
7764
7765
2200
7767
7758
7768
7772
8193
3077
6807
6808
6809
7615
7954
7953
7955
5629
8195
8676
8675
8674
8673
8666
8664
8662
8661
8672
8669
8670
8663
8668
6788
8677
8678
8671
8665
8667
9853
9854
7342
7736
7737
7738
7400
9868
8215
9864
8211
8179
3754
8178
7435
8177
8213
9859
434
8317
8316
8315
8314
8313
9858
9719
8214
6836
6837
9718
8223
7398
8210
9571
6956
9568
9566
9565
9564
9563
9562
8206
9561
7399
9559
2958
4911
7331
5108
7332
7333
7330
9601
8202
9600
8216
8217
8062
5711
8057
7439
7698
5729
8058
8059
8056
7006
8063
7440
8061
8227
7272
5525
6520
7466
5599
7789
7788
7787
6937
6229
7786
5600
7785
8222
8060
7487
7488
7489
7490
6380
6557
7491
7135
5501
7039
6556
9527
6133
6037
3834
7977
9524
7647
5500
3510
9521
1576
9518
9517
5932
9515
9514
9511
9509
9505
9529
6844
7813
7750
820
9552
3015
5499
8343
561
6526
6537
6535
6534
6533
5449
6532
6531
6530
8337
6527
631
6542
6543
6538
6539
6540
6541
8357
6544
6545
6536
4362
6529
8342
8341
8339
8350
8338
8345
5613
8347
5259
8349
7510
6845
5260
7511
6247
7025
8356
8355
9705
8354
8351
8340
6191
8344
8348
6528
8346
8358
6388
8353
8352
5337
9635
5435
5612
7965
2707
7107
6917
8134
8133
8132
8838
6367
8842
8576
8848
8840
8846
8845
8568
8615
9607
7454
7747
8851
8853
5785
8734
9836
7858
6830
8629
8630
6900
8627
8625
8852
7748
6366
7486
5400
7929
7944
8858
7679
9362
8839
6918
5489
9323
8621
3466
8865
8866
8573
8604
8135
6387
8875
6128
8277
6245
5988
9361
8849
8620
121
8837
8836
8624
7194
9349
808
8878
8311
6986
8628
9248
6241
7193
8847
8572
8310
7818
7809
8146
7443
8069
8617
9489
8843
7951
9479
7516
9395
8610
8613
8841
7972
7119
8619
9408
8877
7572
8611
8850
8876
8258
8614
8602
6420
6905
6862
8182
6902
8874
8569
8873
8872
6250
6815
8871
8571
8608
8424
8607
8423
8606
8426
6500
8603
5279
8574
8622
8870
7037
754
7482
8869
6224
8575
8626
8632
9368
8868
9369
8864
7041
7225
8863
8631
8181
8567
8862
6436
8579
8180
9384
5823
6813
8071
8570
7722
7857
8861
7860
8578
7325
8421
8860
8859
3096
634
6047
6363
9469
8857
8136
9471
8312
7356
7975
8856
8855
6966
7529
8854
6776
6928
8577
4419
9482
7979
3455
7080
7418
648
679
1616
1671
8660
1503
819
907
991
1068
1091
1106
1110
1117
1115
1118
1116
1109
1105
1090
1067
990
906
818
1504
9359
1544
850
951
1022
1128
1144
1149
1153
1171
1169
1175
1176
1182
1178
1179
1177
1180
1181
1174
1173
1170
1172
1154
1150
1145
1129
1023
952
851
1545
8137
6687
7978
4385
6846
5605
4618
6357
5819
7718
3100
6445
6185
6393
9341
6978
9339
6686
8083
6360
9333
6708
9297
6751
9295
7987
9259
7471
7351
7812
7986
9246
7424
9244
6771
9230
7989
7040
9233
7988
9235
9243
9236
9238
7472
8030
1520
827
919
998
1081
1120
1123
1125
1136
1135
1134
1133
1131
1132
1130
1124
1122
1119
1080
997
918
826
1519
6514
501
3798
6519
6546
6835
9287
7129
7523
7522
6555
7521
7520
9279
7519
7358
9265
7524
7073
7074
681
7518
9458
6392
6688
4402
7966
6261
6806
318
6181
7442
3884
6249
6243
4410
6908
6904
6870
2771
1675
4149
5764
5434
5723
2774
7964
9798
7083
5263
7970
9741
6203
6901
7749
8416
6517
4225
5873
4404
5404
2313
2440
6965
5976
2705
6412
3489
2790
2370
3030
6414
5885
7926
6906
6007
5886
6907
6911
5027
6909
6910
6903
6899
5433
6896
6897
6895
6894
6893
6892
6898
7115
7114
6136
7956
5634
6891
6992
5701
9900
7734
7329
7735
9896
8430
7224
8425
8147
8148
9890
7733
8184
9887
8183
7659
7118
7009
7994
8229
8230
8231
8228
8232
8234
8235
8233
916
8236
7995
5821
7996
7997
7660
5914
7223
7969
5498
7968
9917
1449
3759
1776
2956
1704
660
3154
7571
9914
9913
7967
5825
6188
1211
6299
9881
9880
7817
7819
7820
7821
7822
811
1212
5348
7732
7726
7727
7728
7729
7730
7731
6121
5510
570
449
1079
2207
3016
3428
3473
3474
3472
3426
2843
1779
636
309
772
1780
3554
4334
4702
4788
4776
4557
3955
3059
2750
6783
9832
3138
4190
5703
6784
9829
8583
9851
8581
9878
8582
9877
6919
6814
9874
5880
5879
5730
7113
7116
5611
7086
3741
6498
604
6499
9857
9856
3151
9855
8418
9579
8562
5787
9576
7401
7674
7676
9570
9569
7742
7677
7963
7743
7675
7746
7744
7745
7962
7961
7673
8879
45
83
231
825
2346
3429
3620
3704
3708
3710
3711
3712
3713
3714
3715
3716
3717
3718
3720
3721
3719
3722
3723
3724
3725
3709
3707
3702
3670
3647
3642
3640
5026
5639
7960
9604
7981
7983
7982
7957
6370
6371
6756
7958
9591
7984
9590
9589
9588
8220
7141
9586
9585
9584
9556
9581
9555
6106
9525
7140
9523
9522
5344
7441
9520
9519
6165
8609
9516
6921
6109
9513
9512
6920
9510
6108
9508
9507
9506
4366
7481
3874
9504
9503
9526
9528
9553
8420
7058
7495
7494
3374
4184
7493
7070
7072
7071
7492
5614
633
5051
5050
5054
5052
3056
5053
7757
7059
6110
9539
9538
9536
9684
9682
9680
8081
5720
8080
8082
8078
8079
8077
9669
7081
7971
5848
8499
8495
8498
8487
8493
8489
8490
8491
8492
8497
8496
8488
7952
8500
8494
9698
9697
6162
3740
6435
7055
7056
5201
5032
7054
7057
4841
1662
1680
7790
26
94
198
710
2177
3793
4430
4889
4909
4913
4919
4915
4920
4914
4916
4921
4917
4922
4918
4926
4924
4929
4928
4927
4925
4923
4910
4931
4888
4940
4885
4978
4879
6026
3028
9626
9625
30
100
217
741
2230
3815
4555
4943
4945
4947
4948
4949
4950
4952
4957
4951
4956
4953
4955
4954
4961
4959
4960
4958
4946
4962
4942
4977
4934
5001
4930
6032
9620
9619
9618
9615
423
1278
2720
5090
5709
5882
5980
6008
6011
6014
6015
6016
6012
6013
6010
6017
6009
6019
6018
6021
6006
6849
9777
3506
953
6418
9501
6187
1625
5028
5486
5485
5029
5484
6417
659
5863
5867
5866
5868
7811
5276
6851
5869
5870
3845
5871
7680
5862
5030
5865
5884
5864
9638
6416
2788
7923
8361
8360
9639
8359
5800
9640
9642
7053
9643
8392
7221
713
8393
7222
714
6509
9644
6714
9645
6715
9646
6713
9647
9648
6924
6923
9649
5911
7344
7343
6134
3730
6312
6311
9650
9651
7345
7347
7348
9652
7346
9653
8605
7256
9654
9655
7552
8867
9656
6048
8633
9657
9658
7257
9659
8598
1209
9660
1210
9637
9661
9636
9634
9611
6111
9612
9613
9614
9616
7258
4333
8039
6786
7925
8038
994
1011
8040
993
1010
8035
8034
8033
8031
8037
6785
8036
8032
8623
9617
9621
9622
9623
9624
9627
9628
255
1082
2193
2821
3043
3073
3081
3087
3082
3072
3044
2820
2194
1083
256
277
9629
9630
9631
9632
9633
325
1254
2246
2811
3020
3036
3035
3019
2810
2247
1253
326
348
5075
7922
6135
8257
924
925
1586
8255
6516
8256
1585
7525
38
69
211
766
2276
3412
3613
3644
3649
3664
3663
3659
3650
3651
3652
3666
3653
3665
3654
3667
3662
3656
3668
3657
3658
3655
3660
3661
3648
3645
3643
3641
3631
3630
3626
5013
9662
7859
9663
9664
9692
9693
3544
3543
1272
9694
1743
697
770
763
762
771
696
1744
680
5047
6385
5048
5097
2364
5096
6384
3769
1450
7973
7457
7458
7459
5496
7976
7483
6750
9695
6925
6926
7036
7496
8150
8141
8279
7201
8139
9696
9699
8140
8153
8138
8154
8149
6219
7260
6976
6975
6977
6876
8280
9700
8152
8165
454
8166
8167
8168
7724
7060
7723
8151
9701
9702
2158
6550
6548
6551
5808
3520
2853
5508
6549
7845
6860
6859
6264
6356
9704
9716
669
5361
5360
5359
671
815
670
5174
668
667
6515
5750
5892
7849
7851
7852
7854
7855
7850
7846
7847
7853
7856
7848
3792
2800
2799
5373
5374
838
5375
5893
5659
5887
375
5658
5661
5889
5894
6403
5168
4294
6404
5890
5891
5888
3863
6998
6996
7002
6997
7000
7001
7003
3896
7959
6999
5164
5660
2121
8070
5341
9706
9707
424
9708
1275
3185
3186
3187
9709
8844
7921
9710
9711
9712
4682
5492
6728
6727
6730
6729
2183
3954
5487
5488
7669
7667
8175
8176
8174
8173
8172
8171
8170
8169
7670
7658
5910
7681
6840
7671
7668
7665
8735
8736
8737
8738
6504
8739
8752
8740
5761
7725
8741
8278
5881
6205
9713
8751
8742
8743
8744
8745
8746
8747
8748
8749
7993
7098
5382
7666
8750
9714
9715
9691
9690
6113
9689
6112
9688
9665
9666
9667
6927
9668
5445
9670
5252
871
881
882
880
876
875
874
873
870
872
879
878
877
8618
9671
7661
7646
7645
7662
6689
7643
7663
7644
7664
3877
1589
5769
5802
5804
4631
9672
5805
5908
5803
9673
4423
9674
6916
9675
8714
8713
8718
8711
8707
8710
8702
8709
8708
8706
5921
8705
8704
8703
8701
8700
4741
8717
8712
8715
8716
9676
9677
9678
7810
9679
8580
9681
8192
9683
8612
9685
7814
9686
9687
9610
9609
9608
9554
9530
3065
181
412
3064
1601
2406
2407
1565
5909
2408
3066
3068
2749
656
3067
9531
9532
652
7815
7816
7924
9533
5607
7144
7143
7142
9534
9535
5347
9537
9540
9541
9542
8616
7434
6518
9543
9544
1206
9545
9546
19
3840
8808
8809
8810
8807
6139
8447
8448
3775
9547
8444
7551
7549
7550
8443
8446
5907
6031
2748
4869
9548
9549
1817
1816
5220
0
1786
183
3458
768
4339
2353
5060
5058
7203
7202
5088
4401
5089
7205
7207
7208
4338
2352
5059
5057
7210
7211
5087
4400
5086
7209
7204
7206
5926
968
8437
6872
1012
1013
8436
7018
5430
6871
8435
7020
4152
7019
6382
6383
7016
575
457
1213
5872
5095
2387
7014
4154
5447
196
7013
4153
7783
5520
4008
3090
2431
7782
7010
7784
6425
1653
672
7021
7012
2117
1463
7017
7011
1014
8434
5446
4647
4646
1015
6350
1016
1017
1018
8433
8432
5638
3384
8296
8295
306
307
8297
8299
8293
657
1636
8300
982
983
8301
6547
985
984
8298
8294
8292
8288
8285
8287
8286
8284
8290
609
610
554
986
987
8289
8283
1258
1257
688
8291
8281
8282
5636
2689
7545
7547
7534
7546
7533
7535
7536
7537
5278
7538
7539
7540
7541
7542
7543
7548
1347
7544
6189
5637
3386
7591
7588
7595
7593
7585
7584
7589
6491
7587
7586
7583
7594
7590
84
7592
6463
3597
7127
7126
7125
7122
7124
7123
5200
7128
7120
7121
6458
3802
7089
7093
7087
7090
7088
7091
7092
5968
1186
4784
975
202
1820
1332
1343
1340
1339
1289
1821
1323
1338
1341
1331
1324
1290
974
8275
8274
7034
7027
5618
6993
8276
7030
4221
7029
445
1189
5799
5080
2319
7031
4222
5429
203
7035
4223
4224
156
3872
966
1279
1385
1451
1457
1465
1466
1471
1470
1469
1472
1464
1468
1456
1453
1406
2198
5427
972
973
6841
6842
266
329
7033
7028
7032
969
5428
4413
4412
971
5340
1600
1563
1610
970
8273
6172
5635
3385
5179
2349
6270
6273
6271
6272
5178
2314
6407
6408
6409
6410
6406
1654
1276
7015
1841
5861
602
6336
6334
6321
6331
6328
6326
6325
6324
6323
6333
6332
6322
6327
6329
6330
6339
6335
4164
6337
6338
6464
6974
6973
6972
6971
6970
6452
6969
5084
6453
2813
7133
8000
7132
7131
7130
5610
7999
4625
8011
4626
8014
104
219
473
1590
2961
3950
4407
4629
4638
4627
4644
4623
4652
4621
5859
8002
89
179
399
1369
2778
3906
4428
4686
4692
4695
4691
4697
4684
4707
4673
4744
4670
5913
8006
54
142
290
1190
2486
3867
4547
4797
4807
4825
4826
4823
4821
4824
4822
4808
4830
4791
4838
4787
4867
4783
5975
8008
77
164
345
1293
2740
3885
4427
4711
4703
4737
4699
4779
4688
5925
5929
4661
4833
4660
5930
8009
27
99
215
739
2227
3809
4546
4887
4892
4906
4907
4905
4904
4903
4902
4901
4897
4899
4896
4895
4893
4898
4900
4894
4891
4908
4886
4935
4880
4965
4877
6025
8010
79
167
373
1314
2757
3900
4432
4709
4715
4723
4724
4716
4727
4704
4738
4700
4778
4689
5924
8012
55
143
291
1191
2488
3868
4548
4795
4803
4813
4812
4814
4811
4810
4809
4804
4828
4789
4836
4785
4865
4781
5974
8013
60
147
302
1219
2554
3870
4394
4614
4265
3829
2840
3830
4267
4617
4649
4733
4775
4746
4834
4743
5966
8018
48
126
271
1001
2415
3856
4550
4845
4846
4849
4848
4852
4855
4854
4850
4853
4851
4847
4856
4840
4864
4832
4875
4827
6003
8015
90
180
400
1370
2779
3907
4429
4687
4694
4696
4693
4698
4685
4708
4674
4745
4671
5912
7998
56
144
292
1192
2487
3869
4549
4796
4806
4820
4817
4819
4818
4816
4815
4805
4829
4790
4837
4786
4866
4782
5973
8017
72
158
334
1265
2717
3882
4542
4736
4750
4754
4753
4758
4749
4764
4732
4773
4720
4792
4714
5933
8016
80
168
374
1313
2756
3901
4433
4710
4717
4725
4726
4718
4728
4705
4739
4701
4780
4690
5923
8003
73
159
335
1264
2718
3883
4543
4735
4748
4757
4756
4755
4747
4763
4731
4772
4719
4793
4713
5934
8001
105
220
474
1591
2962
3951
4408
4630
4639
4628
4645
4624
4653
4622
5858
7721
7134
7026
8004
8005
8007
6461
7808
5777
5352
6138
6359
6137
8265
3435
8264
264
6456
1236
792
794
793
1235
8259
954
955
8272
956
8271
8269
8266
8267
8270
8263
958
957
959
8260
8261
5807
3461
3462
8262
8268
4656
9593
1666
5751
6440
6274
6441
6442
2763
6234
6717
6716
6450
844
843
846
7640
7637
7636
7634
7642
6701
842
841
7629
7626
6700
7627
845
7628
7625
7630
7641
7632
7633
2235
2234
384
7635
5506
7631
5584
3053
3052
7638
7639
4417
7042
3026
6020
6853
6510
6854
6852
2960
6419
6839
6838
6460
915
8092
912
914
913
8088
8089
8090
8094
4611
6800
910
911
8095
8107
6801
8103
7200
5718
8093
8105
8104
8102
8101
8100
8099
8098
2333
2334
393
8097
8096
5749
3405
3404
8106
8091
4612
9599
3183
124
2214
1513
1512
1511
1510
1509
1507
1515
1498
1505
1482
1446
1480
1447
2213
1481
1483
1506
1499
1516
1508
1514
174
2172
1442
1427
1435
1415
1411
1374
2171
1375
1412
1416
1434
1426
1443
1439
1438
128
2209
1491
1492
1494
1493
1489
1496
1485
1486
1478
1474
1429
1428
2208
1473
1479
1487
1484
1495
1488
1490
195
2153
1400
1389
1383
1355
2154
1356
1384
1388
1399
1395
1404
1403
1396
272
1811
1809
1284
1306
1316
1327
1325
1315
1305
1285
235
2128
1357
1334
2129
1333
1358
1361
1368
1365
1366
1367
1362
173
2170
1440
1425
1433
1413
1410
1372
2173
1373
1409
1414
1432
1424
1441
1436
1437
97
2232
1546
1550
1547
1554
1556
1551
1557
1555
1549
1553
1475
1548
1539
1559
1536
1541
1531
1529
1476
2233
1528
1530
1540
1535
1558
1538
1552
273
1812
1810
1281
1308
1318
1328
1326
1317
1307
1280
404
1750
1224
1239
1232
1240
1225
1749
274
1814
1813
1282
1310
1320
1330
1329
1319
1309
1283
7046
194
2152
1398
1387
1382
1353
2151
1354
1381
1386
1397
1394
1402
1401
1393
6084
7266
7270
7269
3504
7047
5765
5649
5648
5381
7268
7271
7265
7267
1619
1198
9603
9605
9606
9583
9582
9580
9557
6302
3744
7022
4148
6885
7023
4146
6307
5380
2495
6308
7024
4147
6309
5264
2427
6310
7328
1448
6306
7326
3949
5845
5847
5846
1766
711
4616
4939
4937
4936
4938
303
6781
6779
6780
3787
5035
7456
5666
4397
3128
6361
6362
6888
5061
605
537
6890
6889
6778
7842
7844
7840
7843
7841
7839
6344
7838
7831
7834
7837
7833
7827
7826
7825
7829
7832
7830
7835
7836
7828
5036
3532
2239
3783
7455
3617
4162
5822
5806
3819
5742
5063
2807
6777
6116
3751
7353
7352
1655
7249
66
153
328
1242
2701
3875
4431
4740
4751
4760
4762
4759
4761
4752
4765
4734
4774
4722
4794
4712
5931
7245
123
249
533
1651
3054
3953
4387
4552
4585
4553
4610
4551
5828
7243
1216
2421
3843
5342
5647
5738
5755
5752
6448
7531
7532
7248
7247
7246
7242
1301
2699
3895
5351
5631
5727
5733
6421
7244
1300
2700
3894
5350
5632
5725
5731
6422
7241
1302
2698
3893
5349
5633
5726
5732
6423
7238
7234
524
1577
3012
5162
5705
5831
5878
5896
5898
5900
5899
5901
5897
5903
5902
5905
5883
6772
466
9567
4437
465
592
7530
7235
7236
600
1690
3393
5203
5707
5813
5842
5849
5852
5850
5854
5853
5857
5844
6704
549
7239
7237
7233
7240
6466
6449
3515
6244
6430
6431
6429
5646
6939
8158
6938
8159
8160
8161
8162
8157
8155
8163
8156
6940
922
923
8164
5056
9573
5258
8241
8240
4669
8254
4668
8245
200
593
1694
3886
5491
5876
6024
6049
6051
6055
6053
6056
6054
6061
6067
6066
6065
6063
6062
6057
6058
6059
6060
6064
6073
6068
6072
6071
6070
6069
6076
6074
6075
6052
6077
6050
6083
6078
6085
6041
6875
8246
4662
8237
4667
8249
4664
8251
422
1270
2716
5083
5704
5874
5967
5991
5994
5999
5998
5996
5997
5995
5993
6000
5992
6002
6001
6004
5978
6843
8253
526
1579
3024
5167
5719
5851
5918
5935
5939
5940
5938
5941
5937
5944
5942
5961
5928
6816
8238
4663
8239
4665
8242
4666
8243
6469
8252
8247
8248
8250
8244
5590
5589
5587
5586
4654
5588
5585
8379
6301
3807
2493
5165
6117
6227
6228
5371
5369
1718
5370
3853
6226
3479
2215
6355
6354
6352
6351
6353
6454
3803
9920
5123
7436
248
7438
6874
7437
3905
7139
190
7476
7474
5519
7475
4165
5706
7138
3375
6206
6167
6168
5277
6457
728
4768
1618
5064
6036
5269
6521
6035
6034
6033
6300
3808
7067
7066
7065
698
7064
7063
7069
7068
7061
7062
3804
1728
1518
5516
5515
5514
5513
5511
5512
4767
2280
1693
3753
76
53
884
268
883
885
886
3465
6455
3805
6389
6390
6391
1467
6459
3368
7232
5239
7231
7076
6424
5273
7230
7229
7228
6343
7227
7075
7226
6462
1298
3471
2166
1215
3485
5816
5815
5817
6415
1594
1359
829
1689
5818
3484
5814
6451
3525
6865
6866
8410
8409
8408
8404
8402
8400
8397
6864
8396
8406
8394
8395
8398
8399
8401
8403
8405
8407
8411
5265
7297
6867
4341
6122
7298
7299
7300
6207
6242
7447
7446
7444
7445
7301
7295
7296
8302
2162
1350
517
3038
447
9860
9861
594
216
405
1790
1560
4640
9862
1260
9863
385
289
2318
9865
1204
9866
9867
154
9869
5046
9870
9871
9872
9873
9875
7573
7575
7576
7577
7578
7579
7580
7581
7574
7448
5163
8374
8385
8375
8376
8377
6146
8378
8380
8381
8382
8383
8384
8390
8391
8373
8372
8387
8388
8389
8386
8019
8028
8021
8020
8023
8024
8027
8026
6149
8025
8022
7415
6148
7414
7413
7417
7412
7416
7682
7683
7684
7685
7686
6147
7687
8185
8186
8187
8188
8189
6428
8190
8191
8305
8306
8307
6979
8309
8308
8303
8304
6467
7517
1756
2781
414
5336
7948
9876
7484
3598
6204
7950
7949
584
1445
6225
7291
560
6472
6473
6474
6470
6475
5657
492
6476
6480
6477
7293
1714
5113
3452
3453
637
6478
6479
6483
6487
6486
6484
7276
3579
599
597
598
596
6485
6482
4336
6471
7274
7273
7284
7278
7281
7282
1524
7283
5169
7286
7349
6468
5170
7350
6115
6317
7275
7277
4229
2752
7279
7280
7294
2199
7287
7285
6481
7288
7289
6091
7290
7292
280
6145
9828
1720
1523
1795
236
6850
3638
2957
4398
5642
5644
4399
5640
7915
4579
528
7907
3755
5770
7920
4578
7919
4577
5091
2839
7918
4264
2359
1688
1765
1274
7914
3814
7913
4576
3080
1647
2484
5809
1390
6381
6434
7374
4309
2074
7375
4310
7370
4308
7912
3639
9830
1019
316
839
6290
3135
7910
4574
6166
3578
7909
4386
3523
9831
7368
229
7908
4570
7916
4263
7363
4307
5643
3378
2443
9833
7905
4561
1380
658
5106
5104
5105
444
2097
1407
1607
1087
7904
4566
7366
4304
5714
4544
7882
4571
7883
4573
7371
2770
1762
576
7884
4563
6736
1304
4554
2796
837
4167
545
250
7885
3140
5936
7582
2971
7485
3790
5154
5155
5153
6994
6995
6239
3757
5172
1738
7082
7600
5376
7602
6173
1774
1183
1582
5225
5335
2161
3580
1455
1798
6218
7601
119
2413
1261
7886
4568
224
2269
1676
2976
2187
7361
4306
7362
4305
7887
1454
3749
5451
3150
7881
2856
7364
7888
4567
7889
3413
7360
7365
1005
2082
1799
502
2080
7890
4261
6251
6252
7906
4575
7891
4564
2228
1458
1452
7893
4260
7372
2741
7367
2742
4980
2746
4001
6005
6488
6489
1245
748
7369
7894
1757
518
5523
7895
4572
1408
903
571
3438
2254
7896
4139
7898
1684
5145
7899
7373
2156
4262
7900
4562
2371
1624
3593
2417
847
2834
3503
2321
1658
5708
5915
7901
4565
2216
673
5768
2722
7902
4569
7903
468
331
1639
2180
1672
807
1581
1598
980
981
504
663
282
3383
1827
225
661
1752
3851
5241
5593
5645
5677
5679
5695
5691
5692
5693
5694
5685
5689
5682
5684
5690
5688
5687
5683
5681
5686
5680
5678
5697
5676
5698
5696
5700
5665
6368
7911
5641
3379
6235
4583
6735
2695
1788
7917
4582
7892
4580
5144
2164
3848
6169
109
1291
1842
2758
7897
4581
2814
3040
1775
1660
456
9478
1787
251
6432
1727
547
543
1277
1417
8659
1501
817
905
989
1066
1089
1104
1108
1113
1112
1114
1111
1107
1103
1088
1065
988
904
816
1502
9475
1542
848
949
1020
1126
1142
1147
1152
1168
1155
1156
1157
1167
1158
1166
1165
1164
1163
1162
1161
1160
1159
1151
1148
1143
1127
1021
950
849
1543
7250
921
1794
285
2354
582
162
1267
491
5796
5793
5792
5790
5789
5788
5795
5794
5791
2242
170
1819
588
1732
1292
2485
1656
2203
1233
1642
1229
2243
1588
3866
1695
5194
2804
6401
3476
1707
5196
2805
3847
2323
2721
1710
5197
3456
2140
5195
2806
5218
2794
5219
2793
5217
2792
6402
3047
1311
745
782
799
833
852
858
861
863
865
864
866
867
869
868
862
859
853
834
800
783
746
1312
7357
830
14
295
346
9397
899
406
789
416
4217
4215
5249
4213
4218
1803
4216
3816
2347
4214
5855
5856
541
4219
2435
603
177
1685
1785
675
531
3
1522
3591
635
3521
3450
731
2075
2076
2816
207
252
1187
787
1266
2363
471
1789
1561
4438
963
1791
1562
1804
2077
3835
2281
3760
666
2348
653
1641
283
206
2137
2759
433
3463
495
552
569
505
3514
1335
6246
2079
2402
1336
2083
2086
823
2093
2092
2091
2090
1721
2089
2088
2087
2094
2085
2084
2081
5235
5237
1572
6045
2709
2078
4890
1227
3155
1643
5717
2226
9385
6240
1231
8075
6027
6028
1637
687
5346
3041
5345
1760
591
758
3837
7216
7215
7212
7220
7214
7219
7218
7213
756
7217
5270
3878
5271
5272
1761
450
1628
2751
1792
581
9376
1793
595
5833
5836
5835
5834
2967
836
786
565
1569
530
263
184
81
1086
2963
665
1796
615
453
1208
337
9366
5045
9380
5767
2277
7515
2797
6126
7514
6127
6525
6125
7513
7512
5233
5617
3752
548
1207
580
5774
3432
5775
49
50
245
1072
2316
2784
2855
2906
2908
2910
2954
2953
2951
2950
2949
2952
2945
2947
2946
2948
2943
2942
2941
2944
2940
2937
2938
2939
2933
2934
2935
2936
2926
2932
2930
2931
2929
2925
2927
2928
2921
2923
2924
2922
2920
2917
2918
2919
2916
2915
2914
2913
2912
2911
2909
2907
2905
2854
2783
2317
1071
244
51
5776
5773
58
61
261
1194
2343
2786
2848
2859
2863
2865
2903
2904
2902
2901
2900
2899
2898
2897
2892
2896
2890
2895
2891
2894
2893
2889
2886
2888
2887
2885
2871
2884
2872
2883
2873
2875
2877
2878
2879
2880
2874
2876
2867
2881
2869
2882
2866
2870
2868
2864
2862
2858
2847
2785
2344
1195
260
62
65
68
276
1221
2377
2832
2970
2980
2987
2990
2992
2993
2994
2995
2996
2997
2998
2999
3000
3001
3002
3003
3004
2991
2988
2985
2984
2982
2977
2973
3590
3589
2972
2978
2983
3007
3010
3022
3093
3765
113
3764
3094
3023
3011
3008
3006
3005
2989
2986
2979
2969
2833
2378
1222
275
67
1140
1405
9415
221
197
496
1188
1611
1686
1712
1713
1709
1674
1497
726
254
230
590
1593
2819
3586
3778
3791
3782
3703
3098
2138
1609
1201
467
214
639
1661
3172
3873
4297
4361
4370
4372
4381
4380
4379
4376
4377
4378
4373
4374
4375
4371
4382
4368
4383
4367
4365
4360
5431
1202
784
443
1247
2253
3437
3784
3844
3854
3858
3860
3857
3855
3849
5176
7108
4192
1461
795
896
960
999
1006
1024
1026
1028
1029
1030
1031
1032
1033
1034
1035
1036
1037
1038
1039
1040
1041
1042
1043
1044
1045
1046
1047
1048
1049
1050
1051
1052
1053
1054
1055
1056
1057
1027
1025
1007
1000
961
897
796
1462
7109
4193
1379
776
822
891
909
928
931
933
945
944
943
942
941
940
939
938
937
936
935
934
932
930
927
908
890
821
775
1378
7111
1719
3063
6177
6179
6178
6180
6176
2835
1753
1692
895
2265
5829
5234
5236
1525
2773
394
2837
2702
1460
2838
5355
9411
536
9409
7327
9407
8445
2139
3999
1139
9403
9402
9401
9400
3862
5140
9365
7095
5141
6107
9406
5142
5143
115
7097
7094
9410
2776
43
78
228
790
2231
3037
3410
3490
3794
5193
116
5192
3795
3492
3424
3407
3406
3403
3396
3397
3402
3400
3401
3398
3399
3395
3394
3392
3391
3389
3387
3381
4343
5190
7096
5014
6964
5786
6963
6961
6043
5753
5754
6118
6044
5367
234
6962
5801
3136
579
413
4655
4158
3013
2765
1725
2767
809
5591
2764
1726
1729
2766
3014
1724
6512
2135
751
9263
9261
6394
1532
572
655
654
9255
9334
9338
1703
3166
1677
6092
5033
5987
5985
6093
5986
5034
5982
5983
5984
693
5522
544
9301
9302
7165
146
5654
3423
6883
2772
6088
6089
2397
2965
6087
6503
6501
6502
6086
767
176
1682
1363
6216
1683
5206
5205
5204
9303
149
3157
3160
3162
3156
3161
3159
3158
1259
259
1847
1848
1846
715
3952
391
392
5713
472
2762
3511
2174
5970
1771
6396
6349
3841
6877
5049
6879
6880
6881
6878
6882
802
812
395
101
7933
7934
7935
7936
7937
7938
7941
7932
7942
7940
7931
7930
4835
7939
7943
6303
3806
6373
1773
287
3799
5622
5212
5210
1137
888
5211
5209
804
5623
64
21
5608
91
88
270
700
1652
2181
2274
2282
2290
2291
2294
2295
2293
2296
2297
2298
2300
2299
2301
2302
2303
2304
2305
2306
2309
2308
2307
2292
2310
2289
2311
2286
2284
2278
3042
82
9328
3025
25
93
199
699
2133
3584
3959
4301
4303
4325
4324
4323
4322
4320
4321
4318
4319
4315
4314
4316
4317
4311
4312
4313
4302
4326
4300
4330
4298
4335
4296
5740
9317
5044
22
87
187
677
2124
3745
4274
4586
4588
4598
4605
4597
4596
4595
4594
4593
4599
4591
4590
4600
4604
4602
4601
4592
4603
4589
4587
4606
4584
4609
4559
4619
4556
5841
9320
5039
430
409
1564
2780
3801
4000
4166
4169
4173
4174
4180
4179
4177
4176
4178
4175
4181
4172
4183
4171
4182
4168
5186
7254
396
96
2693
889
2192
559
1271
3460
3459
2777
1444
5602
2692
169
3444
3443
3449
3442
1645
1269
1830
3447
3441
1567
3445
1665
1431
920
3448
1217
3446
2283
2694
5601
319
223
3771
3772
2496
3773
1768
1352
464
463
461
460
462
459
7253
578
330
3785
5736
5702
40
71
218
774
2266
3358
3522
3555
3557
3562
3559
3571
3561
3560
3563
3570
3564
3565
3576
3566
3575
3574
3572
3567
3573
3568
3569
3558
3556
3553
3552
3548
3545
3542
4798
4425
5972
5824
85
118
317
1243
2433
3371
3480
3493
3495
3497
3498
3499
3500
3501
3502
3496
3494
3491
3488
3487
3486
3481
4648
500
313
814
701
6100
6102
6103
6104
6096
6101
6099
6098
6097
813
702
1430
9324
2791
3457
4271
4270
1573
339
2544
2545
742
310
2222
1568
2221
947
540
2845
3146
3145
2210
3147
2211
2844
2212
3144
344
247
553
6757
6762
1815
4266
1745
6761
2760
3137
3470
4729
6769
996
6770
6873
5401
740
6764
4963
5490
6766
3898
5664
4226
5240
6768
6767
6868
6765
5366
2747
7387
5875
5379
6763
6759
7385
7384
7386
7388
5078
6869
6758
5079
6760
995
3475
519
9321
6195
6140
7377
6200
2201
1423
5651
5652
5650
5653
4608
6199
1299
2328
6193
6202
6194
6196
6197
2490
2861
5741
6201
6198
7359
213
9319
5042
9318
5043
9316
9315
258
1084
2196
2822
3045
3074
3083
3088
3084
3075
3046
2823
2195
1085
257
278
9313
5041
9311
5040
9305
323
1252
2244
2808
3017
3034
3033
3018
2809
2245
1251
324
347
764
343
111
662
1602
387
388
1288
532
4228
6236
3469
4227
1250
458
1663
32
63
201
730
2136
2831
3071
3102
3104
3112
3113
3107
3108
3110
3111
3118
3114
3119
3124
3122
3116
3106
3109
3115
3121
3123
3120
3117
3105
3103
3101
3097
3095
3089
3070
4155
6960
2830
9300
9299
3669
1759
2828
2829
887
2434
1605
607
691
686
685
692
606
1604
539
3513
6030
3512
4157
1733
7507
7501
7502
7503
7508
7504
7505
7506
4156
6029
525
5
1784
5230
5232
5231
1419
1783
5521
2787
7252
9289
6447
9271
6446
9270
2423
1597
6256
6255
7376
5670
7477
7719
6369
7480
9459
3388
4984
9434
5662
5238
2795
7479
5668
7478
5667
5669
6936
6935
3434
6932
6933
4884
5189
6934
6217
5757
6397
6399
6398
451
6711
6163
3780
6164
7460
8330
8331
8329
8326
8321
8327
8324
8323
8322
8320
8319
8318
8325
8334
8328
8335
8336
8333
8332
6269
7196
7199
6696
7927
7720
7197
5450
2404
4414
9496
9473
9389
9382
7393
7395
7396
7391
7394
7392
7389
7397
372
7390
6340
5216
7198
6341
6342
7928
7004
6379
7005
5392
1248
304
1069
2368
2369
2366
1687
785
1200
1592
2367
1294
5094
5093
3781
5826
3058
9404
9405
4327
300
3746
3747
6080
6079
6081
6082
3748
6222
6223
6221
299
410
297
2966
298
301
1829
103
2386
6794
6791
6789
6799
6790
6797
6793
6792
6798
6796
6795
1606
1570
3699
17
1764
2964
265
1578
2385
3891
2384
3686
3697
3696
3695
3694
3693
3690
3689
3692
3685
3683
3687
3688
3691
3684
3698
3700
3682
3677
3678
3679
3680
3676
3675
3681
3674
3673
3672
3671
129
3890
3888
2381
2380
9428
4421
1646
2261
9399
4420
2379
2382
2383
1268
320
2204
2725
2726
2727
2728
2723
2729
2730
1657
2731
2732
2733
2724
2739
2738
2737
2736
2735
23
2734
341
4678
4676
4675
3433
4679
4677
2205
506
3062
3060
3061
5339
321
5959
5960
5958
5951
5945
5946
5947
5948
5949
5950
5952
5115
5953
5954
5955
5956
4418
5957
5338
2206
3085
6042
750
5781
5780
5784
5783
5782
1668
3889
967
5202
676
9396
5038
3774
117
7251
1244
3051
3049
3050
6511
2857
1346
3169
3168
3743
3167
1584
488
2250
2251
2249
2248
161
108
1009
1008
2395
2391
6719
6722
6723
6718
6724
6725
6721
6720
2392
5454
1322
778
4615
403
7102
7103
3592
7101
7105
7106
7104
2107
1717
2394
1716
7567
7566
4393
7565
7564
6861
7560
4392
7559
4391
7558
3913
5275
6433
7556
6490
3508
3507
1769
5756
2818
2390
7555
7554
7553
7569
4390
7562
7570
7557
7561
4388
7563
4389
7473
2178
1667
2393
7568
9431
3911
7085
7038
5509
9432
9433
6114
5085
2360
9468
7255
5663
3099
4560
2494
1630
1203
9470
1349
619
628
618
5989
623
4944
620
6120
5990
621
622
624
626
617
616
625
627
3779
2275
6952
5441
5442
6955
5759
5443
6954
5444
6953
1337
281
2761
2825
2824
2405
1808
9472
2826
3360
2827
9474
1763
6508
446
2483
7701
7702
7703
7711
7705
7706
7707
7708
7709
7710
5503
7699
7712
7715
7717
7716
3861
7714
7713
7700
7704
2482
4411
1218
4881
2223
6040
6038
534
3623
6039
7110
6090
2252
806
145
9477
5037
5594
1852
1850
9480
9481
1849
1146
2165
1851
805
398
1702
106
333
1701
694
1421
744
516
5268
1422
1700
1699
1599
332
1698
2708
6210
130
5596
5055
5595
5455
4409
752
3419
4415
4416
6386
5248
9241
835
9247
9360
9426
9500
6374
2322
3770
9330
9358
9356
9355
801
4363
9354
9353
9352
9351
9350
9348
9347
9345
9344
9343
9342
9340
9337
9336
9335
9332
9296
9278
9258
9257
9256
9254
9253
9252
9251
9250
9249
9245
9237
9231
9232
9234
9239
9240
9242
9260
9262
9293
9292
9291
9288
9286
9285
9284
9283
9282
9281
9280
9294
9277
9276
9275
9274
9273
9272
9269
9268
9267
9266
9264
9329
9363
9491
9364
9463
9462
9461
9460
9457
9456
9455
9454
9453
9452
9451
9450
9464
9449
9447
9446
9445
9444
9443
9442
9441
9440
9439
9438
9437
9436
9435
9448
9465
9466
9467
9485
9486
9487
9488
9490
9492
9499
9493
9494
9495
9497
9498
9484
9483
9398
9373
9717
9502
9796
9795
9794
9793
9792
9791
9790
9789
9788
9787
9786
9785
9784
9783
9782
9781
9780
9779
9778
9776
9775
9774
9797
9799
9824
9800
9823
9822
9821
9820
9819
9818
9817
9816
9815
9814
9813
9812
9811
9810
9809
9808
9807
9806
9805
9804
9803
9802
9801
9773
9772
9744
9742
9740
9739
9738
9737
9736
9735
9734
9733
9732
9731
9730
9729
9728
9727
9726
9725
9724
9723
9722
9721
9720
9743
9745
9770
9746
9769
9768
9767
9766
9765
9764
9763
9762
9761
9760
9759
9758
9757
9756
9755
9754
9753
9752
9751
9750
9749
9748
9747
9771
9825
9826
9827
9904
9903
9902
9901
9899
9898
9897
9895
9894
9893
9892
9891
9889
9888
9886
9885
9884
9883
9882
9905
9906
9907
9908
9932
9931
9930
9929
9928
9927
9926
9925
9924
9923
9922
9933
9921
9919
9918
9916
9915
9912
9911
9910
9909
9879
9852
9850
9849
9848
9847
9846
9845
9844
9843
9842
9841
9840
9839
9838
9837
15
7672
6233
6232
1845
5173
6231
6230
5031
340
527
2817
2430
9835
9834
735
736
6887
6947
737
6411
6948
734
499
7099
6945
6950
6951
7751
7752
7754
7755
7756
6949
402
6942
6944
6943
7753
738
7100
6946
5156
2238
5076
3125
2398
1838
2062
1856
2057
1859
2039
1862
2020
2024
2022
2021
2023
2014
2010
2013
2017
2015
2018
2011
2009
2012
2016
2019
2003
2002
2001
2004
2008
2006
2007
2005
1989
2000
1998
1997
1994
1990
1988
1991
1992
1993
1995
1996
1999
2030
2040
2054
2069
2104
2116
2157
2160
2168
2190
2132
2155
2114
2103
2068
2053
2036
2029
1986
1987
1984
1983
1982
1981
1980
1979
1978
1975
1977
1985
1974
1973
1976
1972
1971
1968
1970
2045
2047
2070
2096
2118
2142
2412
110
2411
2141
2119
2095
2071
2046
2044
1969
1967
2031
2042
2059
2073
2106
2122
2175
2134
2176
2123
2105
2072
2058
2043
2041
2052
2067
2098
2112
2146
2127
2145
2113
1840
2401
2399
1837
2061
1855
2056
1858
2038
1861
1965
1963
1966
1964
1956
1962
1958
1961
1959
1957
1955
1960
1948
1952
1946
1949
1953
1947
1954
1951
1950
1944
1945
1940
1939
1938
1943
1941
1942
2027
2034
2051
2066
2101
2110
2150
2126
2149
2111
2102
2065
2050
2035
2028
1935
1932
1937
1933
1936
1934
1930
1931
1929
1921
1922
1923
1924
1925
1919
1927
1926
1928
1920
2026
2033
2049
2064
2099
2109
2147
2125
2148
2108
2100
2063
2048
2032
2025
1917
1918
1916
1915
1913
1911
1914
1910
1907
1912
1909
1908
1898
1897
1896
1899
1900
1901
1902
1903
1904
1905
1906
1895
1887
1889
1894
1888
1891
1892
1893
1890
1879
1877
1885
1884
1886
1878
1880
1875
1883
1882
1881
1876
1874
1867
1868
1870
1873
1872
1866
1869
1871
1865
1863
1864
1860
2037
1857
2055
1854
2060
1836
2400
9
10
8
7
5077
3796
3821
3178
3337
3188
3330
3192
3323
3195
3207
3198
3206
3205
3204
3203
3202
3209
3200
3208
3199
3218
3201
3212
3213
3214
3215
3216
3210
3217
3211
3221
3220
3224
3219
3233
3222
3232
3235
3231
3228
3229
3223
3226
3234
3230
3225
3227
3237
3241
3242
3243
3238
3245
3236
3262
3244
3260
3239
3263
3240
3247
3246
3248
3249
3258
3255
3251
3257
3253
3267
3261
3271
3264
3265
3266
3279
3280
3282
3196
3324
3193
3331
3189
3338
3179
3823
3826
3170
3825
3822
3181
3340
3191
3336
3342
3363
3414
3373
3415
3361
3343
3333
3327
3321
3318
3254
3250
3256
3277
3259
3274
3252
3272
3273
3275
3276
3270
3269
3289
3268
3292
3287
3286
3285
3284
3283
3291
3281
3293
3278
3294
3290
3295
3288
3296
3297
3298
3299
3300
3301
3307
3309
3308
3302
3306
3305
3311
3304
3312
3303
3313
3314
3315
3310
3316
3317
3319
3326
3329
3335
3346
3365
3421
3431
3430
3422
3366
3347
3341
3345
3364
3417
3372
3416
3362
3344
3334
3328
3322
3320
3197
3325
3194
3332
3190
3339
3180
3824
5656
5655
33
35
16
34
5364
4231
5810
5811
5812
240
5904
1303
5002
5003
5008
5010
5011
5004
5006
5012
5007
5005
5393
2331
3142
2330
189
5009
4874
6599
6620
6598
6588
6566
6564
6563
6589
6561
6560
6570
6571
6587
6574
6575
6580
6582
165
6583
6584
6585
6590
6586
6581
6579
6577
6576
6572
6559
6562
6565
6567
6568
6569
6573
6608
6609
6610
6611
6612
6613
6614
6607
6617
6618
6619
6621
6615
6604
6603
6596
6595
6593
6616
6591
6592
6594
6597
6600
6601
6602
6606
6605
6558
6578
5132
5139
5135
2419
5133
5131
5134
5129
5126
5128
6161
1802
6505
6506
6507
7050
7049
7051
7052
7048
1741
210
125
371
429
401
140
426
2851
1715
2850
435
1392
2852
338
1696
239
5130
6182
182
5138
5127
4369
120
2169
1534
7302
7317
7316
7315
7314
7313
7614
7186
6439
7184
7611
7182
7612
7181
6438
7603
7180
7605
7179
7607
7188
7183
7608
7609
7185
6437
7178
7613
7187
7610
7305
7304
7319
7320
7312
7318
7308
7311
7306
7307
7303
7309
7310
6747
7411
7410
6746
7409
6749
7408
7407
7406
7405
7404
6748
7402
7176
6186
7173
7403
7174
6743
6745
7177
6744
7175
6742
7172
7606
7604
3356
3355
3354
5112
2271
2782
3353
3357
3351
3348
3352
3350
3349
6278
3069
6298
6190
5191
6297
13
6277
901
926
6154
5107
6157
6160
6159
6158
6156
6153
6155
6150
6151
6152
917
8460
8459
8458
8457
8462
8456
8454
8461
8452
8451
8450
8449
8482
8485
8481
8480
8455
8453
8484
8483
8476
8471
8464
8472
8475
8465
8466
8467
8468
8469
8470
8463
8473
8474
8486
8477
8478
8479
238
1638
664
791
761
929
749
2163
237
747
3881
6826
5830
6413
5229
7467
7470
7469
7468
4632
6752
6734
6755
5524
6492
6726
6754
6753
6443
6372
8429
8428
4641
4642
780
6129
5724
8074
8441
8438
8439
8072
8440
8073
6444
8442
7164
8601
8599
8600
8427
9572
8371
7776
8064
6395
1831
1228
1806
2372
4489
4487
4488
4486
4484
4475
4440
4456
4452
4443
4460
4461
4482
4480
4478
4477
4476
4473
4471
4470
4469
4468
4467
4466
4464
4463
4462
4483
4459
4472
4474
2335
4481
4449
2336
4441
4444
4446
4448
4450
4453
4454
4455
4485
4458
4457
4451
4447
4445
4442
3408
3478
4490
11
3477
4189
708
705
5092
704
706
4299
3789
3788
707
709
4465
4479
6268
5592
5102
3420
1196
1256
1197
712
2224
3797
3359
155
1238
860
2975
2974
3547
3546
6739
946
1092
5198
4607
6967
6215
2373
5101
2374
5098
5099
2268
1286
6524
6523
4859
4860
4861
4858
2703
4862
4236
3836
3820
1722
6522
1723
2546
684
1477
683
205
5245
3865
5383
4295
6291
6292
4857
7262
6293
5267
6294
7261
3871
5266
2389
5624
4706
7324
7322
7321
7323
4185
6211
6703
7007
5603
3585
411
6400
5493
5494
6267
5820
7008
7171
3029
7170
5246
7169
7168
7167
7166
2426
2267
6465
6213
5737
5722
1822
1823
1730
1824
1825
1223
171
1826
1537
5136
5226
614
1596
9602
4537
4520
4500
4497
4496
4492
4494
4495
4499
4518
4538
4524
4522
4505
4541
4530
4521
4523
4535
4527
4498
4501
4502
4493
4491
4506
4507
4508
4509
4510
4514
2339
4516
4504
2340
4515
4513
4512
4511
4503
4517
4519
4539
4536
4534
4533
4532
4540
4531
4529
3411
2272
3811
4525
12
3810
6968
420
397
5779
5778
1418
2769
2420
4651
4650
286
208
558
1648
2815
3505
3622
3726
3729
3732
3734
3736
3735
3738
3737
3739
3733
3731
3728
3706
3621
3509
2754
1391
314
152
428
1241
2842
4163
4831
4985
5015
5018
5025
5024
5022
5023
5021
5019
5020
5017
5016
4986
4912
4426
3786
2365
1708
5137
2497
6130
5504
5505
487
322
759
1853
3039
3518
3596
3625
3628
3629
3627
3624
3595
3519
2955
1697
521
241
612
1635
3427
4331
4863
4979
4998
5000
4999
4983
4933
4620
3897
2812
2357
3163
3164
222
520
3165
1770
5363
5362
6296
5116
898
5120
5616
5117
5118
1623
3468
3467
5615
2981
4439
646
647
4868
645
644
3879
3612
3611
642
643
18
4528
4526
5977
3594
6695
6694
6693
6214
6699
6697
6698
3852
3048
5440
6275
3902
7497
6733
5396
5763
4799
5762
4800
4170
3464
95
469
515
1226
2315
2337
2358
1832
2285
2263
3079
186
2332
2422
3439
1777
2341
2264
2375
2241
2324
2345
2273
1627
1664
1669
1629
1650
2191
269
5448
7425
5710
6732
5394
5766
6731
5395
6254
5214
6253
5213
7498
788
7499
5734
1297
4680
1342
2159
1767
1571
2185
1184
2798
2327
729
2120
486
611
1575
1121
1526
1345
1566
1102
370
1371
587
632
641
716
765
1246
1833
390
5403
4268
5971
5125
3182
5402
7500
5672
4633
6123
3418
1348
6834
6208
2329
1595
4997
4996
4995
4994
4992
4991
4990
4989
4993
4988
5399
2325
3143
2326
193
4987
4872
6625
6641
6668
6629
6628
6642
6640
6639
6638
6637
6636
6635
6634
6644
6633
6632
6631
163
6630
6643
6622
6626
6623
6627
6624
6670
6671
6672
6673
6669
6675
6676
6677
6679
6678
6685
6680
6681
6645
6682
6683
6684
6674
6667
6646
6666
6647
6648
6649
6650
6651
6652
6653
6654
6655
6656
6657
6658
6659
6660
6661
6662
6663
6664
6665
5675
4634
5919
4839
1521
797
979
977
976
1731
1649
5103
3813
3021
2361
1420
1321
6174
5149
978
514
7741
7084
4187
5377
4276
5378
5177
3827
1199
342
4186
6856
5256
5257
5100
6712
3390
5840
6282
2179
6280
1003
5715
2439
8049
8052
8054
8053
8051
8050
8055
5081
5365
8046
8045
8047
8048
8041
8042
8043
5502
8044
3616
613
448
649
178
650
651
6141
5065
6279
5223
6284
5224
5604
3370
7263
6494
6495
6124
7264
5180
2789
4328
5181
5182
1828
5495
369
3440
5185
4424
5183
4329
773
4882
4234
3482
1835
1834
3483
4235
4883
6095
6094
3134
1742
1740
336
760
6238
2188
36
28
4
2498
2
24
175
695
1781
2414
2547
2555
2559
2675
2674
2673
2671
2672
2670
2668
2669
2667
2666
2665
2664
2663
2662
2661
2660
2659
2658
2657
2656
2655
2654
2652
2653
2651
2650
2649
2648
2647
2646
2645
2644
2643
2642
2641
2640
2639
2638
2637
2635
2636
2634
2632
2633
2630
2631
2628
2629
2558
2678
2553
2685
2550
2688
2543
3141
2542
2687
2549
2684
2552
2677
2557
2627
2625
2626
2623
2624
2622
2621
2620
2618
2619
2616
2617
2615
2614
2613
2612
2611
2610
2609
2608
2607
2606
2605
2604
2602
2603
2601
2600
2599
2598
2597
2595
2596
2593
2594
2591
2592
2590
2589
2588
2587
2680
2682
2691
2696
2712
2803
3369
2802
2711
2697
2690
2681
2679
2586
2585
2584
2583
2582
2581
2580
2578
2579
2577
2576
2575
2574
2573
2572
2571
2569
2570
2568
2567
2566
2565
2564
2562
2563
2561
2560
2556
2676
2551
2683
2548
2686
2541
3139
2500
2351
1640
455
92
6
1
20
112
538
1797
3581
3876
4012
4016
4128
4127
4125
4126
4124
4122
4123
4121
4120
4119
4118
4117
4116
4115
4114
4113
4112
4111
4110
4108
4109
4107
4106
4105
4104
4103
4102
4101
4100
4099
4098
4096
4097
4094
4095
4091
4093
4092
4090
4088
4089
4086
4087
4084
4085
4083
4082
4015
4131
4011
4138
4004
4142
3957
5255
5254
3958
4141
4003
4137
4010
4130
4014
4081
4080
4078
4079
4077
4075
4076
4074
4073
4071
4070
4072
4069
4067
4068
4065
4066
4064
4063
4062
4060
4061
4058
4059
4056
4055
4057
4053
4054
4052
4050
4051
4049
4047
4046
4045
4048
4044
4043
4133
4135
4145
4160
4211
4436
5397
114
5398
4435
4212
4159
4144
4134
4132
4041
4042
4040
4039
4036
4037
4038
4035
4034
4033
4032
4030
4031
4029
4028
4027
4026
4025
4024
4023
4022
4018
4020
4019
4021
4013
4129
4009
4136
4002
4140
3956
5253
5175
3705
2202
732
192
98
131
2499
86
232
828
2801
5111
5452
5527
5529
5531
5533
5534
5535
5536
5538
5537
5540
5539
5543
5541
5542
5544
5545
5546
5547
5548
5550
5549
5551
5552
5553
5554
5555
5558
5557
5559
5556
5561
5560
5562
5564
5563
5566
5565
5567
5568
5570
5569
5573
5572
5571
5574
5575
5576
5577
5578
5580
5581
5579
5582
5532
5530
5528
5526
5453
5166
2841
733
151
37
148
452
1711
3763
5147
5247
5280
5283
5284
5286
5285
5288
5287
5290
5289
5293
5294
5291
5292
5295
5296
5297
5298
5299
5301
5302
5300
5303
5304
5307
5306
5305
5308
5309
5310
5311
5314
5313
5312
5315
5316
5317
5318
5319
5322
5320
5321
5323
5324
5326
5325
5327
5328
5330
5329
5332
5331
5334
5333
5282
5281
5261
5208
4613
3184
1574
779
133
134
1805
135
136
44
46
5460
5461
5464
5467
5415
5420
5422
5423
5457
5459
5463
5479
5474
4672
6046
2719
5414
5721
5407
6692
5406
5405
4364
4395
4396
5426
1249
8654
5418
3903
3833
5478
5481
5482
5472
5421
5419
2491
5417
5477
5408
5470
5468
5466
5465
5462
8652
8656
8653
5410
6248
3055
5409
6691
4337
8655
8658
3577
3742
5424
5425
5483
5471
5456
3766
5411
5413
5416
5412
5458
5480
5476
4876
5473
5469
3767
5475
137
8657
138
1138
4188
2186
191
535
542
2143
284
840
1587
2144
5152
1093
2489
3817
5151
262
7117
6912
6886
6913
6941
6782
6884
6915
6914
3149
4982
4964
4981
2236
4637
2279
2288
2287
7137
2710
376
1748
1747
1807
6209
8775
8773
8772
8771
8770
8769
8768
8767
8753
8766
8765
8764
8763
8762
8761
8760
8759
8758
8754
8757
8756
8755
8774
8776
8784
8777
8794
8793
8792
8791
8790
8789
8788
8795
8786
8785
8787
8783
8782
8781
8780
8779
8778
3619
377
3604
3614
6847
378
3175
3177
3600
3176
3129
3601
3608
3174
6848
3607
3606
3605
3609
7136
3173
3602
3603
3610
379
5621
5619
5620
39
380
381
9641
5122
382
383
2849
1583
6858
212
172
2257
5124
3454
7874
7873
7868
7872
7870
7869
7876
7867
7877
7871
5798
2260
1673
7145
7160
7147
7148
7149
7150
7151
7155
7153
7154
7163
7156
7157
7158
7159
7161
7162
7146
7152
2256
2115
2255
70
166
4208
4195
4197
4207
4199
4210
4209
4198
4201
4200
4202
1734
4196
1736
1735
4206
4204
4203
4205
2258
421
1533
2259
7866
7865
7864
7863
7862
7880
7879
7878
7875
7861
5797
6283
6286
5074
6288
5222
2428
5626
3425
2262
5082
7259
6318
5735
3904
2182
6175
6405
6493
7355
1296
6287
3027
3409
6824
6822
3148
6823
5497
6825
5353
3910
6022
5671
4635
4434
2388
6857
2714
2362
2355
1500
3818
3152
2753
4269
5507
6319
6320
6497
5354
893
894
810
892
583
490
1351
577
6496
6263
6262
4802
3762
4143
1517
3633
3632
3635
523
3634
4659
4658
4657
1608
3637
3636
6281
674
5157
6804
6803
4017
6805
6802
5159
5158
5160
407
5161
6377
5250
6285
5221
4801
3761
5630
4405
5827
4878
6144
555
965
743
589
690
1801
6143
5114
6980
6981
6982
6983
6984
6985
6142
7419
418
7420
7421
7422
7423
52
47
2441
2442
243
902
1141
1679
1678
253
204
550
1633
2775
3436
3517
3529
3531
3534
3536
3537
3538
3540
3539
3541
3535
3533
3530
3528
3516
3451
2704
1360
305
150
425
1237
2836
4151
4771
4932
4966
4969
4970
4971
4972
4974
4973
4976
4975
4968
4967
4941
4871
4406
3777
2356
1691
6855
327
2320
1754
1755
293
294
727
1746
2713
3032
3092
3130
3132
3133
3131
3127
3091
3031
2540
1603
470
233
601
1622
3380
4191
4643
4721
4766
4770
4769
4730
4683
4403
3846
2768
2270
630
629
2846
489
3549
2220
2968
6314
6192
6738
3839
4384
3615
6316
2706
6315
6737
59
42
160
563
1615
2312
2429
2446
2448
2451
2481
2480
2479
2478
2476
2477
2475
2474
2472
2471
2470
2473
2469
2468
2466
2467
2465
2464
2463
2462
2461
2460
2459
2458
2456
2457
2454
2455
2453
2452
2450
2449
2447
2444
2416
2225
1230
312
75
31
139
432
1634
3078
3828
3892
3915
3917
3919
3923
3918
3922
3920
3921
3924
3925
3927
3926
3928
3931
3929
3935
3930
3933
3934
3932
3936
3940
3937
3938
3939
3941
3942
3943
3944
3945
3947
3946
3948
3916
3914
3880
3842
3367
2130
682
389
831
757
3587
5184
3588
6289
769
5073
3377
5072
3756
5071
2755
5744
5746
5747
3899
5745
1839
5068
5067
5066
5070
5069
574
1739
442
824
564
638
1193
1364
2229
6212
5119
5860
5877
1706
5758
4237
4194
1751
3076
3727
4239
2403
1459
798
3382
417
1580
948
1659
1220
2743
1818
1273
5673
4636
2376
832
4006
5771
440
441
3758
436
439
2492
2745
2744
438
437
7656
6023
7655
7654
9229
9228
9227
8131
9225
9171
9088
9087
9086
9085
9084
9083
9082
8122
9081
8110
9080
8111
9079
9078
9077
9076
9075
9074
9073
9072
9071
9070
9069
9068
9067
9066
9089
9012
9091
9116
9092
9115
9114
9113
9112
9111
9110
9109
9108
9107
9106
9105
8109
9104
9103
9102
9101
9100
9099
9098
9097
8112
9096
9095
9094
9093
9065
9064
8113
9063
9062
9034
9033
9032
8114
9031
9030
9029
9028
9027
9026
9025
9035
9024
8115
9022
9021
9020
9019
9018
8116
9017
9016
9015
9014
9013
9023
9036
8117
9037
9038
9061
9060
9059
9058
8118
9057
9056
9055
9054
9053
9052
9051
9050
8108
9049
9048
9047
9046
9045
9044
9043
9042
9041
9040
9039
9090
9117
9118
9119
9196
9195
9194
9193
9192
9191
9190
9189
9188
8119
9187
9186
9185
9184
9183
9182
9181
9180
9179
9178
9177
9176
9175
9174
9226
8120
9197
9199
9224
9200
9223
9222
9221
9220
9219
9218
9217
9216
9215
9214
9213
9212
9211
8121
9210
9209
9208
9207
8123
9206
8124
9205
9204
9203
9202
9201
9173
9198
9172
9144
9142
9141
9140
9139
9138
9137
9136
9135
9134
9133
8125
9132
9131
9130
9129
9128
9127
8126
9126
9125
9124
9123
9122
9121
9120
9143
9145
9170
8127
9146
9169
9168
8128
9167
9166
9165
9164
9163
9162
9161
9160
8129
9159
8130
9158
9157
9156
9155
9154
9153
9152
9151
9150
9149
9148
7947
7946
7945
9147
8076
7653
6820
6817
6819
6818
8145
8143
8998
8996
8995
8992
8980
8911
8904
8902
8899
8895
8943
8939
8938
8937
8934
8932
8930
8928
8924
8923
8920
8915
8914
8925
9011
9001
9009
8978
8948
8951
8952
8953
8960
8962
8964
8971
8972
8973
8944
8880
8975
8974
8970
8969
8968
8967
8966
8965
8963
8961
8959
8958
8957
8956
8955
8954
122
8950
8949
8947
8976
8979
9008
9007
9006
9005
9004
9003
9002
9000
8999
8997
8994
8993
8991
8990
8989
8988
8987
8986
8985
8984
8983
8982
8981
8946
8977
8945
8909
4422
8908
8907
8906
8905
8903
8901
8900
8898
8897
8896
8894
8893
8892
8891
8890
8889
8888
8887
8886
8885
8884
8883
8882
8881
8910
8912
8913
8942
8941
8940
8936
8935
8933
8931
8929
8927
8926
9010
8922
8921
8919
8918
8917
8916
8144
8142
8065
7078
7077
7652
7651
7079
7650
7432
7431
7430
7433
7649
7426
7427
7428
7429
6276
4681
6833
6831
6832
6378
6375
6376
5251
1772
1101
962
781
6827
5438
6358
4870
573
6828
6829
5432
777
992
1758
1214
2237
3776
5674
1614
5716
722
721
724
720
719
723
717
718
725
6237
1778
5627
5628
4545
2410
1613
1621
1620
562
1612
2409
4777
5583
1287
127
107
803
2350
3768
4161
4272
4277
4280
4282
4286
4284
4291
4287
4290
4285
4288
4289
4283
4292
4281
4293
4279
4278
4275
5215
279
288
185
209
188
964
2418
3800
4230
4332
4342
4346
4349
4356
4357
4353
4355
4350
4354
4351
4352
4348
4358
4347
4359
4345
4344
4340
5242
311
296
141
689
2197
3701
3996
4220
4238
4242
4244
4249
4246
4251
4252
4250
4254
4255
4248
4253
4256
4247
4257
4245
4258
4243
4259
4241
4240
4232
5199
227
246
315
1644
2959
3812
3909
3998
4005
4007
3997
5148
608
703
4273
5274
2436
5243
57
41
157
557
1617
2338
2445
2502
2504
2507
2537
2538
2536
2535
2533
2534
2530
2531
2525
2532
2526
2527
2528
2529
2524
2523
2521
2522
2520
2517
2519
2518
2516
2515
2514
2513
2511
2512
2510
2509
2508
2506
2505
2503
2501
2432
2240
1234
308
74
29
132
427
1626
3086
3838
3912
3961
3963
3964
3966
3976
3968
3977
3969
3974
3967
3973
3965
3972
3971
3970
3978
3975
3980
3979
3983
3984
3985
3986
3982
3988
3981
3990
3989
3995
3987
3994
3991
3992
3993
3962
3960
3908
3850
3376
2131
678
386
6220
5171
5244
6364
6365
9331
9346
9312
9298
546
2218
529
2219
2217
484
551
3831
485
6740
3832
4558
483
482
4233
9306
9307
9308
9309
9310
1205
363
364
366
353
367
359
358
356
354
352
368
351
355
357
360
361
362
365
349
350
