9929
9263
9225
9235
226
475
505
7334
5431
474
508
5957
5958
5959
5960
7331
473
504
7335
5767
7652
9303
6107
895
1676
1665
6685
472
503
489
488
1700
492
7329
493
8426
403
426
471
502
5832
7987
7333
7985
5833
5976
7986
470
507
5183
5182
7332
476
506
5604
7980
8417
8357
7330
9319
5104
3641
5105
9333
1795
3004
7776
8552
8543
8532
8536
8533
8535
999
498
1290
8549
8554
8544
8542
8540
8537
1250
561
1522
7773
8531
8521
8525
8524
750
1628
242
551
7772
8523
8527
8546
8547
8545
8550
8551
8556
8553
8541
6917
8528
8539
8538
8555
8530
6858
2391
563
1371
1372
5202
2162
3166
7775
8534
8529
8548
4839
6807
8062
2534
1627
6985
6983
6982
6986
6984
5384
5381
5385
5380
5383
5382
5386
5593
3052
7673
6165
3613
2184
5057
5116
4145
6166
997
6548
5363
5352
5351
6127
6126
5353
6769
5513
5620
6768
6770
7686
7687
7692
7691
7690
7688
7689
7684
7593
7594
6179
6178
7796
7797
7791
7787
7799
7801
7800
7802
7792
7794
7790
7789
7788
7795
7798
7614
7617
7616
7615
7612
7619
7613
6341
5379
7683
7685
7591
7592
7793
852
7618
7611
5738
6340
6342
6343
6549
1777
5434
3882
9617
9618
5141
3745
4868
5592
6547
6508
6261
562
2178
1732
8522
8526
8520
8519
8518
8517
282
635
6308
8063
4838
6806
1180
1838
1839
7774
6702
6701
8061
4837
6805
6260
517
9352
8804
8805
8803
8806
6782
9547
8559
7349
8560
8557
8561
1065
9546
9545
9544
9543
9542
102
7972
2339
5432
6290
9541
8197
7185
5222
7187
9539
8194
7186
5223
7184
8193
8188
7040
8725
8723
7039
8722
8720
8728
5917
8715
8716
8717
8721
7770
8727
8724
6816
8726
8714
8718
6697
8214
9537
8215
9536
8216
9535
8217
9534
8218
9540
8219
8675
5922
8800
8796
7038
8795
8799
5709
8797
8801
8791
7521
7975
7523
7522
5694
8792
8793
8794
8798
7107
748
8192
9840
7819
7643
7818
6736
7190
9854
8719
8024
8693
8677
8694
8678
8679
8680
8681
8682
8683
8684
8685
8686
8687
8688
8689
8690
8691
8692
5901
8676
8674
8196
7376
7378
7377
7374
7375
8191
7373
5338
8190
8199
7457
8828
7460
7459
7458
8827
8824
8826
8822
8818
8819
8821
8829
8820
8823
8817
8816
8815
8814
8813
8812
8811
7456
7444
8830
8825
8810
8202
9791
4737
5912
5890
5911
8579
3519
8580
8222
1258
851
849
850
1257
8581
1072
1073
8592
1071
8583
8591
8590
8588
8587
8586
1069
1070
1068
8585
8589
5938
3545
3546
8582
8584
9817
5755
6952
6300
6953
6954
3148
1090
8203
1091
1092
1093
8632
8631
8630
8629
8633
1094
1095
8634
8645
8636
1089
8635
8637
8646
8639
8640
8641
2432
2433
414
8643
5964
8644
5973
3578
3577
8642
8638
6299
5734
6926
6252
6924
6925
3121
1053
8213
1054
8500
1055
1059
1056
8496
8497
8503
8499
1057
1058
8501
8502
8498
7504
5838
8504
8516
8505
8506
8507
8509
8510
8511
2419
2420
410
8512
8513
5915
3521
3520
8514
8515
9903
8204
9909
9902
9900
9899
9898
9897
9896
9895
9901
9910
9911
9912
9927
7786
8365
8358
8359
9925
9924
8360
8361
8362
8363
8364
5743
9923
9922
9921
9920
9919
9918
9917
9916
9915
9894
8409
9893
8413
9892
5827
9874
8408
9872
5834
9871
8411
9869
8410
8508
8407
9868
9867
8080
8074
8073
8072
1339
5723
6421
6700
6114
5257
7445
5367
7446
7448
7447
6422
5145
3854
5601
5512
6254
6704
6255
6705
3604
7336
3859
7733
7735
2855
7758
7753
7755
7763
7767
7765
7762
7760
7769
7761
7757
580
6253
581
2710
7756
7759
2195
7754
7768
7764
7766
8207
3072
6802
6804
6803
7610
7950
7948
7949
5624
8220
8656
8657
8658
8659
8660
8661
8662
8663
8664
8673
8665
8666
8667
6783
8668
8669
8670
8671
8672
9862
9861
7337
7734
7732
7731
7396
9860
8212
9859
8210
8174
3749
8172
7429
8173
8208
9890
429
8312
8308
8309
8310
8311
9889
9888
8205
6832
6831
9877
8201
7395
8206
9784
6951
9691
9690
9689
9687
9693
9686
8221
9684
7393
9683
2953
4906
7326
5103
7325
7327
7328
9680
8198
9679
8195
8189
8051
5706
8056
7434
7693
5724
8058
8052
8053
7001
8057
7435
8055
8211
7267
5520
6515
7461
5594
7784
7783
7782
6932
6224
7781
5595
7780
8200
8054
7482
7485
7483
7484
6375
6552
7486
7125
5495
7034
6551
9711
6128
6032
3830
7973
9704
7642
5493
3506
9702
1571
9701
9700
5927
9699
9698
9697
9678
9694
9677
6839
7808
7745
815
9658
3010
5494
8353
556
6529
6525
6533
6526
6527
5444
6534
6523
6537
8351
6539
626
6532
6528
6524
6521
6540
6538
8337
6536
6522
6535
4357
6531
8335
8332
8339
8345
8352
8346
5607
8350
5254
8349
7505
6840
5255
7506
6242
7020
8336
8343
9656
8342
8341
8340
6186
8338
8344
6530
8334
8333
6383
8348
8347
5334
9764
5430
5608
7970
2702
7102
6922
8129
8128
8131
8851
6362
8850
8566
8849
8848
8839
8865
8573
8624
9772
7449
7742
8863
8836
5780
8746
9730
7853
6825
8611
8609
6904
8608
8606
8843
7743
6361
7481
5395
7924
7939
8855
7675
9274
8838
6923
5484
9256
8597
3463
8859
8860
8567
8618
8127
6382
8841
6123
8272
6240
5983
9339
8837
8619
126
8853
8852
8620
7189
9296
803
8840
8306
6981
8621
9298
6236
7188
8871
8569
8305
7813
7804
8141
7438
8064
8599
9282
8833
7946
9342
7511
9293
8603
8604
8835
7971
7114
8607
9302
8844
7567
8610
8845
8846
8253
8612
8614
6414
6905
6857
8177
6906
8847
8572
8831
8832
6245
6810
8834
8571
8615
8418
8623
8420
8617
8419
6495
8626
5274
8570
8627
8861
7032
749
7476
8862
6219
8568
8628
8625
9304
8873
9305
8872
7036
7220
8866
8622
8176
8564
8867
6431
8574
8175
9314
5818
6809
8066
8563
7717
7852
8868
7855
8562
7320
8415
8869
8870
3091
629
6042
6358
9309
8857
8130
9310
8307
7351
7968
8864
8856
6961
7524
8854
6771
6911
8565
4416
9299
7966
3450
7075
7413
643
674
1611
1666
8654
1499
814
902
986
1063
1086
1100
1105
1110
1111
1112
1113
1104
1101
1085
1062
985
901
813
1498
9297
1539
845
946
1017
1123
1139
1144
1148
1164
1166
1165
1167
1168
1169
1170
1171
1172
1173
1174
1175
1176
1177
1149
1145
1140
1124
1018
947
846
1540
8132
6682
7963
4380
6841
5600
4613
6352
5814
7713
3096
6440
6180
6388
9294
6973
9292
6681
8082
6355
9291
6703
9290
6746
9289
7984
9288
7466
7346
7807
7981
9287
7419
9286
6766
9285
7982
7035
9284
7983
9283
9306
9315
9316
7467
8025
1515
821
913
992
1075
1114
1118
1119
1125
1126
1127
1128
1129
1130
1131
1120
1117
1115
1076
993
914
822
1514
6509
496
3793
6514
6541
6830
9317
7124
7516
7517
6550
7518
7514
9336
7513
7353
9337
7519
7068
7069
675
7515
9338
6387
6683
4397
7961
6256
6801
333
6176
7437
3879
6244
6238
4405
6900
6897
6865
2766
1670
4144
5759
5429
5718
2769
7960
9340
7078
5258
7967
9341
6198
6896
7744
8414
6512
4220
5868
4399
5399
2308
2435
6960
5971
2700
6407
3484
2785
2365
3025
6409
5881
7921
6903
6002
5880
6894
6902
5022
6892
6890
6889
6886
5428
6893
6895
6899
6901
6898
6888
6887
7111
7110
6131
7952
5629
6891
6987
5696
9343
7730
7324
7729
9350
8425
7219
8421
8142
8143
9344
7728
8179
9345
8178
7654
7113
7004
7989
8228
8227
8223
8225
8224
8226
8229
8231
911
8230
7992
5816
7990
7991
7655
5909
7218
7962
5496
7959
9346
1444
3754
1771
2951
1699
655
3149
7566
9347
9348
7969
5820
6183
1206
6294
9349
9335
7810
7814
7815
7816
7817
806
1207
5343
7722
7721
7723
7724
7725
7727
7726
6116
5505
565
443
1074
2202
3011
3423
3468
3469
3467
3421
2838
1774
631
324
767
1775
3549
4328
4697
4780
4771
4553
3950
3054
2745
6779
9334
3134
4185
5698
6778
9324
8575
9318
8576
9320
8577
9321
6921
6808
9322
5875
5874
5725
7108
7109
5606
7081
3736
6493
599
6494
9323
9332
3146
9326
8412
9327
8558
5782
9328
7394
7669
7672
9329
9330
7740
7668
7955
7738
7671
7737
7739
7741
7956
7957
7670
8874
45
83
231
820
2341
3424
3615
3699
3705
3721
3715
3714
3716
3717
3718
3719
3720
3713
3712
3707
3708
3710
3706
3711
3709
3704
3702
3697
3665
3642
3637
3634
5021
5639
7958
9331
7976
7977
7978
7954
6367
6366
6751
7953
9241
7979
9238
9237
9233
8209
7136
9242
9227
9244
9264
9265
9267
6103
9268
7135
9269
9270
5339
7436
9261
9252
6160
8598
9246
6919
6106
9247
9280
6916
9249
6105
9250
9251
9253
4361
7478
3869
9258
9245
9232
9259
9257
8416
7053
7489
7487
3369
4179
7488
7067
7065
7066
7490
5609
628
5048
5046
5049
5047
3051
5045
7752
7054
6102
9255
9254
9260
9248
9262
9278
8081
5715
8076
8077
8078
8079
8075
9277
7076
7974
5843
8483
8490
8482
8488
8487
8486
8485
8484
8489
8495
8491
8492
7947
8493
8494
9276
9275
6157
3735
6430
7052
7051
5196
5027
7050
7049
4836
1657
1675
7785
26
94
198
705
2172
3788
4425
4884
4905
4911
4923
4915
4914
4910
4924
4922
4916
4921
4919
4918
4920
4917
4912
4908
4913
4909
4904
4926
4883
4935
4880
4973
4874
6021
3023
9273
9272
30
100
217
736
2225
3809
4550
4938
4941
4955
4954
4956
4953
4952
4951
4949
4950
4947
4948
4944
4946
4945
4943
4942
4940
4958
4937
4972
4929
4996
4925
6027
9266
9279
9243
9236
418
1274
2715
5085
5704
5877
5975
6003
6006
6008
6009
6007
6010
6011
6005
6012
6004
6014
6013
6016
6001
6844
9229
3501
948
6411
9231
6182
1620
5023
5479
5480
5024
5481
6413
654
5864
5863
5862
5866
7805
5271
6846
5860
5859
3840
5858
7674
5861
5025
5865
5879
5857
9226
6412
2784
7917
8356
8354
9228
8355
5795
9230
9351
7048
9313
8388
7217
709
8387
7216
708
6504
9239
6710
9271
6709
9234
6708
9240
9640
6912
6913
9353
5906
7339
7338
6129
3734
6307
6306
9733
9734
7342
7341
7343
9735
7340
9736
8616
7251
9737
9738
7547
8842
9740
6043
8601
9747
9741
7253
9742
8593
1205
9743
1204
9744
9745
9746
9732
9739
6100
9731
9721
9715
9716
7252
4329
8034
6780
7920
8028
989
1005
8033
988
1006
8035
8031
8029
8026
8032
6781
8027
8030
8605
9717
9718
9719
9720
9722
9729
9723
256
1077
2189
2816
3039
3068
3076
3082
3077
3067
3038
2815
2188
1078
255
292
9724
9725
9726
9727
9728
338
1247
2242
2804
3013
3028
3029
3012
2803
2241
1246
339
362
5070
7916
6130
8250
920
919
1581
8252
6511
8251
1580
7520
38
69
211
761
2271
3407
3608
3639
3644
3663
3661
3662
3657
3660
3658
3655
3659
3652
3656
3654
3645
3653
3651
3650
3647
3649
3646
3648
3643
3640
3638
3636
3626
3625
3621
5008
9749
7854
9766
9750
9769
9770
3538
3539
1268
9771
1739
692
766
757
758
765
691
1738
676
5043
6380
5042
5090
2359
5091
6379
3764
1445
7964
7452
7453
7454
5491
7965
7477
6745
9773
6914
6915
7031
7491
8147
8136
8275
7196
8134
9774
9776
8133
8146
8135
8145
8144
6214
7255
6972
6970
6971
6871
8274
9783
8149
8161
449
8163
8160
8162
7719
7055
7718
8148
9777
9778
2153
6545
6543
6544
5804
3515
2848
5503
6546
7840
6854
6855
6259
6351
9779
9780
662
5356
5355
5354
663
810
665
5169
666
664
6510
5745
5884
7842
7843
7846
7847
7845
7850
7851
7849
7841
7844
7848
3787
2794
2795
5368
5370
833
5369
5883
5656
5882
370
5655
5654
5886
5885
6399
5163
4289
6398
5888
5889
5887
3858
6997
6996
6995
6994
6993
6992
6991
3892
7951
6998
5159
5653
2116
8065
5336
9781
9782
419
9768
1270
3182
3181
3180
9775
8858
7918
9767
9757
9751
4677
5487
6724
6725
6723
6722
2179
3949
5482
5483
7661
7660
8170
8164
8169
8165
8171
8167
8168
8166
7665
7653
5905
7676
6835
7662
7663
7666
8741
8729
8730
8731
6499
8732
8733
8734
5756
7720
8735
8273
5876
6200
9752
8736
8747
8745
8738
8739
8740
8737
8742
8743
7988
7093
5377
7664
8744
9753
9754
9755
9756
6104
9758
6101
9765
9759
9760
9761
6918
9762
5440
9763
5247
870
880
873
877
871
869
879
878
881
876
875
874
872
8602
9714
7657
7638
7641
7658
6684
7639
7659
7640
7656
3872
1586
5764
5799
5798
4626
9748
5797
5903
5800
9713
4418
9676
6920
9661
8711
8704
8702
8701
8700
8712
8698
8697
8695
8703
5916
8699
8705
8706
8707
8708
4736
8709
8713
8710
8696
9662
9663
9664
7806
9665
8578
9666
8187
9668
8613
9675
7809
9669
9670
9671
9672
9673
9674
9660
3060
181
407
3059
1596
2402
2401
1560
5904
2403
3061
3062
2744
651
3063
9667
9659
647
7812
7811
7919
9649
5602
7139
7138
7137
9643
9644
5342
9645
9646
9647
9648
8600
7430
6513
9650
9657
1203
9651
9652
19
3835
8809
8808
8807
8802
6134
8441
8438
3770
9653
8439
7544
7545
7546
8440
8442
5902
6026
2743
4864
9654
9655
1811
1812
5215
0
1783
183
3453
763
4334
2348
5052
5053
7197
7198
5081
4395
5083
7201
7200
7199
4333
2347
5055
5054
7202
7203
5082
4396
5084
7205
7206
7204
5921
963
8431
6868
1007
1008
8427
7005
5425
6867
8430
7006
4148
7007
6377
6378
7008
570
452
1208
5867
5092
2382
7009
4147
5442
196
7010
4149
7779
5515
4003
3085
2426
7778
7011
7777
6420
1648
667
7016
7013
2114
1458
7014
7015
1013
8429
5441
4642
4641
1012
6345
1010
1009
1011
8428
8432
5630
3380
8294
8293
321
322
8292
8282
8295
652
1631
8288
980
977
8291
6542
978
979
8290
8289
8296
8286
8283
8284
8287
8278
8279
605
604
549
982
981
8280
8281
1252
1253
683
8277
8285
8276
5633
2684
7529
7537
7531
7532
7535
7536
7542
7528
5273
7541
7534
7530
7533
7539
7540
7543
1342
7538
6184
5631
3381
7584
7578
7580
7581
7582
7579
7583
6486
7585
7586
7590
7589
7588
84
7587
6455
3592
7121
7120
7118
7119
7116
7117
5195
7122
7115
7123
6449
3797
7085
7087
7084
7088
7083
7082
7086
5963
1181
4779
964
202
1815
1327
1338
1336
1333
1284
1816
1318
1334
1335
1326
1319
1285
965
8268
8269
7024
7023
5613
6988
8270
7022
4217
7026
440
1184
5794
5075
2314
7030
4219
5424
203
7029
4218
4216
156
3867
961
1273
1380
1446
1452
1460
1461
1466
1465
1464
1467
1459
1462
1451
1448
1401
2193
5422
966
970
6836
6837
281
344
7028
7027
7025
969
5423
4407
4408
968
5335
1595
1558
1605
967
8271
6167
5632
3382
5174
2344
6266
6267
6268
6265
5173
2309
6404
6401
6405
6402
6403
1649
1271
7012
1837
5856
597
6329
6330
6331
6332
6333
6328
6325
6324
6321
6334
6327
6323
6322
6319
6317
6326
6316
4159
6318
6320
6454
6965
6966
6969
6968
6967
6453
6964
5079
6456
2808
7127
8010
7128
7129
7130
5605
8009
4620
8007
4621
8012
105
220
469
1585
2956
3947
4403
4625
4634
4623
4640
4619
4648
4617
5854
8006
90
180
395
1365
2774
3902
4424
4682
4688
4691
4689
4693
4680
4703
4675
4740
4666
5908
8005
56
144
307
1186
2483
3864
4544
4792
4803
4820
4821
4819
4818
4817
4816
4802
4825
4786
4833
4783
4862
4778
5970
8004
77
164
360
1288
2735
3880
4422
4706
4698
4734
4696
4775
4684
5919
5924
4656
4828
4655
5925
8002
27
99
215
734
2222
3804
4541
4882
4887
4901
4902
4891
4900
4898
4899
4897
4896
4895
4894
4890
4892
4889
4893
4888
4886
4903
4881
4930
4875
4960
4872
6020
8003
80
167
369
1309
2752
3896
4428
4705
4712
4721
4720
4713
4723
4701
4733
4695
4774
4685
5920
8011
55
143
306
1187
2482
3863
4543
4791
4801
4815
4814
4813
4811
4812
4810
4800
4824
4785
4832
4782
4861
4777
5969
7993
60
147
317
1214
2549
3865
4389
4609
4261
3824
2835
3825
4262
4612
4644
4728
4770
4741
4829
4738
5961
7994
48
122
286
996
2410
3851
4545
4840
4842
4849
4850
4848
4847
4846
4845
4844
4843
4841
4851
4835
4859
4827
4871
4822
5998
8000
89
179
394
1364
2773
3901
4423
4681
4686
4690
4687
4692
4679
4702
4674
4739
4665
5907
7996
54
142
305
1185
2481
3862
4542
4790
4798
4804
4805
4806
4807
4808
4809
4799
4823
4784
4831
4781
4860
4776
5968
7997
72
159
349
1260
2713
3878
4538
4731
4744
4752
4753
4751
4745
4759
4727
4768
4715
4788
4709
5929
7998
79
166
368
1308
2751
3895
4427
4704
4711
4719
4718
4710
4722
4700
4732
4694
4773
4683
5918
7999
73
158
350
1259
2712
3877
4537
4730
4743
4750
4749
4748
4742
4758
4726
4767
4714
4787
4708
5928
8001
104
219
468
1584
2957
3946
4402
4624
4633
4622
4639
4618
4647
4616
5853
7716
7126
7021
8008
8013
7995
6459
7803
5772
5347
6132
6354
6133
8265
3430
8267
279
6446
1231
789
788
787
1230
8266
952
953
8263
949
8262
8260
8259
8255
8261
8258
954
951
950
8257
8256
5802
3456
3457
8264
8254
4651
9705
1661
5746
6436
6269
6437
6435
2758
6229
6711
6712
6452
840
841
839
7636
7634
7631
7633
7637
6696
837
836
7627
7626
6695
7628
838
7623
7635
7624
7621
7622
7629
2230
2229
379
7620
5501
7630
5579
3048
3047
7632
7625
4412
7037
3021
6015
6849
6505
6848
6847
2955
6415
6834
6833
6458
907
8097
909
910
908
8100
8102
8099
8098
4608
6796
906
905
8096
8101
6795
8094
7195
5714
8095
8093
8092
8091
8090
8089
8088
8087
2329
2328
388
8086
8083
5744
3400
3399
8085
8084
4607
9706
3178
118
2209
1509
1508
1505
1504
1507
1503
1511
1494
1501
1478
1442
1476
1441
2208
1475
1477
1500
1493
1510
1502
1506
174
2168
1438
1422
1430
1411
1406
1369
2167
1370
1407
1410
1429
1421
1437
1433
1434
128
2204
1487
1488
1486
1485
1483
1490
1480
1481
1473
1468
1424
1423
2203
1469
1474
1482
1479
1491
1484
1489
195
2148
1395
1384
1378
1350
2149
1351
1379
1383
1394
1390
1398
1399
1391
287
1805
1804
1279
1301
1310
1320
1321
1311
1300
1280
235
2123
1352
1329
2124
1328
1353
1357
1362
1361
1360
1363
1356
173
2165
1436
1420
1428
1409
1405
1367
2166
1368
1404
1408
1427
1419
1435
1432
1431
97
2228
1544
1549
1542
1545
1541
1546
1547
1551
1543
1548
1471
1550
1534
1554
1531
1536
1526
1524
1470
2227
1523
1525
1535
1530
1553
1533
1552
288
1807
1806
1276
1302
1312
1322
1323
1313
1303
1278
399
1744
1219
1235
1227
1234
1220
1745
289
1809
1808
1275
1305
1315
1324
1325
1314
1304
1277
7041
194
2146
1393
1382
1377
1348
2147
1349
1376
1381
1392
1388
1396
1397
1389
6079
7261
7264
7260
3499
7042
5760
5644
5643
5376
7266
7265
7263
7262
1614
1193
9707
9708
9709
9710
9696
9703
9695
6298
3739
7019
4141
6880
7018
4142
6302
5375
2490
6301
7017
4143
6303
5259
2422
6305
7321
1443
6304
7322
3944
5842
5840
5841
1761
706
4611
4932
4933
4934
4931
318
6772
6773
6774
3782
5030
7450
5661
4392
3124
6357
6356
6885
5056
600
532
6884
6883
6775
7825
7834
7827
7826
7836
7829
6339
7833
7824
7823
7822
7821
7828
7835
7839
7837
7838
7820
7830
7831
7832
5031
3536
2234
3778
7451
3612
4157
5817
5801
3814
5737
5058
2802
6776
6111
3746
7347
7348
1650
7239
66
153
343
1237
2696
3870
4426
4735
4746
4754
4755
4756
4757
4747
4760
4729
4769
4717
4789
4707
5926
7234
117
249
528
1646
3049
3948
4382
4547
4580
4548
4605
4546
5823
7228
1211
2416
3838
5337
5642
5733
5751
5747
6443
7526
7525
7243
7236
7235
7237
1295
2695
3889
5345
5626
5722
5728
6416
7231
1296
2694
3888
5346
5627
5720
5727
6417
7229
1297
2693
3890
5344
5628
5721
5726
6418
7232
7233
519
1572
3007
5157
5700
5826
5873
5891
5893
5895
5894
5896
5892
5898
5897
5900
5878
6767
461
9685
4430
460
587
7527
7238
7244
595
1685
3388
5198
5702
5808
5837
5844
5847
5845
5849
5848
5852
5839
6699
544
7230
7242
7241
7240
6461
6444
3510
6239
6425
6424
6426
5641
6934
8157
6933
8158
8155
8152
8151
8150
8156
8159
8154
6935
917
918
8153
5051
9681
5253
8233
8246
4664
8232
4663
8241
200
588
1689
3881
5486
5871
6019
6044
6046
6048
6049
6050
6052
6054
6051
6053
6055
6057
6056
6058
6059
6061
6060
6062
6064
6063
6066
6065
6067
6068
6069
6070
6071
6047
6072
6045
6078
6073
6080
6036
6870
8236
4659
8235
4657
8249
4658
8237
417
1265
2711
5078
5699
5869
5962
5986
5989
5990
5991
5992
5993
5994
5988
5995
5987
5997
5996
5999
5974
6838
8243
521
1574
3019
5162
5713
5846
5913
5930
5934
5935
5933
5936
5932
5939
5937
5956
5923
6811
8242
4662
8240
4661
8248
4660
8239
6464
8234
8247
8245
8244
8238
5582
5583
5584
5585
4649
5580
5586
8369
6296
3801
2488
5160
6112
6221
6222
5365
5366
1713
5364
3848
6223
3474
2210
6350
6346
6349
6348
6347
6457
3798
9682
5118
7431
248
7433
6869
7432
3900
7134
190
7469
7470
5514
7471
4160
5701
7133
3370
6201
6163
6162
5272
6450
723
4762
1613
5059
6029
5264
6516
6028
6031
6030
6297
3802
7064
7061
7062
693
7056
7057
7063
7058
7059
7060
3799
1723
1513
5508
5509
5507
5511
5506
5510
4761
2275
1688
3748
76
53
868
283
865
866
867
3460
6448
3800
6384
6386
6385
1463
6451
3363
7226
5234
7223
7071
6419
5268
7227
7221
7224
6338
7225
7070
7222
6447
1293
3466
2160
1210
3480
5809
5810
5812
6410
1589
1354
824
1684
5811
3479
5813
6445
3522
6860
6862
8405
8403
8406
8404
8396
8400
8389
6861
8398
8397
8399
8402
8390
8391
8393
8392
8401
8395
8394
5260
7290
6859
4336
6117
7291
7292
7293
6202
6237
7441
7440
7439
7442
7296
7294
7295
8297
2157
1345
512
3033
442
9692
9712
589
216
400
1785
1557
4635
9785
1255
9786
380
304
2313
9878
1202
9879
9880
154
9881
5037
9882
9884
9891
9885
9886
7571
7574
7568
7576
7575
7573
7572
7570
7569
7443
5158
8368
8371
8374
8367
8370
6151
8385
8384
8383
8382
8381
8380
8379
8378
8377
8386
8375
8376
8373
8372
8014
8015
8016
8017
8018
8019
8020
8021
6154
8022
8023
7409
6153
7408
7407
7411
7410
7412
7678
7679
7680
7681
7682
6155
7677
8185
8186
8184
8183
8182
6423
8181
8180
8298
8302
8301
6974
8300
8299
8304
8303
6463
7512
1751
2776
409
5331
7943
9887
7479
3605
6199
7945
7944
579
1440
6220
7282
555
6479
6465
6477
6468
6482
5652
487
6466
6478
6480
7285
1709
5108
3447
3448
632
6476
6475
6474
6481
6473
6472
7286
3574
591
592
594
593
6471
6469
4331
6467
7288
7281
7284
7279
7280
7289
1519
7276
5164
7275
7345
6462
5165
7344
6110
6312
7272
7271
4225
2747
7270
7269
7283
2194
7268
7278
6470
7287
7274
6086
7277
7273
295
6152
9876
1715
1518
1790
240
6845
3633
2952
4394
5636
5637
4393
5635
7895
4578
523
7907
3750
5765
7897
4577
7898
4576
5086
2834
7899
4259
2354
1683
1760
1269
7900
3810
7901
4575
3075
1642
2478
5803
1385
6376
6429
7369
4305
2075
7367
4304
7366
4303
7902
3635
9883
1014
331
834
6285
3130
7903
4574
6161
3573
7904
4381
3518
9875
7359
229
7905
4573
7906
4258
7368
4302
5638
3374
2438
9865
7909
4572
1375
653
5101
5100
5099
439
2092
1402
1602
1082
7911
4571
7370
4301
5707
4539
7913
4570
7914
4568
7358
2764
1757
571
7915
4567
6731
1299
4549
2791
832
4162
540
250
7912
3135
5931
7577
2966
7480
3785
5148
5149
5150
6989
6990
6234
3752
5167
1733
7077
7595
5371
7596
6168
1769
1178
1577
5220
5330
2156
3575
1450
1793
6213
7597
125
2408
1256
7910
4569
224
2264
1671
2971
2182
7362
4299
7355
4300
7893
1449
3744
5446
3145
7908
2851
7360
7894
4566
7896
3408
7365
7357
1000
2077
1794
497
2076
7892
4257
6246
6247
7890
4565
7876
4564
2223
1453
1447
7878
4256
7364
2736
7361
2737
4975
2741
3996
6000
6484
6483
1241
743
7354
7879
1752
513
5518
7880
4563
1403
898
566
3433
2249
7881
4134
7877
1679
5140
7882
7356
2151
4255
7891
4562
2366
1619
3588
2412
842
2830
3498
2316
1653
5703
5910
7884
4561
2211
668
5763
2717
7885
4560
7886
463
346
1634
2174
1667
802
1576
1593
975
976
499
658
297
3378
1822
225
656
1747
3846
5236
5588
5640
5672
5674
5689
5688
5687
5690
5686
5685
5684
5683
5682
5675
5680
5681
5676
5677
5678
5679
5673
5692
5671
5693
5691
5695
5660
6363
7887
5634
3373
6230
4559
6730
2690
1787
7888
4558
7889
4557
5139
2159
3843
6164
111
1286
1836
2753
7883
4556
2809
3035
1770
1655
451
9863
1780
251
6427
1722
542
538
1272
1412
8655
1496
812
900
984
1061
1084
1099
1103
1109
1107
1108
1106
1102
1098
1083
1060
983
899
811
1497
9864
1537
843
944
1015
1121
1137
1142
1146
1151
1150
1152
1153
1154
1155
1156
1157
1158
1159
1160
1161
1162
1163
1147
1143
1138
1122
1016
945
844
1538
7245
916
1778
300
2349
577
162
1262
486
5788
5789
5785
5791
5787
5786
5784
5790
5783
2237
170
1814
583
1727
1287
2480
1651
2198
1228
1637
1224
2238
1583
3860
1690
5189
2801
6397
3471
1702
5190
2799
3842
2318
2716
1705
5191
3451
2135
5192
2800
5214
2788
5212
2787
5213
2789
6396
3042
1307
741
778
795
829
848
854
857
862
864
863
858
861
860
859
856
853
847
828
794
777
740
1306
7352
825
14
310
361
9866
894
401
784
411
4209
4208
5244
4214
4212
1799
4211
3811
2342
4213
5850
5851
536
4210
2430
598
177
1680
1782
670
526
3
1517
3586
630
3516
3444
726
2070
2071
2811
207
252
1182
782
1261
2358
466
1789
1555
4431
958
1791
1556
1798
2069
3829
2276
3755
661
2343
648
1636
298
206
2132
2754
428
3458
490
547
564
500
3509
1331
6241
2087
2397
1330
2086
2085
818
2084
2083
2082
2081
1716
2080
2079
2078
2072
2074
2073
2088
5231
5232
1567
6037
2704
2089
4885
1222
3150
1638
5712
2221
9873
6235
1226
8070
6022
6023
1632
682
5340
3036
5341
1756
586
753
3832
7210
7211
7208
7213
7209
7207
7215
7214
751
7212
5267
3873
5266
5265
1755
445
1623
2746
1784
576
9870
1788
590
5828
5829
5830
5831
2962
831
781
560
1564
524
278
184
81
1081
2958
660
1781
610
448
1201
352
9913
5032
9914
5762
2272
7508
2792
6120
7509
6122
6520
6121
7507
7510
5228
5612
3747
543
1200
575
5771
3427
5768
49
50
244
1066
2312
2778
2849
2900
2902
2904
2909
2906
2908
2907
2913
2912
2911
2910
2917
2914
2916
2915
2918
2921
2919
2920
2922
2923
2924
2925
2926
2928
2930
2929
2927
2932
2933
2936
2934
2937
2938
2931
2939
2935
2940
2941
2944
2942
2945
2946
2949
2943
2948
2947
2905
2903
2901
2850
2779
2311
1067
245
51
5770
5769
58
61
260
1189
2337
2781
2843
2854
2858
2860
2873
2872
2871
2870
2898
2897
2899
2869
2875
2867
2866
2868
2865
2864
2863
2862
2877
2861
2874
2876
2890
2878
2894
2893
2891
2889
2888
2885
2883
2882
2880
2896
2886
2879
2881
2884
2887
2895
2892
2859
2857
2853
2842
2780
2338
1190
261
62
65
67
290
1216
2372
2827
2964
2974
2981
2984
2992
2991
2989
2995
2987
2996
2988
2990
2993
2998
2994
2999
2997
2985
2983
2980
2979
2977
2972
2967
3585
3584
2968
2973
2978
3002
3005
3017
3088
3759
116
3760
3089
3018
3006
3003
3001
3000
2986
2982
2975
2965
2828
2373
1217
291
68
1135
1400
9926
221
197
491
1183
1606
1681
1707
1708
1704
1669
1492
721
254
230
585
1588
2814
3581
3773
3786
3777
3698
3092
2133
1604
1196
462
214
634
1656
3167
3868
4292
4356
4365
4367
4376
4375
4373
4374
4372
4371
4368
4369
4370
4366
4377
4364
4378
4362
4360
4355
5426
1197
779
438
1242
2248
3432
3779
3839
3849
3853
3855
3852
3850
3844
5171
7105
4187
1457
791
892
956
995
1002
1020
1022
1047
1050
1048
1026
1049
1024
1025
1032
1027
1028
1029
1023
1039
1033
1040
1041
1046
1042
1043
1051
1052
1044
1045
1038
1037
1036
1035
1034
1031
1030
1021
1019
1001
994
955
891
790
1456
7106
4188
1374
771
817
886
904
923
926
928
940
939
938
937
936
935
934
932
933
931
930
929
927
925
922
903
885
816
770
1373
7103
1714
3058
6175
6174
6172
6171
6173
2829
1748
1687
890
2260
5824
5230
5229
1520
2768
389
2832
2697
1455
2833
5350
9904
531
9905
7323
9906
8443
2134
3994
1134
9907
9908
9858
9857
3857
5135
9856
7092
5136
6108
9820
5137
5138
120
7090
7089
9805
2771
43
78
228
785
2226
3032
3405
3485
3789
5188
124
5187
3790
3487
3419
3402
3401
3398
3397
3395
3396
3393
3394
3392
3391
3390
3389
3387
3386
3383
3379
3376
4338
5185
7091
5009
6957
5781
6956
6959
6038
5749
5748
6113
6039
5362
234
6958
5796
3131
574
408
4650
4153
3008
2759
1719
2760
805
5581
2761
1720
1724
2762
3009
1721
6506
2130
746
9806
9807
6389
1527
567
649
650
9808
9809
9810
1698
3161
1672
6087
5028
5979
5978
6088
5982
5029
5981
5977
5980
689
5516
539
9812
9819
7160
146
5649
3418
6878
2767
6084
6082
2392
2960
6083
6496
6497
6498
6081
762
176
1677
1358
6211
1678
5199
5200
5201
9813
149
3151
3152
3153
3154
3155
3156
3157
1254
259
1841
1842
1843
710
3945
386
387
5708
467
2757
3505
2169
5965
1766
6391
6344
3836
6872
5044
6873
6874
6875
6876
6877
797
807
390
101
7931
7934
7937
7935
7936
7933
7938
7926
7929
7930
7925
7932
4830
7927
7928
6295
3803
6368
1768
302
3794
5617
5204
5205
1132
883
5206
5207
799
5618
64
21
5603
91
88
285
695
1647
2176
2269
2277
2285
2287
2303
2304
2302
2301
2300
2294
2295
2298
2299
2297
2296
2293
2292
2290
2291
2288
2289
2286
2305
2284
2306
2281
2279
2273
3037
82
9814
3020
25
93
199
694
2128
3579
3954
4296
4298
4306
4317
4316
4315
4314
4319
4313
4318
4312
4320
4311
4310
4309
4308
4307
4297
4321
4295
4325
4293
4330
4291
5735
9815
5033
22
87
187
672
2119
3740
4269
4581
4582
4586
4584
4585
4588
4587
4589
4592
4591
4590
4594
4593
4595
4596
4597
4598
4599
4600
4583
4601
4579
4604
4554
4614
4551
5836
9816
5036
425
404
1559
2775
3796
3995
4161
4164
4168
4169
4173
4171
4172
4174
4175
4170
4176
4167
4178
4166
4177
4163
5181
7247
391
96
2688
884
2187
554
1266
3455
3454
2772
1439
5597
2687
169
3441
3442
3443
3440
1640
1264
1825
3439
3438
1562
3437
1660
1426
915
3435
1212
3436
2278
2689
5596
334
223
3768
3767
2491
3766
1763
1347
459
458
457
456
455
454
7249
573
345
3780
5731
5697
40
71
218
769
2261
3353
3517
3550
3552
3570
3554
3568
3557
3560
3556
3561
3562
3563
3564
3565
3566
3567
3559
3569
3555
3571
3558
3553
3551
3548
3547
3543
3540
3537
4793
4420
5967
5819
85
114
332
1238
2428
3366
3475
3488
3490
3496
3497
3492
3495
3494
3493
3491
3489
3486
3483
3482
3481
3478
4643
495
328
808
697
6092
6093
6091
6095
6099
6098
6094
6096
6097
809
696
1425
9818
2786
3452
4265
4266
1568
354
2540
2539
737
325
2216
1563
2215
942
535
2839
3139
3140
2206
3141
2207
2840
2205
3142
359
247
548
6755
6757
1810
4260
1740
6759
2756
3132
3465
4724
6760
990
6752
6866
5396
735
6763
4957
5485
6762
3893
5659
4221
5235
6765
6761
6864
6753
5361
2742
7383
5870
5374
6754
6756
7382
7381
7380
7379
5073
6863
6764
5074
6758
991
3470
514
9804
6190
6135
7372
6189
2196
1418
5648
5647
5646
5645
4603
6188
1294
2323
6196
6195
6194
6193
6197
2485
2856
5736
6191
6192
7363
213
9811
5034
9803
5035
9793
9787
258
1080
2190
2817
3040
3069
3078
3083
3079
3070
3041
2818
2191
1079
257
293
9788
5039
9789
5038
9790
341
1249
2240
2806
3014
3031
3030
3015
2805
2239
1248
340
363
759
358
109
657
1597
383
382
1283
527
4222
6231
3464
4223
1245
453
1658
32
63
201
725
2131
2826
3066
3097
3099
3103
3102
3101
3104
3105
3107
3108
3109
3106
3110
3111
3112
3113
3114
3115
3117
3118
3119
3116
3100
3098
3095
3093
3090
3084
3065
4150
6955
2825
9792
9794
3664
1754
2823
2824
882
2429
1600
601
686
680
681
687
602
1599
534
3508
6024
3507
4151
1728
7496
7503
7502
7501
7499
7498
7497
7500
4152
6025
520
5
1779
5227
5225
5226
1414
1786
5517
2782
7248
9801
6441
9795
6442
9796
2418
1592
6250
6251
7371
5662
7474
7714
6364
7473
9797
3384
4979
9798
5657
5233
2790
7475
5664
7472
5663
5665
6931
6929
3429
6930
6927
4879
5184
6928
6212
5752
6392
6393
6394
446
6706
6159
3775
6158
7455
8313
8317
8315
8314
8316
8319
8318
8327
8328
8329
8330
8326
8331
8325
8324
8323
8322
8321
8320
6264
7191
7192
6691
7923
7715
7193
5445
2399
4409
9799
9800
9802
9821
7385
7384
7391
7388
7386
7392
7389
7390
367
7387
6336
5211
7194
6335
6337
7922
6999
6374
7000
5387
1243
319
1064
2363
2362
2361
1682
780
1195
1587
2364
1289
5088
5089
3776
5821
3053
9838
9822
4322
316
3741
3742
6074
6075
6076
6077
3743
6217
6216
6218
315
405
314
2961
313
312
1824
103
2380
6793
6784
6785
6786
6787
6788
6789
6790
6791
6792
6794
1601
1565
3684
17
1759
2959
280
1573
2376
3883
2379
3679
3678
3671
3668
3667
3672
3695
3666
3675
3685
3681
3676
3690
3694
3688
3674
3673
3689
3693
3686
3691
3692
3669
3683
3677
3682
3680
3670
3687
129
3886
3885
2377
2381
9841
4414
1641
2256
9842
4415
2378
2374
2375
1263
335
2200
2732
2734
2731
2730
2724
2729
2728
1652
2727
2726
2725
2733
2723
2722
2721
2720
2719
23
2718
356
4672
4668
4669
3428
4670
4671
2201
501
3057
3056
3055
5333
336
5955
5947
5940
5941
5942
5943
5944
5945
5954
5946
5948
5110
5949
5950
5951
5952
4413
5953
5332
2199
3080
6040
745
5779
5777
5775
5778
5776
1663
3884
962
5197
671
9843
5040
3769
113
7250
1239
3046
3045
3044
6507
2852
1341
3162
3164
3738
3163
1579
483
2243
2244
2245
2246
161
108
1004
1003
2388
2387
6713
6719
6716
6715
6714
6717
6718
6720
2390
5449
1317
773
4610
398
7098
7099
3587
7097
7096
7095
7094
2102
1712
2389
1711
7562
7559
4384
7549
7564
6856
7557
4383
7548
4385
7558
3908
5270
6428
7555
6485
3503
3502
1764
5750
2813
2385
7560
7565
7561
7563
4386
7556
7552
7551
7550
4387
7554
4388
7468
2173
1662
2386
7553
9844
3906
7080
7033
5504
9845
9846
6109
5080
2355
9848
7246
5658
3094
4555
2489
1625
1198
9855
1344
619
616
622
5985
612
4939
611
6115
5984
613
617
618
623
621
620
615
614
3774
2270
6949
5438
5437
6948
5754
5436
6950
5439
6947
1332
296
2755
2822
2821
2400
1803
9849
2820
3359
2819
9850
1758
6503
441
2479
7705
7704
7699
7697
7695
7702
7700
7696
7708
7711
5498
7710
7709
7703
7701
7712
3856
7694
7707
7706
7698
2477
4406
1213
4876
2219
6033
6035
529
3618
6034
7104
6085
2247
800
145
9851
5041
5590
1847
1846
9852
9853
1845
1141
2161
1844
801
393
1696
106
348
1697
688
1417
739
511
5263
1416
1695
1694
1594
347
1693
2703
6207
130
5591
5050
5589
5450
4404
747
3414
4410
4411
6381
5243
9847
830
9839
9829
9823
9824
6369
2317
3765
9825
9826
9827
9828
796
4358
9830
9837
9831
9832
9833
9834
9835
9836
9642
9928
9641
9639
9444
9445
9446
9447
9448
9449
9451
9458
9452
9453
9454
9455
9456
9457
9443
9450
9442
9432
9426
9427
9428
9429
9430
9431
9433
9440
9434
9435
9436
9437
9438
9439
9441
9460
9477
9461
9480
9481
9482
9483
9484
9485
9487
9494
9488
9489
9490
9491
9492
9493
9479
9486
9478
9468
9462
9463
9464
9465
9466
9467
9469
9476
9470
9471
9472
9473
9474
9475
9425
9459
9424
9387
9372
9373
9374
9375
9376
9377
9379
9386
9380
9381
9382
9383
9384
9385
9371
9378
9370
9360
9354
9355
9356
9357
9358
9359
9361
9368
9362
9363
9364
9365
9366
9367
9369
9388
9405
9389
9408
9409
9410
9411
9412
9413
9415
9422
9416
9417
9418
9419
9420
9421
9407
9414
9406
9396
9390
9391
9392
9393
9394
9395
9397
9404
9398
9399
9400
9401
9402
9403
9423
9495
9496
9497
9588
9589
9590
9591
9592
9593
9595
9602
9596
9597
9598
9599
9600
9601
9587
9594
9586
9576
9570
9571
9572
9573
9574
9575
9577
9584
9578
9579
9580
9581
9582
9583
9585
9603
9604
9605
9624
9625
9626
9627
9628
9629
9630
9631
9632
9633
9634
9635
9636
9637
9638
9623
9622
9621
9612
9606
9607
9608
9609
9610
9611
9613
9620
9614
9615
9616
9619
9569
9568
9567
9531
9516
9517
9518
9519
9520
9521
9523
9530
9524
9525
9526
9527
9528
9529
9515
9522
9514
9504
9498
9499
9500
9501
9502
9503
9505
9512
9506
9507
9508
9509
9510
9511
9513
9532
9549
9533
9552
9553
9554
9555
9556
9557
9559
9566
9560
9561
9562
9563
9564
9565
9551
15
7667
6225
6226
1840
5168
6227
6228
5026
355
522
2812
2425
9558
9550
729
730
6882
6941
731
6406
6940
733
494
7100
6939
6936
6937
7748
7746
7750
7747
7749
6943
397
6942
6938
6945
7751
732
7101
6944
5151
2233
5072
3120
2393
1833
2057
1851
2052
1854
2034
1857
2016
2017
2019
2014
2018
2012
2013
2015
2007
2010
2011
2009
2006
2008
2005
2004
2003
2002
2000
1997
2001
1999
1998
1996
1995
1990
1991
1992
1993
1994
1988
1989
1986
1987
1985
1983
1984
2025
2035
2049
2064
2099
2111
2152
2155
2163
2185
2127
2150
2109
2098
2063
2048
2031
2024
1981
1982
1977
1980
1979
1978
1971
1972
1973
1974
1975
1976
1968
1969
1970
1967
1966
1965
1961
2039
2041
2065
2090
2112
2136
2407
112
2406
2137
2113
2091
2066
2042
2040
1960
1962
2026
2037
2053
2067
2101
2117
2170
2129
2171
2118
2100
2068
2054
2038
2036
2047
2062
2093
2107
2141
2122
2140
2108
1835
2396
2394
1832
2056
1850
2051
1853
2033
1856
1964
1963
1959
1958
1957
1956
1955
1950
1951
1952
1953
1954
1945
1944
1946
1947
1949
1948
1943
1942
1941
1940
1939
1936
1934
1937
1935
1938
1933
2023
2030
2046
2061
2097
2106
2145
2121
2144
2105
2096
2060
2045
2029
2022
1932
1931
1930
1929
1923
1928
1925
1926
1927
1924
1922
1921
1920
1919
1917
1915
1916
1914
1918
2021
2028
2044
2059
2095
2104
2143
2120
2142
2103
2094
2058
2043
2027
2020
1910
1909
1911
1913
1908
1912
1904
1905
1906
1907
1903
1900
1897
1898
1899
1902
1892
1901
1893
1896
1894
1895
1891
1888
1886
1887
1890
1889
1885
1884
1883
1882
1881
1878
1880
1879
1875
1877
1872
1873
1874
1876
1871
1870
1869
1868
1867
1864
1863
1862
1866
1861
1865
1858
1860
1859
1855
2032
1852
2050
1849
2055
1831
2395
7
10
8
9
5071
3792
3816
3173
3332
3183
3325
3187
3318
3191
3208
3209
3210
3211
3212
3213
3215
3222
3216
3217
3206
3219
3220
3221
3207
3196
3197
3198
3199
3200
3193
3201
3202
3218
3223
3203
3195
3194
3204
3205
3214
3244
3227
3232
3233
3234
3235
3225
3237
3238
3239
3240
3242
3261
3236
3228
3226
3260
3258
3257
3252
3248
3224
3246
3245
3247
3249
3250
3251
3253
3254
3255
3256
3259
3243
3241
3229
3230
3231
3190
3319
3188
3326
3184
3333
3174
3818
3820
3165
3821
3817
3176
3335
3186
3331
3337
3357
3409
3367
3410
3356
3338
3328
3322
3316
3314
3276
3270
3269
3267
3266
3265
3286
3264
3262
3285
3268
3271
3272
3273
3274
3275
3277
3278
3279
3280
3281
3282
3283
3284
3263
3311
3288
3302
3307
3290
3291
3292
3293
3294
3296
3303
3297
3298
3299
3300
3301
3306
3289
3305
3295
3308
3287
3309
3310
3304
3312
3315
3321
3324
3330
3341
3360
3416
3425
3426
3417
3361
3342
3336
3340
3358
3412
3368
3411
3355
3339
3329
3323
3317
3313
3192
3320
3189
3327
3185
3334
3175
3819
5650
5651
33
35
16
34
5359
4226
5807
5806
5805
238
5899
1298
5007
5006
5005
5002
5004
5001
4997
4998
5000
4999
5388
2326
3137
2325
189
5003
4869
6593
6592
6591
6589
6586
6585
6579
6578
6577
6576
6575
6573
6572
6582
6570
6574
6580
165
6581
6583
6594
6584
6587
6588
6590
6571
6569
6596
6554
6555
6556
6557
6568
6558
6559
6560
6561
6562
6563
6564
6565
6566
6567
6553
6595
6607
6597
6615
6614
6613
6612
6611
6610
6609
6608
6616
6606
6605
6604
6603
6602
6601
6600
6599
6598
5122
5132
5128
2414
5126
5134
5129
5124
5125
5127
6156
1797
6501
6500
6502
7045
7043
7044
7047
7046
1736
210
121
366
424
396
140
421
2846
1710
2845
430
1387
2847
353
1691
239
5123
6177
182
5131
5133
4363
115
2164
1529
7314
7299
7298
7300
7297
7313
7600
7182
6434
7179
7609
7177
7603
7176
6433
7608
7175
7604
7174
7607
7173
7172
7606
7605
7170
6432
7169
7602
7168
7601
7302
7305
7307
7308
7309
7315
7312
7311
7310
7306
7304
7303
7301
6737
7398
7399
6738
7400
6740
7401
7402
7404
7405
7406
6739
7403
7180
6181
7167
7397
7171
6741
6742
7183
6743
7178
6744
7181
7598
7599
3347
3350
3345
5107
2266
2777
3343
3351
3349
3348
3346
3352
3344
6277
3064
6293
6185
5186
6292
13
6281
896
921
6150
5102
6147
6140
6148
6145
6149
6146
6144
6143
6142
6141
912
8460
8461
8462
8463
8464
8465
8466
8467
8468
8470
8480
8471
8472
8458
8474
8475
8476
8477
8478
8479
8459
8469
8444
8481
8473
8451
8447
8446
8454
8449
8448
8450
8452
8445
8457
8455
8453
8456
236
1633
659
786
756
924
744
2158
237
742
3876
6818
5825
6408
5224
7465
7464
7462
7463
4627
6748
6729
6749
5519
6487
6721
6747
6750
6438
6365
8423
8424
4637
4636
775
6124
5719
8068
8434
8433
8436
8067
8435
8069
6439
8437
7159
8595
8596
8594
8422
9538
8366
7771
8059
6390
1826
1223
1801
2367
4440
4437
4439
4436
4435
4438
4468
4485
4442
4477
4478
4480
4482
4463
4445
4446
4448
4449
4450
4452
4453
4454
4457
4458
4441
4476
4460
4459
4456
4455
4451
2330
4447
4444
2331
4461
4462
4464
4481
4479
4475
4483
4474
4472
4471
4484
4470
4469
4467
4466
3403
3473
4465
11
3472
4183
699
700
5087
701
703
4294
3784
3783
704
702
4443
4473
6263
5587
5094
3415
1192
1251
1191
707
2218
3791
3354
155
1233
855
2970
2969
3542
3541
6734
941
1087
5193
4602
6963
6204
2369
5098
2368
5097
5096
2263
1281
6517
6518
4855
4856
4857
4854
2698
4853
4231
3831
3815
1717
6519
1718
2541
678
1472
679
205
5240
3861
5378
4290
6288
6289
4852
7257
6287
5261
6286
7256
3866
5262
2384
5619
4699
7319
7318
7317
7316
4180
6210
6698
7002
5598
3580
406
6395
5489
5488
6262
5815
7003
7164
3024
7165
5241
7161
7162
7163
7166
2421
2262
6460
6203
5732
5717
1817
1818
1725
1820
1821
1218
171
1819
1532
5130
5221
609
1591
9548
4535
4536
4527
4522
4523
4521
4532
4528
4486
4533
4534
4529
4526
4530
4525
4531
4524
4519
4510
4487
4488
4489
4490
4491
4492
4493
4494
4495
4496
4498
4518
2334
4511
4509
2335
4504
4505
4506
4507
4508
4512
4513
4514
4515
4516
4520
4517
4503
4502
4499
3406
2267
3806
4497
12
3805
6962
415
392
5773
5774
1413
2765
2415
4646
4645
301
208
553
1643
2810
3500
3617
3703
3724
3727
3733
3729
3730
3732
3731
3728
3726
3725
3723
3701
3616
3504
2748
1386
329
152
423
1236
2837
4158
4826
4980
5010
5013
5016
5019
5020
5018
5015
5017
5014
5012
5011
4981
4907
4421
3781
2360
1703
5121
2492
6125
5499
5500
482
337
754
1848
3034
3513
3591
3620
3623
3624
3622
3619
3590
3514
2950
1692
516
241
607
1630
3422
4326
4858
4974
4993
4995
4994
4978
4928
4615
3891
2807
2352
3160
3158
222
515
3159
1765
5357
5358
6291
5111
893
5114
5611
5113
5112
1618
3462
3461
5610
2976
4434
642
641
4863
638
637
3874
3607
3606
640
639
18
4501
4500
5972
3589
6689
6688
6690
6205
6694
6693
6692
3847
3043
5435
6270
3897
7492
6726
5390
5758
4796
5757
4797
4165
3459
95
464
510
1221
2310
2332
2353
1827
2280
2258
3074
186
2327
2417
3434
1772
2336
2259
2370
2236
2319
2340
2268
1622
1659
1664
1624
1645
2186
284
5443
7420
5705
6728
5391
5761
6727
5389
6249
5209
6248
5210
7493
783
7495
5729
1292
4673
1337
2154
1762
1566
2180
1179
2793
2322
724
2115
481
606
1570
1116
1521
1340
1561
1097
365
1366
582
627
636
711
760
1240
1828
385
5398
4263
5966
5120
3177
5397
7494
5668
4628
6118
3413
1343
6829
6209
2324
1590
4983
4988
4987
4984
4990
4986
4982
4989
4991
4985
5394
2320
3138
2321
193
4992
4867
6634
6635
6636
6637
6638
6639
6642
6643
6644
6645
6632
6646
6647
6633
6618
6619
6620
163
6624
6625
6627
6628
6650
6668
6672
6673
6675
6674
6677
6676
6679
6680
6669
6666
6664
6662
6661
6667
6658
6657
6656
6655
6654
6653
6652
6663
6648
6623
6630
6622
6621
6649
6641
6629
6660
6665
6678
6671
6670
6651
6659
6617
6626
6631
6640
5670
4629
5914
4834
1516
792
971
973
972
1726
1644
5093
3808
3016
2356
1415
1316
6169
5144
974
509
7736
7079
4184
5373
4271
5372
5172
3822
1194
357
4181
6851
5251
5252
5095
6707
3385
5835
6274
2175
6282
998
5710
2434
8049
8047
8040
8039
8036
8037
8038
5076
5360
8041
8042
8043
8044
8045
8046
8050
5497
8048
3611
608
444
646
178
644
645
6136
5060
6284
5217
6283
5216
5599
3365
7258
6490
6489
6119
7259
5175
2783
4323
5179
5176
1823
5490
364
3445
5177
4419
5180
4324
768
4878
4229
3477
1829
1830
3476
4230
4877
6089
6090
3129
1737
1735
351
755
6233
2183
36
28
4
2493
2
24
175
690
1776
2409
2542
2550
2554
2664
2660
2663
2665
2668
2662
2658
2652
2653
2655
2656
2657
2642
2650
2641
2630
2631
2633
2640
2636
2647
2649
2609
2610
2611
2612
2618
2614
2615
2613
2594
2616
2595
2596
2597
2599
2600
2608
2602
2603
2604
2605
2606
2607
2583
2584
2585
2582
2552
2672
2547
2679
2544
2682
2538
3136
2537
2683
2545
2680
2548
2673
2553
2639
2670
2669
2667
2638
2666
2637
2661
2635
2632
2654
2617
2648
2659
2646
2645
2644
2634
2643
2625
2651
2628
2621
2629
2593
2620
2598
2622
2627
2626
2624
2623
2619
2601
2591
2589
2590
2588
2587
2592
2586
2675
2677
2686
2692
2706
2798
3364
2797
2707
2691
2685
2676
2674
2574
2575
2576
2577
2578
2579
2580
2570
2581
2571
2573
2572
2568
2567
2569
2561
2558
2557
2556
2565
2555
2560
2562
2564
2559
2566
2563
2551
2671
2546
2678
2543
2681
2536
3133
2495
2346
1635
450
92
6
1
20
110
533
1792
3576
3871
4007
4011
4121
4120
4122
4113
4118
4114
4119
4116
4117
4115
4112
4108
4109
4110
4107
4111
4104
4103
4102
4105
4101
4106
4100
4097
4099
4095
4098
4096
4090
4092
4093
4094
4089
4091
4087
4084
4088
4085
4086
4083
4081
4080
4082
4079
4078
4077
4076
4010
4125
4006
4133
3999
4137
3953
5250
5249
3952
4136
3998
4132
4005
4124
4009
4075
4074
4073
4072
4071
4068
4070
4067
4066
4069
4064
4060
4065
4061
4062
4063
4058
4059
4057
4056
4055
4054
4053
4052
4048
4050
4051
4049
4046
4045
4036
4037
4038
4035
4043
4040
4029
4028
4027
4127
4129
4139
4154
4206
4432
5392
119
5393
4433
4207
4155
4140
4130
4128
4044
4047
4042
4039
4041
4032
4033
4034
4031
4030
4023
4024
4025
4026
4021
4022
4019
4020
4017
4018
4016
4015
4012
4013
4014
4008
4123
4004
4131
3997
4135
3951
5248
5170
3700
2197
727
192
98
131
2494
86
232
823
2796
5106
5447
5522
5524
5526
5528
5529
5530
5532
5531
5533
5534
5535
5536
5537
5538
5539
5540
5541
5542
5544
5543
5546
5545
5547
5548
5549
5550
5551
5552
5554
5553
5555
5556
5557
5558
5559
5560
5562
5561
5563
5564
5565
5567
5566
5568
5569
5570
5571
5572
5573
5574
5575
5576
5577
5527
5525
5523
5521
5448
5161
2836
728
151
37
148
447
1706
3758
5142
5242
5275
5278
5279
5280
5281
5282
5283
5284
5285
5286
5287
5288
5289
5290
5291
5292
5293
5294
5295
5296
5297
5298
5300
5299
5301
5302
5304
5303
5306
5305
5307
5308
5309
5310
5311
5312
5313
5314
5316
5315
5317
5319
5318
5320
5322
5321
5323
5324
5325
5326
5327
5328
5329
5277
5276
5256
5203
4606
3179
1569
774
138
137
1800
136
135
44
46
5477
5456
5467
5454
5400
5414
5402
5413
5459
5455
5458
5453
5473
4667
6041
2714
5411
5716
5412
6686
5406
5404
4359
4391
4390
5408
1244
8650
5407
3898
3828
5451
5472
5466
5474
5403
5401
2486
5405
5460
5410
5476
5475
5478
5464
5457
8647
8652
8653
5409
6243
3050
5415
6687
4332
8648
8651
3572
3737
5420
5421
5452
5463
5471
3762
5416
5417
5418
5419
5465
5470
5469
4870
5468
5462
3761
5461
134
8649
133
1133
4182
2181
191
530
537
2139
299
835
1582
2138
5147
1088
2484
3812
5146
277
7112
6910
6881
6907
6946
6777
6879
6908
6909
3144
4976
4959
4977
2231
4632
2274
2282
2283
7131
2705
372
1742
1743
1802
6208
8767
8768
8769
8770
8771
8772
8774
8781
8775
8776
8777
8778
8779
8780
8766
8773
8765
8755
8749
8750
8783
8752
8753
8754
8756
8763
8757
8758
8790
8785
8786
8787
8788
8784
8789
8748
8751
8782
8764
8762
8761
8760
8759
3614
377
3593
3609
6843
374
3169
3168
3594
3170
3123
3595
3596
3172
6842
3597
3598
3599
3600
7132
3171
3601
3602
3603
375
5616
5614
5615
39
376
371
9688
5117
378
373
2844
1578
6853
212
172
2252
5119
3449
7857
7865
7874
7873
7864
7872
7875
7870
7871
7868
5793
2254
1668
7148
7158
7154
7144
7146
7157
7147
7145
7141
7142
7155
7143
7140
7149
7150
7151
7156
7153
7152
2255
2110
2250
70
168
4192
4200
4190
4191
4205
4204
4195
4202
4194
4203
4193
1729
4196
1730
1731
4197
4198
4199
4201
2251
416
1528
2253
7866
7867
7869
7862
7861
7860
7859
7858
7863
7856
5792
6272
6276
5069
6275
5219
2423
5623
3420
2257
5077
7254
6313
5730
3899
2177
6170
6400
6488
7350
1291
6280
3022
3404
6819
6817
3143
6821
5492
6820
5348
3905
6018
5667
4631
4429
2383
6850
2709
2357
2350
1495
3813
3147
2749
4264
5502
6315
6314
6492
5349
889
888
804
887
578
485
1346
572
6491
6257
6258
4794
3757
4138
1512
3627
3632
3629
518
3630
4654
4653
4652
1603
3628
3631
6271
669
5152
6798
6799
4126
6797
6800
5156
5153
5154
402
5155
6370
5245
6273
5218
4795
3756
5625
4400
5822
4873
6138
550
960
738
584
685
1796
6139
5109
6975
6980
6978
6979
6976
6977
6137
7414
413
7418
7417
7415
7416
52
47
2437
2436
243
897
1136
1673
1674
253
204
545
1626
2770
3431
3512
3524
3526
3529
3532
3531
3535
3530
3534
3533
3528
3527
3525
3523
3511
3446
2699
1355
320
150
420
1232
2831
4146
4766
4927
4961
4964
4971
4969
4970
4966
4967
4965
4968
4963
4962
4936
4866
4401
3772
2351
1686
6852
342
2315
1750
1749
308
309
722
1741
2708
3027
3087
3125
3127
3128
3126
3122
3086
3026
2535
1598
465
233
596
1617
3375
4186
4638
4716
4763
4765
4764
4725
4678
4398
3841
2763
2265
624
625
2841
484
3544
2217
2963
6310
6187
6733
3834
4379
3610
6309
2701
6311
6732
59
42
160
558
1610
2307
2424
2441
2443
2445
2447
2448
2449
2452
2451
2450
2453
2454
2455
2456
2457
2458
2461
2460
2459
2466
2465
2464
2467
2463
2462
2468
2469
2471
2473
2470
2472
2474
2475
2476
2446
2444
2442
2439
2411
2220
1225
327
75
31
139
427
1629
3073
3823
3887
3910
3912
3913
3914
3915
3921
3920
3919
3918
3917
3916
3925
3923
3924
3922
3927
3926
3933
3932
3928
3931
3930
3939
3929
3937
3934
3940
3938
3942
3936
3935
3941
3943
3911
3909
3875
3837
3362
2125
677
384
826
752
3583
5178
3582
6278
764
5068
3372
5067
3751
5063
2750
5739
5741
5740
3894
5742
1834
5061
5062
5064
5065
5066
569
1734
437
819
559
633
1188
1359
2224
6206
5115
5855
5872
1701
5753
4232
4189
1746
3071
3722
4234
2398
1454
793
3377
412
1575
943
1654
1215
2738
1813
1267
5666
4630
2371
827
4001
5766
432
433
3753
434
435
2487
2740
2739
436
431
7649
6017
7651
7650
9137
9116
9115
8104
9094
9093
9092
9091
9090
9089
9095
9088
9086
8118
9085
8116
9082
8117
9087
9096
9097
9098
9113
9112
9111
9110
9109
9105
9013
9015
9020
9032
9042
9043
9062
9064
9065
9066
9068
9070
9071
9075
9050
9058
9054
9055
9056
9120
8121
9029
9129
9135
9104
9103
9134
9007
9099
8122
9100
9101
9102
9106
9107
9108
8123
9081
9083
9084
9114
9117
8120
9138
9139
9140
9141
9142
9143
9144
9145
9146
8125
9149
9150
9151
9136
9152
8115
9133
9118
9121
9122
9125
9126
9127
8112
9130
9131
9132
9079
9078
9028
8103
9030
9037
9039
9024
9010
9011
9012
9014
8108
9022
9016
9017
9018
9019
9021
9063
9067
9073
9076
9059
9044
9048
9051
9053
9057
9009
9154
9147
9148
9119
9153
9123
9124
8105
9128
9080
9041
9026
9027
9031
9033
9040
9034
9035
9036
9038
9025
9023
9008
8107
9077
9069
9072
9074
9061
9060
9045
9046
9047
9049
9052
9222
9220
9219
9218
9217
9215
8126
9212
9208
9206
9213
8119
9221
8109
9211
9224
9203
9178
9176
9175
9174
9173
9172
9170
9169
9168
9167
9166
9165
9164
9163
9162
9161
8124
9160
9159
9156
9177
9179
9202
8113
9201
9200
9155
9199
9198
9196
9195
9194
9193
9192
8114
9191
9190
9189
8110
9188
9187
9186
9185
9184
9183
9182
9181
8111
9171
8106
9204
9197
9180
9157
9158
9207
9205
9209
9210
9214
9216
7942
7941
7940
9223
8071
7647
6812
6813
6814
6815
8138
8139
9004
8977
8975
8890
8953
8951
8948
8917
8947
8946
8945
8939
8930
8929
8949
8971
8956
8955
8952
8926
8897
8896
8894
8893
8892
8901
8921
8920
9006
8980
8981
8982
8875
8985
8895
8925
8957
8963
8974
8964
8966
8967
8968
8970
9005
8944
8943
8942
8941
8940
8938
8937
8936
8935
8934
8933
127
8932
8931
8928
8927
8950
8973
8972
8876
8969
8965
8961
8960
8959
8958
8954
8924
8899
8891
8889
8888
8887
8886
8885
8884
8883
8882
8881
8880
8879
8878
8877
8898
4417
8900
8923
8922
8919
8918
8976
8916
8915
8914
8913
8912
8911
8910
8909
8908
8907
8906
8905
8904
8903
8902
8962
9003
8978
8979
8983
8984
8986
8987
8988
8989
8990
8991
8992
8993
8994
8995
8996
8997
8998
8999
9000
9001
9002
8137
8140
8060
7074
7073
7645
7646
7072
7644
7424
7422
7423
7421
7648
7428
7426
7425
7427
6279
4676
6826
6827
6828
6373
6371
6372
5246
1767
1096
957
776
6822
5433
6353
4865
568
6823
6824
5427
772
987
1753
1209
2232
3771
5669
1609
5711
720
716
715
713
712
714
717
718
719
6232
1773
5622
5621
4540
2404
1607
1616
1615
557
1608
2405
4772
5578
1282
123
107
798
2345
3763
4156
4267
4272
4275
4277
4282
4285
4281
4286
4279
4283
4280
4284
4278
4287
4276
4288
4274
4273
4270
5208
294
303
185
209
188
959
2413
3795
4224
4327
4337
4341
4343
4345
4346
4347
4348
4350
4349
4351
4352
4344
4353
4342
4354
4340
4339
4335
5237
326
311
141
684
2192
3696
3991
4215
4233
4237
4240
4249
4251
4244
4245
4252
4246
4247
4248
4242
4250
4243
4241
4239
4253
4238
4254
4236
4235
4227
5194
227
246
330
1639
2954
3807
3904
3993
4000
4002
3992
5143
603
698
4268
5269
2431
5238
57
41
157
552
1612
2333
2440
2497
2499
2502
2527
2529
2531
2532
2533
2528
2526
2530
2521
2524
2522
2525
2523
2517
2520
2516
2518
2514
2519
2512
2513
2515
2508
2509
2510
2511
2506
2507
2504
2503
2505
2501
2500
2498
2496
2427
2235
1229
323
74
29
132
422
1621
3081
3833
3907
3956
3958
3990
3988
3989
3987
3986
3985
3984
3982
3983
3980
3981
3978
3979
3975
3976
3977
3974
3973
3972
3971
3970
3969
3968
3967
3966
3965
3964
3961
3963
3962
3960
3959
3957
3955
3903
3845
3371
2126
673
381
6215
5166
5239
6359
6360
9301
9300
9281
9325
541
2213
525
2212
2214
480
546
3827
478
6735
3826
4552
477
479
4228
9307
9308
9311
9312
9295
1199
265
266
267
268
269
270
271
272
273
264
275
276
274
262
263
