9944
9304
9303
9302
226
455
493
7350
5446
456
492
5973
5974
5975
5972
7344
458
489
7345
5782
7667
9297
6122
910
1691
1680
6700
459
491
473
474
1715
477
7348
478
8441
388
411
461
487
5848
8002
7349
8001
5847
5998
8000
460
488
5197
5198
7347
457
490
5619
7995
8432
8372
7346
9326
5120
3655
5119
9314
1810
2998
7791
8549
8558
8557
8556
8548
8547
1014
483
1305
8546
8532
8561
8542
8541
8538
1265
576
1537
7790
8536
8535
8551
8552
765
1641
242
566
7789
8555
8554
8553
8559
8544
8534
8533
8539
8537
8540
6926
8560
8567
8563
8564
8566
6873
2406
577
1387
1386
5217
2177
3180
7787
8569
8568
8562
4853
6821
8078
2549
1642
7000
6999
6998
6997
7001
5396
5398
5399
5400
5401
5402
5397
5607
3068
7688
6181
3628
2199
5072
5126
4160
6180
1012
6565
5378
5367
5366
6142
6141
5368
6784
5528
5635
6785
6783
7706
7705
7704
7703
7702
7700
7707
7701
7608
7606
6194
6193
7802
7803
7804
7814
7806
7816
7817
7805
7807
7808
7809
7810
7812
7813
7815
7634
7633
7630
7629
7628
7626
7631
6356
5394
7699
7698
7607
7609
7811
867
7632
7627
5753
6358
6355
6357
6564
1792
5449
3896
9548
9547
5156
3760
4883
5608
6563
6521
6276
578
2194
1747
8543
8545
8550
8570
8565
8571
266
650
6323
8076
4852
6822
1195
1854
1855
7788
6716
6715
8077
4851
6820
6275
502
9665
8824
8822
8821
8823
6795
9661
8576
7364
8572
8573
8574
1080
9558
9557
9570
9586
9587
105
7975
2352
5447
6308
9592
8213
7202
5237
7199
9613
8204
7200
5238
7201
8207
8206
7055
8743
8739
7054
8738
8737
8731
5932
8736
8734
8730
8729
7785
8733
8732
6831
8742
8741
8740
6712
8214
9478
8216
9481
8210
9457
8208
9432
8232
9435
8230
8693
5937
8812
8814
7053
8813
8815
5722
8816
8811
8809
7537
7990
7538
7536
5709
8806
8807
8808
8810
7118
763
8231
9496
7833
7653
7834
6751
7205
9503
8735
8039
8696
8695
8689
8694
8690
8692
8691
8701
8697
8698
8699
8700
8707
8702
8703
8704
8705
8706
5916
8709
8708
8217
7393
7390
7389
7388
7391
8233
7392
5353
8235
8227
7472
8836
7473
7474
7475
8842
8845
8838
8841
8834
8837
8832
8831
8827
8839
8826
8829
8828
8833
8835
8840
8843
7471
7458
8844
8825
8830
8226
9275
4752
5927
5905
5926
8605
3534
8595
8223
1272
865
866
864
1273
8601
1083
1084
8597
1085
8594
8604
8603
8596
8599
8600
1087
1086
1088
8602
8607
5954
3561
3560
8606
8598
9280
5770
6967
6315
6968
6969
3162
1104
8237
1107
1105
1106
8649
8646
8645
8647
8652
1109
1108
8653
8655
8657
1110
8644
8660
8659
8658
8656
8654
2447
2448
399
8661
5979
8648
5990
3593
3592
8651
8650
6314
5749
6940
6267
6941
6939
3136
1074
8202
1073
8525
1072
1071
1070
8530
8516
8515
8514
1069
1068
8512
8511
8513
7519
5853
8518
8519
8520
8517
8521
8522
8523
8524
2434
2435
395
8527
8528
5930
3537
3536
8531
8526
9532
8212
9529
9528
9526
9525
9491
9553
9490
9488
9454
9453
9451
9450
9447
7801
8379
8378
8377
9455
9441
8376
8375
8374
8380
8373
5758
9439
9438
9437
9436
9434
9433
9431
9429
9427
9440
8425
9456
8429
9458
5842
9487
8428
9486
5849
9483
8424
9482
8423
8529
8422
9480
9479
8088
8087
8089
8090
1354
5738
6437
6717
6129
5272
7460
5382
7461
7462
7463
6438
5160
3869
5616
5527
6270
6720
6269
6719
3609
7352
3874
7746
7747
2868
7775
7769
7782
7784
7783
7776
7781
7780
7779
7778
7777
595
6268
596
2725
7773
7768
2209
7772
7774
7771
7770
8234
3086
6817
6819
6818
7625
7963
7964
7965
5639
8236
8672
8683
8682
8681
8680
8679
8678
8677
8676
8675
8673
8674
8687
6798
8671
8688
8684
8685
8686
9636
9634
7351
7750
7748
7749
7410
9633
8215
9632
8211
8189
3764
8188
7444
8187
8209
9631
414
8323
8324
8325
8326
8327
9630
9629
8205
6846
6847
9628
8203
7411
8219
9627
6966
9626
9625
9623
9622
9635
9651
8229
9653
7408
9682
2968
4921
7340
5118
7343
7342
7341
9680
8222
9679
8228
8225
8072
5721
8067
7449
7708
5739
8070
8073
8071
7016
8066
7450
8068
8220
7282
5535
6530
7476
5610
7799
7798
7796
6947
6239
7797
5609
7795
8218
8069
7498
7499
7497
7501
6390
6567
7500
7145
5508
7049
6566
9658
6143
6047
3843
7980
9657
7654
5509
3520
9656
1586
9655
9654
5941
9621
9683
9620
9618
9584
9583
6855
7823
7760
826
9582
3025
5510
8347
571
6544
6541
6540
6537
6554
5459
6536
6538
6539
8348
6555
641
6542
6543
6545
6553
6546
6547
8349
6548
6549
6550
4372
6551
8350
8351
8352
8353
8354
8355
5623
8356
5270
8360
7521
6854
5269
7520
6257
7035
8357
8358
9581
8359
8368
8361
6201
8367
8366
6552
8365
8364
6398
8363
8362
5347
9580
5443
5622
7976
2717
7117
6929
8146
8143
8142
8856
6377
8854
8579
8862
8857
8852
8851
8584
8638
9577
7464
7758
8861
8859
5790
8762
9573
7868
6840
8634
8633
6916
8632
8636
8864
7757
6376
7496
5410
7939
7954
8849
7689
9572
8847
6928
5499
9585
8630
3476
8885
8881
8582
8635
8144
6397
8880
6138
8287
6255
5991
9565
8877
8641
111
8875
8874
8639
7204
9562
818
8872
8321
6996
8637
9559
6251
7203
8869
8580
8320
7828
7819
8156
7453
8079
8640
9588
8886
7961
9616
7526
9615
8631
8629
8888
7982
7129
8615
9614
8865
7582
8617
8887
8883
8268
8628
8619
6430
6903
6872
8192
6904
8876
8581
8863
8853
6260
6823
8855
8585
8620
8434
8612
8435
8627
8436
6510
8626
5289
8578
8625
8848
7047
764
7492
8879
6234
8588
8623
8622
9605
8867
9604
8871
7051
7235
8882
8613
8191
8577
8873
6446
8591
8190
9599
5833
6825
8081
8587
7732
7867
8878
7869
8586
7331
8431
8868
8870
3106
644
6057
6373
9594
8884
8145
9590
8322
7366
7981
8846
8860
6975
7539
8858
6786
6938
8583
4429
9781
7983
3465
7090
7428
658
689
1626
1681
8670
1511
827
915
999
1076
1099
1113
1118
1124
1123
1121
1122
1117
1112
1098
1075
998
914
828
1512
9589
1550
859
960
1031
1137
1153
1158
1162
1178
1176
1177
1175
1173
1174
1172
1171
1170
1169
1168
1166
1167
1165
1161
1157
1152
1136
1030
959
858
1551
8147
6698
7974
4395
6856
5614
4628
6367
5829
7709
3110
6455
6195
6403
9591
6988
9593
6696
8097
6369
9596
6718
9597
6761
9598
7996
9600
7482
7361
7820
7998
9601
7434
9602
6781
9603
7999
7050
9606
7997
9607
9608
9609
9610
7481
8040
1529
836
927
1007
1090
1130
1133
1135
1146
1143
1144
1145
1140
1141
1142
1134
1132
1129
1091
1008
928
835
1530
6524
481
3808
6529
6556
6845
9612
7139
7528
7529
6562
7534
7531
9617
7532
7367
9561
7530
7084
7083
691
7533
9564
6402
6697
4412
7977
6271
6816
318
6191
7452
3894
6259
6254
4420
6907
6911
6880
2781
1685
4159
5774
5444
5733
2784
7979
9576
7093
5273
7978
9578
6203
6906
7759
8426
6527
4236
5884
4414
5414
2322
2449
6976
5986
2715
6422
3499
2800
2380
3040
6424
5895
7936
6908
6017
5896
6909
6914
5037
6918
6921
6910
6905
5445
6920
6912
6901
6913
6902
6917
6915
7124
7126
6146
7966
5644
6919
7002
5711
9448
7743
7339
7745
9452
8440
7234
8433
8157
8158
9524
7744
8194
9527
8193
7670
7128
7019
8007
8245
8239
8240
8241
8242
8243
8246
8238
926
8244
8004
5831
8005
8006
7669
5924
7233
7986
5511
7985
9521
1459
3769
1786
2967
1714
670
3164
7581
9505
9492
7984
5835
6198
1217
6309
9493
9494
7825
7829
7830
7831
7832
821
1216
5358
7736
7737
7738
7739
7742
7740
7741
6131
5520
580
429
1089
2217
3026
3438
3483
3485
3482
3436
2853
1789
646
309
782
1790
3564
4344
4712
4797
4786
4567
3965
3069
2760
6794
9520
3147
4197
5713
6793
9507
8590
9508
8593
9509
8589
9510
6934
6824
9511
5890
5889
5740
7125
7123
5621
7096
3751
6509
614
6508
9512
9513
3161
9514
8427
9516
8575
5797
9518
7409
7687
7686
9814
9686
7752
7683
7972
7754
7685
7753
7755
7756
7973
7970
7684
8889
45
83
231
837
2357
3439
3630
3714
3718
3721
3720
3722
3723
3724
3725
3727
3728
3726
3730
3729
3731
3732
3733
3735
3734
3719
3716
3711
3680
3657
3652
3650
5036
5649
7971
9869
7994
7993
7992
7967
6380
6381
6766
7968
9875
7991
9877
9848
9847
8221
7151
9830
9817
9819
9820
9821
9822
6124
9828
7150
9842
9914
5354
7451
9915
9919
6175
8624
9931
6937
6121
9938
9939
6936
9911
6123
9891
9893
9894
4376
7493
3884
9897
9898
9899
9907
9908
8430
7068
7504
7505
3381
4194
7502
7072
7073
7071
7503
5624
643
5063
5064
5062
5061
3066
5060
7767
7069
6119
9725
9727
9728
9729
9730
9732
8096
5730
8092
8095
8094
8091
8093
9747
7091
7988
5858
8463
8460
8465
8461
8464
8459
8462
8466
8471
8467
8468
8469
7962
8470
8472
9688
9690
6172
3750
6445
7065
7064
5211
5042
7067
7066
4854
1672
1688
7800
26
94
198
720
2188
3803
4440
4899
4920
4934
4939
4938
4933
4936
4932
4935
4930
4937
4928
4931
4925
4929
4927
4923
4926
4924
4919
4941
4898
4950
4895
4988
4889
6036
3038
9701
9715
30
100
217
751
2240
3825
4565
4953
4954
4962
4963
4957
4965
4961
4960
4959
4970
4958
4969
4968
4966
4971
4964
4967
4955
4972
4952
4987
4944
5011
4922
6042
9811
9783
9782
9425
403
1288
2730
5100
5719
5892
5989
6018
6021
6024
6025
6022
6023
6026
6020
6027
6019
6029
6028
6031
6016
6859
9382
3516
963
6428
9383
6197
1635
5039
5494
5495
5038
5496
6427
669
5877
5876
5873
5874
7821
5286
6864
5881
5880
3855
5872
7690
5875
5040
5878
5894
5879
9241
6426
2797
7933
8369
8370
9258
8371
5810
9249
9250
7063
9251
8403
7232
723
8402
7231
724
6518
9256
6725
9273
6724
9282
6723
9315
9283
6931
6930
9294
5921
7353
7354
6144
3738
6322
6321
9301
9300
7355
7356
7357
9299
7358
9298
8614
7266
9296
9305
7562
8850
9293
6058
8621
9292
9291
7268
9290
8608
1214
9307
1215
9318
9308
9328
9327
9325
6117
9324
9323
9322
9321
7267
4343
8042
6796
7935
8047
1003
1020
8041
1004
1021
8048
8049
8050
8046
8045
6797
8044
8043
8643
9313
9312
9311
9310
9309
9284
9306
256
1092
2203
2830
3054
3083
3091
3097
3092
3082
3053
2831
2204
1093
255
277
9252
9240
9255
9254
9253
325
1264
2256
2821
3029
3045
3046
3030
2820
2257
1263
326
348
5084
7932
6145
8267
934
935
1595
8266
6526
8265
1596
7535
38
69
211
777
2286
3422
3623
3654
3659
3677
3678
3674
3675
3676
3673
3671
3672
3670
3669
3666
3668
3667
3665
3664
3661
3662
3663
3660
3658
3656
3653
3651
3641
3640
3636
5012
9248
7870
9246
9245
9244
9243
3553
3554
1281
9242
1753
706
780
773
774
781
707
1754
690
5058
6395
5057
5106
2374
5107
6394
3779
1460
7989
7468
7469
7467
5506
7987
7491
6752
9257
6932
6935
7046
7506
8163
8148
8290
7211
8150
9259
9281
8151
8161
8149
8159
8162
6229
7270
6987
6986
6985
6886
8289
9261
8160
8177
434
8175
8178
8176
7734
7070
7733
8164
9279
9278
2167
6561
6560
6559
5818
3530
2860
5518
6558
7855
6869
6870
6274
6366
9277
9276
679
5370
5369
5371
678
825
677
5184
680
681
6525
5760
5899
7860
7861
7862
7858
7866
7863
7864
7857
7865
7856
7859
3802
2809
2810
5385
5386
848
5384
5897
5668
5900
355
5669
5670
5904
5901
6412
5178
4304
6411
5898
5902
5903
3873
7008
7011
7013
7010
7009
7007
7012
3906
7969
7006
5174
5671
2131
8080
5351
9274
9260
404
9272
1285
3195
3196
3197
9271
8866
7931
9270
9269
9268
4692
5502
6737
6739
6740
6738
2193
3962
5498
5497
7676
7680
8179
8180
8181
8184
8183
8185
8186
8182
7675
7668
5919
7691
6850
7678
7679
7681
8760
8744
8745
8746
6514
8761
8747
8748
5771
7735
8749
8288
5891
6215
9396
8759
8750
8751
8752
8753
8754
8755
8756
8757
8003
7104
5392
7677
8758
9393
9392
9391
9331
6120
9390
6118
9389
9388
9387
9386
6933
9385
5455
9384
5262
889
886
885
884
888
881
887
880
882
883
890
892
891
8642
9381
7672
7656
7658
7671
6699
7657
7673
7655
7674
3887
1598
5779
5814
5815
4639
9419
5812
5918
5813
9418
4433
9417
6927
9416
8720
8710
8728
8718
8711
8712
8713
8714
8715
8716
5931
8724
8719
8717
8721
8722
4750
8723
8725
8726
8727
9414
9423
9413
7822
9410
8592
9408
8224
9406
8618
9405
7827
9403
9379
9412
9378
9365
9351
9350
3074
181
392
3078
1611
2418
2419
1575
5920
2420
3077
3075
2759
666
3076
9349
9348
662
7826
7824
7934
9344
5617
7154
7153
7152
9343
9342
5355
9352
9355
9375
9371
8616
7445
6528
9367
9376
1218
9366
9766
19
3851
8817
8818
8819
8820
6149
8454
8455
3784
9763
8456
7559
7560
7561
8457
8458
5917
6041
2758
4879
9759
9758
1826
1827
5230
0
1794
183
3468
778
4348
2362
5067
5070
7212
7213
5096
4410
5097
7214
7215
7216
4349
2363
5068
5069
7217
7218
5098
4411
5099
7219
7220
7221
5936
978
8442
6882
1023
1024
8444
7030
5440
6881
8446
7028
4164
7029
6393
6392
7027
585
437
1223
5882
5105
2397
7026
4163
5456
196
7025
4162
7793
5530
4016
3100
2441
7794
7024
7792
6435
1663
682
7022
7021
2126
1473
7020
7031
1025
8447
5457
4656
4657
1029
6360
1028
1027
1026
8445
8443
5647
3393
8303
8299
306
307
8295
8298
8297
667
1646
8296
993
994
8301
6557
992
995
8292
8293
8291
8294
8300
8302
8304
8311
8310
619
620
564
996
997
8309
8308
1267
1268
698
8307
8306
8305
5645
2699
7551
7547
7549
7554
7553
7552
7550
7556
5287
7558
7557
7548
7555
7546
7544
7543
1357
7545
6199
5648
3395
7596
7597
7598
7599
7600
7601
7604
6501
7605
7603
7595
7594
7593
84
7602
6463
3607
7131
7138
7132
7133
7135
7137
5210
7130
7134
7136
6467
3818
7100
7098
7102
7101
7097
7103
7099
5978
1196
4798
979
202
1831
1341
1353
1351
1348
1300
1830
1333
1349
1352
1342
1334
1299
980
8284
8283
7041
7042
5628
7003
8286
7043
4233
7044
425
1199
5809
5090
2329
7045
4232
5439
203
7040
4234
4231
156
3882
976
1289
1395
1461
1467
1475
1477
1480
1481
1479
1482
1474
1478
1466
1464
1416
2208
5415
982
981
6852
6853
267
329
7039
7038
7037
983
5438
4422
4421
984
5350
1610
1573
1620
985
8285
6182
5646
3394
5189
2359
6280
6281
6282
6283
5188
2324
6420
6419
6416
6417
6418
1664
1286
7023
1851
5871
612
6331
6333
6334
6336
6338
6349
6345
6344
6342
6341
6339
6340
6343
6346
6347
6348
6332
4173
6335
6337
6461
6979
6980
6982
6981
6983
6469
6984
5094
6466
2823
7143
8012
7141
7144
7142
5620
8011
4633
8022
4634
8008
112
219
453
1600
2971
3961
4418
4641
4648
4638
4655
4636
4663
4631
5868
8024
90
179
380
1379
2789
3916
4439
4697
4704
4706
4703
4708
4695
4718
4684
4755
4681
5922
8010
55
142
292
1200
2496
3878
4559
4807
4813
4827
4832
4831
4829
4825
4823
4814
4839
4799
4846
4794
4876
4792
5983
8025
77
165
345
1303
2750
3895
4437
4721
4713
4749
4711
4790
4700
5933
5940
4671
4843
4670
5939
8027
27
99
215
749
2237
3819
4556
4897
4900
4914
4906
4910
4909
4905
4911
4903
4904
4907
4908
4913
4915
4912
4916
4917
4901
4918
4896
4945
4890
4975
4886
6035
8028
79
168
354
1329
2767
3911
4443
4720
4728
4736
4735
4727
4738
4715
4748
4710
4789
4699
5934
8026
54
143
291
1201
2497
3877
4558
4805
4818
4830
4820
4826
4833
4828
4821
4816
4838
4800
4845
4796
4875
4793
5984
8009
60
147
302
1229
2564
3880
4404
4624
4275
3839
2850
3840
4277
4626
4659
4743
4785
4756
4844
4753
5976
8013
48
126
271
1011
2426
3866
4560
4855
4856
4860
4858
4859
4861
4862
4863
4865
4864
4857
4866
4850
4874
4842
4885
4819
6013
8014
89
180
379
1380
2788
3915
4438
4696
4702
4705
4701
4707
4694
4717
4683
4754
4680
5923
8015
56
144
290
1202
2498
3876
4557
4806
4815
4822
4837
4824
4836
4835
4834
4817
4840
4801
4847
4795
4877
4791
5985
8016
73
158
335
1274
2728
3893
4451
4746
4760
4768
4767
4766
4759
4774
4742
4783
4730
4803
4724
5943
8023
80
169
353
1330
2766
3910
4442
4719
4726
4734
4733
4725
4737
4714
4747
4709
4788
4698
5935
8017
72
159
334
1275
2727
3892
4450
4745
4758
4765
4764
4763
4757
4773
4741
4782
4729
4802
4723
5944
8018
113
220
454
1601
2972
3960
4417
4640
4647
4637
4654
4635
4662
4630
5869
7731
7140
7036
8019
8020
8021
6464
7818
5783
5362
6147
6370
6148
8278
3445
8277
264
6471
1245
804
803
802
1246
8276
964
965
8271
966
8274
8279
8280
8273
8281
8270
969
968
967
8272
8275
5817
3471
3472
8282
8269
4666
9940
1676
5761
6452
6284
6451
6450
2773
6244
6726
6727
6462
856
854
855
7650
7652
7635
7636
7637
6711
852
853
7638
7639
6710
7640
851
7641
7651
7642
7643
7644
7645
2245
2244
364
7646
5516
7647
5593
3062
3063
7648
7649
4427
7052
3036
6030
6861
6520
6863
6862
2970
6429
6848
6849
6460
925
8114
924
923
922
8105
8110
8113
8102
4622
6800
920
921
8112
8111
6799
8109
7210
5728
8108
8107
8106
8104
8103
8099
8098
8101
2344
2343
375
8100
8115
5759
3415
3414
8117
8116
4621
9823
3193
124
2223
1520
1523
1522
1525
1521
1518
1527
1508
1515
1492
1457
1491
1456
2224
1490
1493
1516
1509
1526
1517
1524
173
2180
1450
1434
1443
1423
1419
1382
2181
1383
1420
1424
1442
1435
1451
1447
1446
128
2218
1502
1501
1503
1504
1499
1506
1495
1497
1488
1484
1439
1438
2219
1483
1489
1496
1494
1505
1498
1500
194
2161
1408
1396
1391
1364
2162
1363
1392
1397
1407
1404
1411
1412
1403
272
1820
1819
1291
1316
1323
1336
1335
1324
1315
1290
235
2138
1368
1344
2139
1343
1367
1371
1378
1376
1375
1377
1372
174
2182
1452
1437
1444
1425
1421
1384
2183
1385
1422
1426
1445
1436
1453
1449
1448
97
2243
1567
1565
1563
1564
1557
1560
1561
1562
1558
1559
1486
1556
1548
1568
1545
1555
1540
1538
1485
2242
1539
1541
1554
1546
1569
1549
1566
273
1821
1822
1293
1317
1326
1337
1338
1325
1318
1292
384
1760
1234
1249
1242
1250
1235
1759
274
1823
1824
1294
1319
1327
1339
1340
1328
1320
1295
7056
195
2163
1409
1398
1393
1366
2164
1365
1394
1399
1410
1406
1414
1413
1405
6094
7275
7279
7276
3514
7057
5775
5659
5658
5391
7278
7280
7281
7277
1629
1208
9545
9544
9543
9542
9541
9540
9539
6313
3754
7032
4158
6895
7033
4156
6318
5390
2505
6317
7034
4157
6316
5274
2437
6319
7336
1458
6320
7338
3959
5856
5857
5855
1776
721
4627
4947
4949
4948
4946
303
6791
6787
6789
3797
5046
7466
5676
4407
3137
6372
6371
6900
5071
615
517
6898
6899
6788
7852
7837
7841
7842
7843
7844
6354
7854
7845
7846
7847
7849
7850
7851
7836
7848
7853
7840
7839
7838
7835
5045
3541
2248
3793
7465
3627
4172
5832
5816
3829
5752
5073
2817
6790
6127
3761
7362
7363
1665
7249
66
153
328
1252
2711
3885
4441
4751
4762
4772
4770
4771
4769
4761
4775
4744
4784
4731
4804
4722
5942
7251
123
249
513
1661
3064
3963
4397
4562
4595
4563
4620
4561
5838
7258
1226
2431
3853
5352
5657
5748
5765
5762
6458
7541
7542
7250
7256
7246
7259
1310
2709
3903
5361
5641
5737
5743
6431
7244
1312
2710
3904
5360
5643
5736
5742
6432
7245
1311
2708
3905
5359
5642
5735
5741
6433
7252
7254
504
1587
3022
5172
5715
5841
5888
5906
5908
5910
5909
5911
5907
5913
5912
5915
5893
6782
446
9449
4447
445
602
7540
7257
7243
610
1700
3404
5213
5717
5820
5852
5859
5862
5860
5864
5863
5867
5854
6714
559
7247
7248
7255
7253
6476
6465
3525
6253
6439
6440
6441
5656
6949
8167
6950
8166
8170
8169
8174
8168
8165
8173
8172
6951
932
933
8171
5066
9428
5268
8264
8249
4672
8250
4673
8251
199
603
1704
3897
5501
5886
6034
6059
6062
6084
6085
6086
6081
6082
6080
6083
6078
6077
6079
6076
6073
6074
6075
6071
6070
6068
6069
6072
6066
6067
6065
6063
6064
6061
6087
6060
6093
6088
6095
6051
6885
8248
4676
8252
4675
8255
4674
8256
401
1280
2726
5093
5714
5883
5977
6001
6003
6009
6005
6008
6007
6006
6004
6010
6002
6012
6011
6014
5988
6851
8258
506
1589
3034
5177
5729
5861
5928
5945
5948
5950
5949
5951
5947
5953
5952
5971
5938
6826
8263
4679
8259
4678
8260
4677
8247
6479
8262
8261
8257
8254
8253
5601
5600
5598
5597
4665
5596
5595
8382
6311
3814
2503
5175
6126
6238
6237
5381
5379
1728
5380
3863
6236
3489
2225
6364
6363
6361
6362
6365
6472
3815
9476
5133
7448
248
7446
6884
7447
3917
7148
191
7485
7484
5529
7486
4175
5716
7149
3385
6217
6178
6177
5288
6459
738
4781
1627
5074
6043
5279
6531
6044
6045
6046
6310
3813
7079
7076
7074
708
7082
7075
7081
7077
7080
7078
3816
1738
1528
5521
5526
5522
5523
5524
5525
4780
2290
1703
3763
76
53
895
268
894
893
896
3475
6473
3817
6401
6400
6399
1476
6474
3378
7237
5249
7238
7086
6434
5280
7239
7240
7241
6353
7242
7085
7236
6468
1307
3481
2176
1225
3494
5826
5827
5825
6425
1604
1369
838
1699
5824
3495
5828
6470
3535
6876
6875
8404
8406
8408
8421
8420
8419
8418
6874
8417
8416
8414
8413
8412
8411
8410
8409
8407
8415
8405
5275
7311
6877
4351
6132
7309
7305
7306
6216
6252
7455
7454
7456
7457
7310
7308
7307
8312
2173
1360
497
3048
427
9648
9647
604
216
385
1793
1570
4652
9646
1270
9645
365
289
2328
9644
1219
9643
9642
154
9641
5055
9640
9639
9638
9637
9650
7591
7585
7586
7589
7587
7588
7590
7584
7583
7459
5173
8389
8390
8391
8392
8401
6155
8395
8384
8396
8398
8399
8400
8397
8385
8386
8388
8394
8393
8383
8387
8034
8035
8036
8037
8038
8033
8032
8031
6159
8030
8029
7427
6158
7423
7424
7425
7422
7426
7697
7695
7696
7692
7693
6157
7694
8196
8195
8197
8200
8198
6436
8199
8201
8313
8319
8318
6989
8317
8316
8315
8314
6477
7527
1767
2791
394
5346
7958
9579
7494
3608
6214
7960
7959
594
1455
6235
7304
569
6489
6481
6486
6485
6482
5667
472
6495
6494
6493
7289
1724
5124
3463
3462
647
6492
6491
6490
6488
6497
6487
7295
3589
608
607
606
609
6496
6484
4346
6480
7288
7297
7302
7300
7299
7291
1533
7283
5180
7294
7360
6478
5179
7359
6125
6327
7287
7292
4239
2762
7290
7286
7285
2210
7301
7284
6483
7303
7296
6101
7293
7298
280
6156
9574
1731
1534
1806
236
6860
3648
2966
4409
5653
5650
4408
5652
7910
4591
508
7929
3765
5780
7928
4587
7927
4592
5101
2849
7925
4274
2370
1698
1775
1284
7924
3824
7923
4593
3090
1656
2492
5819
1400
6391
6444
7374
4318
2102
7375
4317
7384
4316
7895
3649
9571
1022
316
849
6300
3144
7904
4590
6176
3588
7906
4396
3532
9567
7379
229
7907
4583
7909
4271
7380
4314
5654
3387
2453
9566
7901
4589
1390
668
5114
5115
5116
424
2105
1417
1617
1097
7920
4582
7385
4312
5724
4554
7917
4577
7918
4576
7382
2780
1772
586
7921
4575
6745
1313
4564
2806
846
4177
525
250
7913
3148
5946
7592
2981
7495
3800
5165
5164
5163
7004
7005
6249
3767
5182
1748
7092
7611
5383
7612
6183
1784
1193
1592
5235
5345
2171
3590
1465
1808
6228
7610
110
2423
1271
7892
4584
224
2279
1686
2986
2197
7383
4315
7381
4313
7902
1463
3759
5461
3160
7894
2866
7376
7926
4580
7912
3423
7373
7372
1015
2104
1809
482
2103
7891
4273
6261
6262
7916
4585
7893
4588
2238
1468
1462
7911
4272
7378
2752
7369
2751
4990
2756
4011
6015
6499
6498
1255
758
7370
7922
1766
498
5533
7914
4579
1418
913
581
3448
2264
7919
4149
7908
1694
5155
7900
7371
2166
4270
7899
4581
2381
1634
3603
2425
857
2845
3513
2330
1668
5718
5925
7898
4586
2226
683
5778
2731
7897
4578
7896
448
331
1649
2190
1682
817
1591
1608
990
991
484
673
282
3396
1837
225
671
1762
3862
5251
5603
5655
5687
5688
5690
5692
5693
5694
5691
5695
5699
5697
5698
5696
5703
5704
5700
5701
5705
5702
5689
5707
5686
5708
5706
5710
5675
6378
7930
5651
3388
6245
4574
6746
2705
1803
7915
4573
7905
4572
5154
2175
3857
6179
101
1301
1852
2768
7903
4571
2824
3050
1785
1670
436
9595
1799
251
6442
1737
527
523
1287
1427
8669
1513
829
916
1000
1078
1101
1115
1120
1128
1127
1125
1126
1119
1114
1100
1077
1001
917
830
1514
9424
1552
861
962
1033
1139
1155
1160
1164
1192
1191
1190
1188
1189
1187
1185
1186
1184
1183
1182
1181
1179
1180
1163
1159
1154
1138
1032
961
860
1553
7260
931
1800
285
2364
592
162
1277
471
5804
5798
5805
5806
5799
5800
5801
5802
5803
2252
170
1829
597
1742
1302
2495
1666
2213
1243
1652
1239
2253
1599
3879
1705
5205
2816
6414
3486
1717
5206
2815
3858
2333
2732
1720
5207
3466
2150
5204
2814
5228
2804
5229
2803
5227
2802
6413
3057
1322
756
793
810
844
863
869
872
877
878
879
876
875
874
873
871
868
862
843
809
792
755
1321
7368
840
14
295
346
9611
909
386
799
396
4224
4228
5259
4229
4227
1813
4226
3826
2356
4225
5865
5866
521
4223
2444
613
177
1695
1795
685
511
3
1532
3601
645
3531
3461
741
2099
2098
2827
207
252
1197
797
1276
2373
451
1805
1571
4448
973
1798
1572
1814
2097
3845
2291
3770
676
2358
663
1651
283
206
2147
2769
413
3474
475
562
579
485
3524
1345
6256
2096
2412
1346
2095
2094
833
2093
2092
2090
2101
1730
2084
2100
2085
2086
2087
2088
2089
5247
5244
1582
6052
2719
2091
4902
1237
3165
1653
5727
2236
9560
6250
1241
8085
6038
6037
1647
697
5357
3051
5356
1770
601
768
3847
7229
7228
7223
7230
7222
7227
7226
7225
766
7224
5283
3888
5281
5282
1771
430
1638
2761
1801
591
9563
1802
605
5843
5844
5845
5846
2978
847
796
575
1579
510
263
184
81
1096
2973
675
1804
625
433
1220
337
9568
5056
9569
5777
2287
7523
2807
6136
7522
6137
6532
6135
7524
7525
5243
5627
3762
528
1221
590
5786
3442
5787
49
50
245
1082
2326
2794
2865
2916
2918
2920
2963
2964
2959
2960
2961
2962
2956
2955
2957
2958
2951
2954
2952
2953
2948
2949
2947
2950
2943
2946
2944
2945
2942
2941
2940
2939
2936
2937
2938
2935
2934
2933
2932
2931
2930
2929
2927
2928
2924
2923
2925
2926
2922
2921
2919
2917
2915
2864
2793
2327
1081
244
51
5785
5784
58
61
261
1204
2353
2796
2858
2870
2873
2875
2914
2913
2909
2908
2907
2912
2904
2910
2911
2906
2905
2901
2900
2899
2902
2898
2897
2896
2903
2895
2892
2894
2891
2893
2890
2889
2888
2887
2886
2885
2884
2883
2882
2881
2880
2878
2879
2876
2877
2874
2872
2869
2857
2795
2354
1205
260
62
65
67
276
1232
2387
2843
2980
2990
2997
3002
3015
3014
3009
3006
3012
3013
3007
3008
3010
3011
3004
3005
3003
3001
2999
2995
2994
2992
2987
2982
3599
3600
2983
2988
2993
3018
3020
3032
3103
3775
104
3774
3104
3033
3021
3019
3017
3016
3000
2996
2989
2979
2842
2388
1231
275
68
1150
1415
9575
221
197
476
1198
1621
1696
1722
1723
1719
1684
1507
736
254
230
600
1603
2829
3596
3788
3801
3792
3713
3108
2148
1619
1211
447
214
649
1671
3182
3883
4307
4371
4379
4382
4391
4390
4389
4388
4387
4386
4385
4384
4383
4381
4392
4378
4393
4377
4375
4370
5441
1212
794
423
1257
2263
3447
3794
3854
3864
3868
3870
3867
3865
3859
5187
7121
4201
1472
806
907
971
1010
1017
1035
1037
1057
1058
1061
1064
1059
1039
1067
1066
1052
1047
1038
1050
1043
1046
1045
1044
1053
1049
1048
1051
1042
1041
1040
1060
1065
1063
1054
1062
1056
1055
1036
1034
1016
1009
970
906
805
1471
7119
4202
1388
785
831
900
918
937
940
942
945
944
954
953
952
950
949
946
947
948
951
955
943
941
938
919
901
832
786
1389
7122
1729
3073
6187
6186
6189
6190
6188
2844
1763
1702
905
2274
5839
5246
5245
1535
2783
373
2847
2712
1470
2848
5365
9659
516
9660
7337
9662
8453
2149
4009
1149
9663
9664
9666
9667
3872
5152
9668
7107
5151
6115
9669
5150
5153
107
7106
7108
9670
2786
43
78
228
800
2241
3047
3420
3500
3804
5202
108
5203
3805
3502
3434
3417
3416
3413
3412
3411
3410
3409
3408
3407
3406
3405
3403
3402
3401
3399
3397
3391
4352
5200
7105
5024
6972
5796
6974
6971
6054
5763
5764
6128
6053
5377
234
6973
5811
3145
589
393
4664
4170
3023
2777
1734
2774
819
5599
2775
1735
1739
2776
3024
1736
6522
2145
761
9671
9672
6405
1542
582
665
664
9673
9674
9675
1713
3176
1687
6103
5044
5992
5997
6102
5996
5043
5995
5994
5993
703
5532
524
9676
9677
7175
146
5664
3433
6893
2782
6097
6099
2407
2974
6096
6511
6512
6513
6098
776
176
1692
1373
6226
1693
5214
5215
5216
9678
149
3171
3168
3169
3166
3170
3167
3172
1269
259
1858
1856
1857
725
3964
372
371
5723
452
2772
3521
2184
5980
1780
6406
6359
3850
6892
5059
6891
6890
6889
6888
6887
811
822
374
103
7953
7951
7941
7945
7944
7943
7940
7948
7949
7950
7947
7946
4848
7942
7952
6312
3812
6383
1783
287
3809
5632
5224
5221
1147
898
5223
5222
814
5633
64
21
5618
91
87
270
710
1662
2191
2285
2292
2300
2301
2303
2307
2306
2304
2305
2308
2309
2310
2311
2313
2314
2315
2312
2317
2318
2316
2319
2302
2320
2299
2321
2296
2294
2288
3052
82
9681
3035
25
93
200
709
2143
3595
3969
4311
4319
4321
4322
4324
4323
4326
4325
4327
4328
4330
4329
4331
4332
4333
4334
4335
4320
4336
4310
4340
4308
4345
4306
5750
9652
5052
22
88
187
688
2136
3755
4284
4596
4597
4600
4601
4608
4609
4612
4604
4613
4606
4599
4603
4615
4607
4614
4610
4611
4605
4602
4598
4616
4594
4619
4568
4629
4566
5851
9624
5051
410
389
1574
2790
3811
4010
4176
4180
4183
4184
4186
4188
4189
4190
4187
4185
4191
4182
4193
4181
4192
4178
5196
7261
376
96
2704
899
2202
570
1282
3470
3469
2787
1454
5613
2703
167
3459
3455
3456
3458
1655
1279
1840
3457
3452
1577
3453
1675
1441
930
3454
1227
3451
2293
2702
5612
319
223
3781
3782
2506
3783
1778
1362
439
441
442
443
444
440
7264
588
330
3795
5746
5712
40
71
218
784
2276
3368
3533
3565
3568
3585
3582
3586
3583
3579
3578
3581
3580
3584
3575
3576
3577
3574
3573
3572
3571
3570
3569
3567
3566
3563
3562
3558
3555
3552
4808
4435
5982
5834
85
121
317
1253
2443
3382
3490
3503
3506
3512
3511
3510
3509
3508
3507
3505
3504
3501
3498
3497
3496
3491
4658
480
313
823
711
6108
6106
6112
6111
6109
6107
6110
6114
6113
824
712
1440
9649
2801
3467
4279
4280
1583
339
2555
2554
752
311
2232
1578
2231
957
520
2854
3154
3156
2221
3157
2222
2855
2220
3155
344
247
563
6772
6773
1825
4276
1755
6774
2770
3149
3480
4739
6775
1006
6776
6883
5411
750
6771
4973
5500
6780
3907
5673
4235
5250
6779
6777
6878
6778
5376
2757
7395
5885
5389
6770
6769
7396
7394
7397
7398
5088
6879
6768
5089
6767
1005
3484
499
9619
6205
6150
7387
6208
2211
1433
5660
5661
5662
5663
4618
6209
1309
2338
6210
6211
6212
6207
6213
2500
2871
5751
6206
6204
7377
213
9555
5048
9489
5049
9459
9460
258
1095
2206
2833
3055
3085
3093
3098
3094
3084
3056
2832
2205
1094
257
278
9461
5050
9462
5047
9463
323
1262
2255
2819
3028
3044
3043
3027
2818
2254
1261
324
347
772
343
118
672
1612
367
368
1298
512
4238
6246
3479
4237
1260
438
1673
32
63
201
740
2146
2841
3081
3112
3114
3117
3116
3125
3118
3127
3123
3120
3126
3119
3121
3122
3124
3129
3130
3134
3128
3133
3131
3132
3115
3113
3111
3107
3105
3099
3080
4165
6970
2840
9464
9465
3679
1769
2838
2839
897
2445
1614
617
701
696
695
702
616
1615
519
3523
6039
3522
4166
1743
7514
7515
7513
7516
7517
7518
7512
7511
4167
6040
505
5
1797
5242
5241
5240
1429
1796
5531
2798
7262
9466
6457
9467
6456
9468
2433
1607
6266
6265
7386
5677
7487
7730
6379
7488
9469
3398
4994
9470
5672
5248
2805
7489
5678
7490
5680
5679
6944
6945
3444
6946
6943
4894
5199
6942
6227
5766
6409
6408
6407
431
6721
6174
3790
6173
7470
8332
8341
8343
8331
8333
8334
8342
8335
8336
8337
8340
8339
8338
8330
8329
8328
8346
8344
8345
6279
7206
7209
6706
7937
7729
7208
5460
2413
4424
9471
9472
9473
9474
7407
7403
7401
7404
7406
7405
7399
7400
352
7402
6352
5226
7207
6351
6350
7938
7014
6389
7015
5395
1258
304
1079
2377
2379
2376
1697
795
1210
1602
2378
1304
5104
5103
3791
5836
3067
9475
9477
4337
298
3758
3756
6089
6092
6090
6091
3757
6231
6232
6233
300
390
299
2976
297
301
1839
109
2389
6804
6811
6807
6808
6810
6809
6805
6801
6802
6803
6806
1616
1580
3681
17
1774
2975
265
1588
2396
3899
2390
3682
3683
3684
3685
3686
3687
3688
3689
3701
3708
3707
3706
3705
3704
3703
3702
3700
3699
3690
3695
3694
3692
3691
3710
3709
3693
3696
3697
3698
129
3901
3898
2392
2393
9484
4432
1657
2271
9485
4431
2395
2391
2394
1278
321
2216
2733
2734
2735
2741
2736
2737
2738
1667
2746
2740
2744
2745
2748
2749
2747
2743
2742
23
2739
341
4687
4686
4685
3443
4688
4689
2215
486
3072
3071
3070
5349
320
5969
5968
5967
5966
5965
5964
5970
5962
5963
5961
5960
5125
5959
5955
5958
5957
4428
5956
5348
2214
3095
6055
760
5793
5791
5792
5795
5794
1678
3900
977
5212
686
9430
5054
3785
120
7265
1254
3060
3059
3061
6523
2867
1356
3179
3178
3753
3177
1594
468
2259
2261
2262
2260
161
116
1018
1019
2405
2404
6735
6730
6729
6732
6731
6734
6736
6733
2401
5464
1332
788
4625
383
7115
7114
3602
7111
7112
7116
7113
2117
1726
2403
1727
7577
7576
4398
7575
7573
6871
7572
4399
7571
4400
7570
3923
5285
6443
7569
6500
3517
3518
1779
5767
2828
2399
7579
7563
7565
7574
4401
7564
7578
7580
7568
4402
7567
4403
7483
2189
1677
2402
7566
9442
3921
7095
7048
5519
9443
9444
6116
5095
2368
9445
7263
5674
3109
4570
2504
1640
1213
9446
1359
636
628
629
6000
631
4956
632
6130
5999
633
634
627
635
637
638
630
626
3789
2284
6962
5452
5454
6963
5769
5453
6964
5451
6965
1347
281
2771
2834
2835
2415
1818
9530
2837
3369
2836
9531
1773
6519
426
2494
7711
7712
7713
7714
7715
7721
7716
7717
7719
7720
5513
7723
7724
7725
7726
7718
3871
7710
7722
7728
7727
2493
4423
1228
4891
2233
6048
6050
514
3633
6049
7120
6100
2258
816
145
9533
5053
5606
1860
1861
9534
9535
1862
1156
2174
1859
815
378
1710
115
333
1712
704
1431
754
496
5278
1432
1708
1709
1609
332
1711
2718
6221
130
5605
5065
5604
5465
4419
762
3429
4426
4425
6396
5258
9536
845
9537
9538
9546
9549
6384
2332
3780
9550
9551
9552
9523
812
4373
9522
9495
9497
9498
9499
9500
9501
9502
9504
9506
9515
9517
9519
9554
9685
9849
9850
9851
9852
9853
9854
9855
9856
9857
9858
9859
9860
9861
9862
9863
9864
9865
9866
9867
9868
9870
9871
9872
9873
9874
9876
9846
9818
9824
9825
9826
9827
9829
9831
9845
9832
9833
9834
9835
9836
9837
9838
9839
9840
9841
9843
9844
9878
9880
9943
9881
9916
9917
9918
9920
9921
9922
9923
9924
9925
9926
9927
9928
9929
9930
9932
9933
9934
9935
9936
9937
9941
9942
9913
9912
9895
9882
9883
9884
9885
9886
9887
9888
9889
9890
9892
9896
9910
9900
9901
9902
9903
9904
9905
9906
9909
9816
9879
9815
9749
9719
9720
9721
9722
9723
9724
9726
9731
9733
9734
9735
9736
9737
9738
9739
9740
9741
9742
9743
9744
9745
9746
9718
9717
9716
9700
9687
9689
9691
9692
9693
9694
9695
9696
9697
9698
9699
9702
9703
9704
9705
9706
9707
9708
9709
9710
9711
9712
9713
9714
9748
9750
9813
9751
9784
9785
9786
9787
9788
9789
9790
9791
9792
9793
9794
9795
9796
9797
9798
9799
9800
9801
9802
9803
9804
9805
9806
9807
9808
9809
9810
9812
9765
9752
9753
9754
9755
9756
9757
9760
9761
9762
9764
9780
9767
9768
9769
9770
9771
9772
9773
9774
9775
9776
9777
9779
9426
9684
9247
9359
9356
9357
9358
9360
9361
9362
9363
9364
9368
9369
9370
9372
9373
9374
9354
9353
9333
9334
9335
9336
9337
9338
9339
9340
9341
9345
9346
9347
9404
9407
9409
9411
9415
9420
9421
9422
9402
9401
9400
9399
9380
9394
9395
9397
9398
9332
9377
9330
9316
9262
9263
9264
9265
16
7682
6243
6240
1853
5183
6242
6241
5041
340
507
2826
2440
9266
9267
745
746
6897
6958
747
6421
6961
748
479
7109
6960
6959
6957
7761
7762
7763
7766
7765
6956
382
6955
6953
6952
7764
744
7110
6954
5166
2249
5086
3135
2410
1848
2072
1866
2067
1869
2049
1872
2034
2033
2032
2031
2030
2029
2026
2024
2028
2027
2025
2019
2017
2016
2020
2022
2021
2023
2018
2012
2013
2014
2008
2015
2011
2010
2009
2001
2000
2004
2002
2003
2007
2005
2006
1998
1996
2040
2050
2064
2079
2114
2127
2168
2170
2178
2200
2142
2165
2124
2113
2078
2063
2046
2039
1997
1999
1994
1990
1993
1992
1995
1991
1989
1988
1981
1980
1982
1987
1984
1985
1983
1986
1979
2055
2057
2081
2107
2129
2151
2421
102
2422
2152
2128
2106
2080
2056
2054
1978
1977
2041
2052
2069
2083
2116
2132
2186
2144
2185
2133
2115
2082
2068
2053
2051
2062
2077
2108
2122
2156
2137
2155
2123
1850
2411
2409
1847
2071
1865
2066
1868
2048
1871
1970
1971
1972
1973
1974
1975
1976
1969
1966
1963
1962
1961
1967
1964
1965
1968
1960
1955
1956
1953
1959
1954
1957
1958
1950
1951
1952
1948
1949
2038
2044
2061
2076
2112
2121
2159
2135
2160
2120
2111
2075
2060
2045
2037
1947
1943
1941
1942
1944
1945
1946
1940
1939
1938
1937
1936
1935
1934
1933
1926
1928
1927
1931
2035
2043
2058
2074
2110
2118
2157
2134
2158
2119
2109
2073
2059
2042
2036
1932
1929
1930
1924
1923
1922
1918
1921
1920
1919
1925
1910
1915
1912
1916
1917
1913
1914
1911
1905
1900
1903
1899
1898
1901
1902
1906
1909
1907
1904
1908
1893
1892
1891
1896
1890
1897
1895
1894
1887
1886
1883
1884
1882
1888
1889
1885
1875
1874
1878
1881
1880
1879
1876
1877
1873
1870
2047
1867
2065
1864
2070
1846
2408
9
10
8
7
5087
3806
3831
3188
3347
3198
3340
3202
3333
3205
3208
3210
3211
3212
3209
3213
3214
3216
3217
3218
3223
3221
3215
3219
3220
3225
3222
3226
3238
3224
3233
3237
3236
3235
3234
3239
3231
3232
3230
3229
3228
3242
3227
3241
3244
3240
3246
3247
3250
3249
3245
3248
3243
3251
3265
3252
3264
3253
3263
3262
3261
3259
3258
3257
3256
3254
3260
3266
3255
3268
3272
3269
3270
3267
3275
3273
3277
3274
3276
3206
3334
3203
3341
3199
3348
3189
3833
3836
3181
3835
3832
3191
3350
3201
3346
3352
3373
3424
3384
3425
3371
3353
3343
3337
3331
3328
3278
3280
3271
3285
3279
3283
3282
3289
3281
3284
3286
3290
3287
3288
3291
3292
3304
3301
3300
3299
3298
3297
3294
3302
3293
3295
3296
3305
3303
3306
3307
3316
3315
3313
3314
3311
3310
3309
3312
3308
3318
3317
3326
3325
3324
3319
3327
3322
3321
3320
3323
3330
3336
3339
3345
3356
3375
3431
3440
3441
3432
3376
3357
3351
3355
3374
3427
3383
3426
3372
3354
3344
3338
3332
3329
3207
3335
3204
3342
3200
3349
3190
3834
5666
5665
33
35
15
34
5374
4240
5823
5822
5821
239
5914
1314
5021
5014
5022
5019
5018
5020
5013
5017
5023
5016
5403
2340
3152
2341
188
5015
4884
6603
6604
6605
6606
6607
6618
6609
6610
6611
6612
6613
6614
6615
6616
6617
6620
6619
164
6630
6629
6628
6627
6631
6625
6624
6623
6626
6622
6621
6602
6608
6589
6581
6601
6579
6578
6600
6576
6575
6574
6573
6572
6571
6570
6569
6582
6583
6584
6585
6586
6587
6588
6590
6591
6592
6593
6594
6595
6596
6597
6598
6568
6599
6577
6580
5147
5144
5136
2429
5141
5145
5137
5148
5146
5140
6171
1812
6515
6517
6516
7058
7059
7060
7061
7062
1751
210
125
351
409
381
140
406
2862
1725
2863
415
1402
2861
338
1706
237
5138
6192
182
5139
5142
4380
122
2179
1544
7329
7330
7316
7325
7314
7315
7613
7189
6448
7192
7614
7188
7615
7190
6447
7616
7191
7618
7186
7619
7187
7185
7620
7621
7184
6449
7183
7622
7182
7624
7313
7312
7328
7327
7326
7324
7323
7317
7322
7320
7319
7318
7321
6757
7417
7412
6758
7419
6759
7413
7420
7414
7415
7416
6760
7418
7194
6196
7193
7421
7198
6756
6755
7197
6753
7195
6754
7196
7617
7623
3360
3367
3359
5122
2281
2792
3362
3365
3358
3361
3363
3364
3366
6299
3079
6305
6200
5201
6306
13
6287
911
936
6164
5117
6160
6167
6161
6162
6163
6165
6166
6168
6169
6170
929
8476
8503
8504
8501
8495
8481
8493
8494
8496
8497
8499
8506
8502
8490
8487
8478
8474
8475
8477
8480
8489
8483
8484
8485
8486
8482
8479
8473
8488
8509
8508
8507
8491
8505
8510
8492
8500
8498
238
1648
674
801
771
939
759
2172
240
757
3891
6832
5840
6423
5239
7478
7477
7480
7479
4642
6763
6744
6762
5534
6502
6728
6764
6765
6454
6382
8437
8439
4650
4651
790
6139
5734
8084
8448
8452
8450
8083
8449
8082
6453
8451
7174
8609
8611
8610
8438
9295
8381
7786
8074
6404
1841
1238
1817
2382
4475
4452
4460
4458
4456
4477
4482
4483
4499
4479
4480
4492
4490
4481
4484
4485
4486
4489
4491
4500
4494
4495
4496
4498
4493
4502
4501
4457
4455
4454
4453
2346
4459
4468
2345
4461
4472
4471
4476
4467
4466
4465
4463
4462
4478
4488
4464
4469
4470
4473
3418
3488
4474
11
3487
4199
715
714
5102
719
718
4309
3799
3798
717
716
4497
4487
6278
5602
5109
3430
1206
1266
1207
722
2234
3807
3370
155
1248
870
2984
2985
3556
3557
6749
956
1102
5208
4617
6978
6222
2384
5110
2383
5111
5108
2277
1296
6534
6533
4870
4871
4868
4869
2713
4872
4246
3846
3830
1733
6535
1732
2556
694
1487
693
205
5255
3875
5393
4305
6304
6303
4867
7271
6302
5276
6301
7272
3881
5277
2400
5634
4716
7334
7333
7335
7332
4195
6225
6713
7018
5611
3594
391
6410
5504
5503
6277
5830
7017
7179
3039
7178
5256
7180
7176
7181
7177
2436
2278
6475
6219
5747
5732
1834
1832
1740
1833
1836
1233
171
1835
1547
5149
5236
624
1606
9778
4549
4539
4541
4545
4546
4547
4548
4537
4524
4507
4508
4505
4506
4514
4519
4520
4530
4551
4518
4513
4512
4503
4504
4509
4510
4544
4543
4540
4538
4536
4535
2350
4531
4529
2349
4528
4527
4542
4525
4516
4521
4522
4550
4511
4517
4515
4523
4526
4534
4533
3421
2282
3820
4532
12
3821
6977
400
377
5789
5788
1428
2779
2430
4660
4661
286
208
568
1658
2825
3515
3632
3736
3740
3743
3749
3748
3747
3746
3745
3744
3742
3741
3739
3717
3631
3519
2764
1401
314
152
408
1251
2852
4174
4841
4995
5025
5028
5029
5030
5033
5032
5031
5034
5035
5027
5026
4996
4940
4436
3796
2375
1718
5143
2507
6140
5515
5514
467
322
769
1863
3049
3528
3606
3635
3638
3639
3637
3634
3605
3529
2965
1707
501
241
622
1645
3437
4341
4873
4989
5008
5010
5009
4991
4943
4632
3908
2822
2367
3175
3173
222
500
3174
1781
5373
5372
6307
5127
908
5130
5626
5129
5128
1633
3477
3478
5625
2991
4449
657
656
4878
654
652
3890
3621
3622
655
653
18
4552
4553
5987
3604
6703
6704
6705
6218
6707
6708
6709
3861
3058
5450
6298
3912
7508
6741
5404
5772
4809
5773
4810
4179
3473
95
449
495
1236
2325
2347
2369
1842
2295
2273
3089
186
2342
2432
3450
1787
2351
2275
2385
2251
2334
2355
2283
1637
1674
1679
1639
1660
2201
269
5458
7435
5720
6743
5405
5776
6742
5406
6264
5219
6263
5220
7507
798
7509
5744
1308
4690
1350
2169
1777
1581
2195
1194
2808
2337
739
2130
466
621
1585
1131
1536
1355
1576
1116
350
1381
598
642
651
726
775
1256
1843
370
5413
4278
5981
5135
3192
5412
7510
5682
4646
6133
3428
1358
6844
6223
2339
1605
5004
5005
5006
5007
4998
5000
4997
4999
5003
5002
5409
2336
3153
2335
193
5001
4882
6674
6656
6675
6676
6680
6679
6678
6677
6673
6694
6688
6685
6690
6655
6651
6657
6681
163
6672
6671
6670
6669
6668
6667
6666
6665
6664
6663
6684
6662
6661
6660
6659
6658
6682
6683
6693
6687
6686
6695
6692
6691
6689
6654
6650
6637
6632
6634
6635
6638
6639
6640
6633
6641
6653
6643
6644
6645
6646
6652
6649
6648
6642
6647
6636
5684
4645
5929
4849
1531
807
988
987
989
1741
1659
5113
3823
3031
2371
1430
1331
6184
5159
986
494
7751
7094
4198
5387
4286
5388
5186
3837
1209
342
4196
6868
5266
5267
5112
6722
3400
5850
6289
2187
6288
1013
5725
2450
8060
8061
8062
8063
8059
8065
8064
5091
5375
8057
8056
8058
8052
8053
8054
8055
5512
8051
3626
623
428
661
178
660
659
6151
5075
6295
5233
6297
5234
5615
3380
7273
6504
6505
6134
7274
5195
2799
4338
5191
5194
1838
5505
349
3449
5192
4434
5190
4339
783
4892
4244
3493
1844
1845
3492
4243
4893
6105
6104
3146
1750
1752
336
770
6248
2198
36
28
4
2509
2
24
175
705
1791
2424
2557
2565
2569
2571
2570
2573
2572
2575
2574
2577
2576
2580
2579
2578
2581
2582
2583
2584
2585
2586
2588
2587
2589
2590
2592
2593
2597
2591
2594
2595
2596
2598
2599
2601
2600
2602
2603
2604
2605
2608
2607
2606
2609
2611
2612
2610
2613
2614
2617
2616
2623
2567
2687
2562
2694
2559
2697
2553
3151
2552
2698
2558
2693
2561
2686
2566
2615
2621
2618
2620
2619
2622
2624
2626
2625
2627
2628
2629
2630
2631
2632
2634
2633
2636
2635
2639
2638
2637
2641
2640
2642
2643
2647
2644
2645
2646
2649
2648
2651
2650
2652
2654
2661
2660
2659
2657
2656
2690
2692
2700
2706
2722
2813
3379
2812
2721
2707
2701
2691
2689
2653
2655
2658
2662
2663
2665
2664
2666
2668
2667
2669
2670
2672
2671
2674
2673
2676
2675
2678
2677
2679
2681
2684
2680
2683
2682
2685
2568
2688
2563
2695
2560
2696
2551
3150
2508
2361
1650
435
92
6
1
20
119
518
1807
3591
3886
4023
4025
4036
4039
4032
4044
4041
4048
4038
4045
4042
4043
4049
4035
4062
4040
4071
4070
4029
4030
4031
4028
4033
4034
4067
4065
4064
4060
4059
4058
4057
4090
4037
4075
4054
4053
4051
4052
4055
4056
4061
4103
4063
4073
4104
4066
4068
4069
4072
4024
4140
4020
4147
4013
4150
3967
5265
5264
3966
4151
4012
4146
4019
4139
4026
4076
4099
4047
4100
4046
4101
4050
4102
4112
4098
4097
4111
4094
4084
4077
4078
4079
4095
4080
4074
4081
4082
4083
4085
4110
4093
4109
4086
4108
4087
4107
4088
4089
4106
4091
4092
4105
4113
4096
4142
4144
4154
4168
4205
4445
5408
106
5407
4446
4206
4169
4155
4145
4143
4129
4121
4120
4114
4116
4127
4126
4125
4132
4115
4128
4118
4135
4122
4133
4119
4136
4124
4130
4131
4123
4134
4137
4117
4138
4027
4141
4021
4148
4014
4152
3968
5263
5185
3715
2212
742
192
98
131
2510
86
233
839
2811
5121
5462
5537
5539
5542
5592
5591
5590
5589
5588
5587
5584
5586
5585
5583
5582
5581
5580
5579
5578
5576
5577
5574
5575
5573
5572
5571
5570
5569
5568
5567
5566
5565
5564
5563
5562
5561
5559
5560
5558
5557
5555
5556
5553
5554
5552
5551
5550
5549
5548
5547
5545
5546
5544
5543
5541
5540
5538
5536
5463
5176
2851
743
151
37
148
432
1721
3773
5157
5257
5290
5293
5344
5343
5342
5341
5339
5340
5338
5337
5336
5334
5335
5332
5333
5331
5329
5330
5327
5328
5326
5325
5323
5324
5322
5321
5320
5319
5317
5318
5316
5315
5314
5313
5311
5312
5310
5309
5308
5307
5306
5304
5305
5302
5303
5301
5300
5299
5298
5297
5296
5295
5294
5292
5291
5271
5218
4623
3194
1584
789
137
138
1815
133
134
44
46
5484
5483
5471
5473
5416
5417
5418
5437
5480
5479
5472
5476
5477
4682
6056
2729
5419
5731
5423
6701
5425
5426
4374
4406
4405
5429
1259
8662
5433
3913
3844
5467
5478
5475
5474
5430
5421
2501
5436
5491
5427
5486
5469
5485
5489
5488
8667
8663
8668
5432
6258
3065
5420
6702
4347
8665
8666
3587
3752
5431
5428
5493
5490
5492
3776
5434
5435
5424
5422
5482
5487
5481
4887
5468
5466
3777
5470
135
8664
136
1148
4200
2196
190
515
522
2154
284
850
1597
2153
5162
1103
2499
3827
5161
262
7127
6923
6896
6925
6948
6792
6894
6922
6924
3159
4992
4974
4993
2246
4649
2289
2297
2298
7146
2720
360
1758
1757
1816
6224
8768
8769
8775
8778
8779
8782
8783
8786
8787
8764
8790
8785
8784
8781
8780
8777
8776
8774
8773
8772
8771
8770
8767
8766
8765
8763
8788
8789
8793
8791
8804
8803
8802
8801
8805
8800
8798
8797
8796
8795
8794
8792
8799
3629
359
3610
3624
6858
358
3184
3186
3612
3185
3139
3613
3618
3187
6857
3614
3615
3616
3611
7147
3183
3617
3619
3620
357
5631
5630
5629
39
362
356
9556
5132
361
363
2859
1593
6865
212
172
2268
5134
3464
7878
7886
7885
7890
7889
7888
7876
7877
7883
7873
5808
2270
1683
7163
7165
7166
7168
7169
7170
7171
7157
7162
7172
7158
7161
7164
7167
7173
7155
7156
7159
7160
2267
2125
2265
70
166
4209
4208
4210
4207
4221
4220
4212
4217
4211
4213
4214
1746
4215
1745
1744
4216
4222
4218
4219
2266
402
1543
2269
7887
7874
7884
7872
7871
7875
7879
7880
7881
7882
5807
6294
6285
5085
6290
5232
2438
5636
3435
2272
5092
7269
6328
5745
3914
2192
6185
6415
6503
7365
1306
6291
3037
3419
6836
6835
3158
6834
5507
6833
5363
3920
6033
5685
4643
4444
2398
6866
2724
2372
2365
1510
3828
3163
2763
4281
5517
6329
6330
6507
5364
903
904
820
902
593
470
1361
587
6506
6272
6273
4811
3772
4153
1519
3644
3646
3642
503
3647
4668
4669
4667
1618
3645
3643
6293
684
5168
6812
6815
4022
6814
6813
5170
5167
5169
387
5171
6387
5260
6286
5231
4812
3771
5640
4415
5837
4888
6152
565
975
753
599
700
1811
6153
5123
6991
6992
6993
6994
6995
6990
6154
7431
398
7432
7433
7430
7429
52
47
2451
2452
243
912
1151
1690
1689
253
204
560
1643
2785
3446
3527
3539
3542
3545
3551
3549
3550
3548
3547
3546
3544
3543
3540
3538
3526
3460
2714
1370
305
150
405
1247
2846
4161
4779
4942
4976
4979
4984
4980
4982
4983
4981
4986
4985
4978
4977
4951
4880
4416
3786
2366
1701
6867
327
2331
1764
1765
293
294
737
1756
2723
3042
3102
3140
3142
3143
3141
3138
3101
3041
2550
1613
450
232
611
1632
3390
4203
4653
4732
4776
4778
4777
4740
4693
4413
3856
2778
2280
639
640
2856
469
3559
2230
2977
6324
6202
6748
3848
4394
3625
6325
2716
6326
6747
59
42
160
573
1625
2323
2439
2456
2458
2460
2465
2466
2462
2481
2482
2464
2463
2469
2480
2468
2471
2473
2475
2477
2472
2476
2474
2479
2478
2467
2470
2484
2483
2487
2485
2486
2489
2490
2491
2488
2461
2459
2457
2454
2427
2235
1240
312
75
31
139
412
1644
3088
3838
3902
3925
3927
3958
3957
3955
3956
3954
3953
3952
3951
3950
3944
3945
3946
3943
3949
3940
3942
3948
3941
3939
3947
3938
3930
3935
3936
3937
3934
3933
3932
3928
3931
3929
3926
3924
3889
3852
3377
2140
692
369
841
767
3597
5193
3598
6292
779
5082
3389
5081
3766
5076
2765
5755
5754
5757
3909
5756
1849
5080
5079
5078
5083
5077
584
1749
422
834
574
648
1203
1374
2239
6220
5131
5870
5887
1716
5768
4247
4204
1761
3087
3737
4249
2414
1469
808
3392
397
1590
958
1669
1230
2753
1828
1283
5681
4644
2386
842
4017
5781
416
417
3768
418
421
2502
2754
2755
420
419
7659
6032
7660
7661
9035
9034
9031
8140
9029
9028
9027
9026
9025
9024
9023
9022
9033
8137
9040
8136
9042
8135
9059
9058
9041
9057
9056
9055
9054
9053
9062
9061
9052
9050
9048
9161
9162
9163
9164
9165
9166
9167
9169
9170
9171
9172
9173
9174
9175
9176
9160
9159
8134
9157
9142
9217
9144
9145
9146
9147
9148
8133
9150
9151
9152
9153
9154
9155
8132
9168
9179
9207
9200
9201
8131
9203
9204
9205
9210
9181
9188
9189
9191
9193
8130
9195
9141
9140
9139
9129
8129
9085
9086
9087
9088
9089
9090
9091
8128
9093
9083
9099
9082
9080
9066
8127
9068
9069
9075
9076
9079
9132
9133
9134
8126
9135
9136
9137
9121
9120
9119
9118
9103
9104
9105
9106
9107
9108
9111
9112
9113
9143
9063
9117
9116
9115
9114
9110
9109
8125
9138
9130
9128
9127
9126
9125
9124
9123
9122
9102
9101
9100
9081
9078
9077
8124
9074
9073
9072
9071
9070
9067
9065
9098
9097
9096
9095
9094
9192
9190
9187
9186
9185
8123
9184
9183
9182
9196
8122
9198
8121
9199
9215
9214
9213
9212
9211
9209
9216
9208
9206
9180
9177
9064
9178
9049
9047
9046
9045
9044
8120
9043
9036
9032
9220
9218
9197
8119
9131
9092
9084
9194
9202
9156
9149
9158
9060
9051
8118
9030
9037
9038
8138
9039
9221
9219
9237
9234
9235
9236
9239
8139
9238
8141
9232
9233
9230
9229
9228
9227
9226
9225
9224
9231
9223
7957
7956
7955
9222
8086
7664
6830
6829
6827
6828
8154
8152
8995
8994
8993
8992
8991
8990
8989
8988
8987
8998
8985
8984
8983
8982
8981
8980
8979
8978
8977
8976
8975
8974
8973
8972
8971
8996
8997
9000
8969
9013
9014
9017
9015
9016
9018
9020
9021
9019
9011
9012
9009
9008
9007
9006
9005
9004
9003
9002
9001
8970
8986
8892
8896
8895
8898
8899
114
8903
8905
8907
8908
8909
8890
8906
8904
8902
8897
8901
8900
8910
8891
8893
8894
8911
8967
8913
8942
8943
8944
8945
8946
8968
8947
8948
8950
8951
8955
8956
8957
4430
8939
9010
8999
8949
8952
8953
8954
8941
8924
8926
8927
8928
8929
8930
8931
8932
8933
8934
8935
8912
8937
8936
8938
8923
8922
8921
8920
8919
8918
8917
8916
8915
8914
8925
8940
8966
8965
8964
8963
8962
8961
8960
8959
8958
8153
8155
8075
7087
7088
7662
7665
7089
7666
7440
7441
7442
7443
7663
7437
7438
7439
7436
6296
4691
6843
6842
6841
6386
6388
6385
5261
1782
1111
972
791
6837
5448
6368
4881
583
6839
6838
5442
787
1002
1768
1224
2247
3787
5683
1624
5726
727
729
730
728
731
735
733
734
732
6247
1788
5637
5638
4555
2417
1622
1631
1630
572
1623
2416
4787
5594
1297
127
117
813
2360
3778
4171
4282
4287
4290
4292
4295
4296
4297
4294
4298
4299
4300
4301
4293
4302
4291
4303
4289
4288
4285
5225
279
288
185
209
189
974
2428
3810
4241
4342
4353
4356
4358
4362
4360
4361
4366
4364
4363
4365
4367
4359
4368
4357
4369
4355
4354
4350
5252
310
296
141
699
2207
3712
4006
4230
4248
4252
4254
4256
4257
4259
4258
4260
4264
4261
4262
4263
4267
4266
4265
4255
4268
4253
4269
4251
4250
4242
5209
227
246
315
1654
2969
3822
3919
4008
4015
4018
4007
5158
618
713
4283
5284
2446
5253
57
41
157
567
1628
2348
2455
2512
2514
2516
2520
2518
2525
2519
2521
2523
2522
2527
2524
2526
2528
2529
2531
2530
2533
2534
2532
2536
2535
2541
2537
2542
2540
2539
2545
2538
2543
2547
2546
2544
2548
2517
2515
2513
2511
2442
2250
1244
308
74
29
132
407
1636
3096
3849
3922
3971
3973
3976
3975
3974
3981
3982
3979
3986
3978
3983
3980
3977
3987
3985
3989
3988
3984
3990
4000
3993
3994
4001
3997
3996
3995
3992
3991
3998
4004
3999
4003
4002
4005
3972
3970
3918
3860
3386
2141
687
366
6230
5181
5254
6374
6375
9317
9319
9329
9320
526
2229
509
2228
2227
463
561
3842
464
6750
3841
4569
465
462
4245
9285
9286
9287
9288
9289
1222
551
552
558
554
555
556
557
547
550
544
541
540
539
537
534
533
532
545
553
542
543
531
548
549
535
536
538
546
529
530
