9919
9311
9310
9309
231
466
493
7325
5421
464
492
5946
5948
5949
5947
7322
463
494
7320
5757
7642
9395
6099
885
1665
1655
6675
465
495
479
478
1690
482
7321
483
8416
393
416
461
497
5822
7976
7323
7975
5823
5966
7977
462
496
5173
5172
7319
460
498
5593
7970
8407
8347
7324
9230
5095
3631
5094
9277
1785
2994
7762
8543
8542
8519
8529
8532
8533
989
488
1280
8507
8515
8509
8510
8516
8512
1240
551
1514
7763
8513
8514
8508
8511
740
1617
247
541
7766
8518
8536
8537
8538
8539
8540
8541
8523
8545
8535
6911
8534
8531
8530
8528
8527
6848
2381
553
1362
1361
5192
2153
3156
7764
8525
8524
8520
4829
6797
8052
2525
1618
6974
6976
6973
6972
6975
5370
5376
5375
5374
5373
5371
5372
5582
3042
7663
6156
3603
2174
5047
5106
4135
6155
987
6538
5353
5342
5341
6117
6116
5346
6759
5503
5610
6758
6760
7681
7678
7679
7680
7682
7676
7674
7675
7584
7581
6168
6169
7784
7780
7790
7781
7779
7778
7782
7789
7785
7783
7791
7788
7787
7786
7776
7604
7602
7601
7607
7608
7606
7609
6332
5369
7677
7673
7583
7582
7777
842
7605
7603
5728
6333
6330
6331
6537
1767
5424
3876
9482
9620
5131
3735
4858
5583
6539
6499
6251
552
2168
1722
8546
8517
8521
8522
8544
8526
272
625
6298
8053
4828
6796
1170
1828
1827
7765
6691
6692
8051
4827
6795
6250
507
9621
8795
8794
8793
8792
6770
9622
8550
7339
8549
8551
8548
1055
9624
9625
9626
9627
9628
107
7951
2329
5422
6280
9629
8179
7174
5213
7175
9632
8198
7177
5212
7176
8184
8208
7029
8705
8706
7030
8707
8708
8712
5907
8710
8711
8709
8704
7760
8718
8717
6806
8716
8715
8714
6687
8186
9644
8193
9633
8181
9634
8211
9635
8203
9636
8183
8671
5912
8788
8787
7028
8785
8783
5699
8782
8790
8789
7513
7965
7511
7512
5684
8786
8784
8781
8791
7097
738
8194
9874
7808
7632
7809
6726
7180
9877
8713
8014
8665
8682
8681
8680
8679
8678
8677
8676
8675
8683
8673
8674
8672
8664
8670
8669
8668
8667
5893
8666
8684
8199
7368
7367
7363
7364
7365
8185
7366
5330
8178
8195
7448
8804
7447
7450
7449
8807
8818
8808
8809
8820
8817
8816
8815
8814
8813
8812
8811
8810
8819
8806
8805
8803
7446
7434
8802
8801
8800
8191
9738
4726
5902
5880
5901
8575
3509
8573
8209
1248
839
841
840
1247
8574
1058
1059
8576
1060
8581
8577
8569
8579
8580
8578
1061
1062
1063
8572
8570
5927
3535
3536
8582
8571
9745
5745
6943
6290
6944
6942
3138
1083
8210
1079
1080
1081
8632
8636
8635
8634
8619
1085
1084
8620
8621
8622
1082
8623
8624
8625
8626
8627
8628
2423
2422
404
8630
5954
8629
5963
3567
3568
8631
8633
6289
5724
6915
6243
6914
6916
3112
1047
8196
1045
8494
1048
1049
1046
8488
8487
8491
8492
1044
1043
8503
8490
8502
7494
5828
8498
8497
8489
8493
8506
8501
8486
8505
2410
2409
400
8495
8496
5905
3511
3510
8500
8499
9713
8188
9714
9715
9716
9717
9718
9719
9720
9721
9722
9723
9724
9725
9727
7792
8353
8349
8354
9755
9756
8355
8348
8352
8351
8350
5733
9784
9785
9786
9787
9788
9789
9792
9793
9794
9796
8402
9808
8404
9797
5817
9798
8403
9799
5824
9801
8400
9802
8399
8504
8398
9804
9805
8062
8065
8064
8063
1329
5713
6411
6690
6104
5247
7437
5357
7435
7438
7436
6412
5137
3845
5591
5502
6244
6693
6245
6694
3594
7327
3850
7723
7725
2889
7749
7750
7751
7755
7757
7744
7746
7759
7758
7753
7752
571
6242
570
2700
7754
7756
2185
7748
7747
7743
7745
8187
3064
6793
6794
6792
7600
7938
7939
7940
5614
8180
8657
8658
8659
8660
8661
8654
8653
8652
8662
8648
8649
8647
8650
6773
8663
8656
8646
8655
8651
9782
9781
7326
7721
7722
7724
7384
9780
8206
9758
8200
8162
3739
8164
7419
8163
8201
9763
419
8301
8298
8299
8300
8302
9765
9772
8207
6822
6821
9778
8202
7383
8192
9700
6941
9396
9366
9418
9419
9420
9421
8205
9422
7385
9423
2943
4896
7317
5093
7316
7318
7315
9427
8212
9428
8190
8197
8042
5696
8047
7424
7683
5714
8048
8044
8041
6991
8043
7425
8046
8182
7257
5510
6505
7451
5584
7774
7771
7772
6922
6214
7773
5585
7770
8204
8045
7475
7474
7473
7472
6365
6542
7476
7115
5486
7024
6541
9440
6118
6022
3820
7950
9441
7633
5483
3498
9442
1561
9443
9444
5917
9445
9349
9414
9348
9280
9249
6829
7798
7735
807
9250
3000
5484
8322
547
6514
6513
6512
6524
6530
5434
6515
6516
6511
8328
6517
616
6518
6519
6520
6521
6522
6523
8330
6525
6529
6526
4347
6527
8340
8341
8339
8332
8338
8342
5597
8343
5244
8333
7496
6830
5245
7495
6232
7010
8337
8336
9254
8325
8323
8331
6176
8324
8326
6528
8327
8334
6372
8335
8329
5324
9225
5419
5595
7955
2692
7096
6912
8120
8118
8121
8852
6352
8851
8563
8849
8848
8847
8846
8560
8602
9332
7439
7732
8829
8822
5770
8735
9343
7844
6815
8605
8598
6892
8590
8618
8833
7733
6351
7471
5385
7914
7929
8839
7665
9458
8858
6913
5474
9379
8612
3453
8835
8836
8562
8610
8117
6373
8838
6113
8262
6230
5973
9393
8841
8599
156
8840
8837
8600
7179
9224
793
8834
8297
6971
8594
9325
6226
7178
8821
8559
8295
7803
7794
8131
7428
8054
8588
9308
8855
7936
9302
7501
9301
8603
8593
8856
7963
7104
8608
9300
8857
7557
8607
8860
8859
8243
8595
8592
6404
6886
6847
8167
6879
8863
8561
8862
8861
6235
6798
8845
8558
8613
8410
8609
8411
8614
8408
6485
8611
5264
8554
8617
8854
7022
739
7466
8843
6209
8553
8606
8616
9298
8842
9340
8823
7026
7210
8824
8591
8166
8552
8844
6421
8565
8165
9336
5809
6800
8056
8555
7707
7842
8825
7843
8556
7310
8405
8826
8827
3081
619
6032
6348
9318
8828
8119
9231
8296
7341
7956
8830
8831
6951
7514
8832
6761
6901
8557
4406
9229
7958
3440
7065
7397
633
664
1601
1656
8644
1486
802
890
974
1051
1074
1089
1093
1099
1096
1097
1098
1092
1088
1073
1050
973
889
801
1487
9273
1527
833
933
1005
1111
1127
1132
1136
1140
1141
1142
1143
1144
1145
1146
1147
1148
1149
1150
1152
1151
1153
1137
1133
1128
1112
1006
934
834
1528
8122
6673
7959
4370
6831
5590
4603
6342
5804
7703
3087
6430
6170
6378
9269
6963
9257
6671
8066
6345
9433
6695
9424
6735
9417
7973
9476
7457
7336
7796
7974
9470
7409
9460
6756
9454
7972
7025
9415
7971
9371
9407
9405
9403
7456
8015
1504
811
903
982
1065
1104
1107
1109
1115
1116
1117
1119
1118
1120
1121
1110
1108
1105
1066
983
904
812
1505
6498
487
3783
6504
6531
6820
9389
7114
7509
7503
6540
7507
7506
9388
7504
7343
9387
7505
7059
7058
665
7508
9386
6377
6672
4387
7954
6246
6791
323
6166
7427
3870
6234
6228
4395
6885
6887
6855
2756
1660
4131
5747
5420
5708
2759
7961
9385
7068
5248
7957
9384
6188
6893
7734
8401
6501
4212
5858
4389
5389
2298
2427
6950
5961
2690
6397
3474
2774
2355
3015
6399
5870
7911
6895
5992
5871
6876
6878
5012
6891
6889
6880
6882
5418
6877
6883
6890
6896
6894
6884
6881
7098
7101
6121
7944
5619
6888
6977
5687
9383
7720
7314
7719
9215
8415
7209
8409
8133
8132
9347
7718
8169
9390
8168
7645
7103
6994
7981
8221
8217
8219
8220
8213
8218
8215
8214
901
8216
7979
5806
7980
7982
7644
5900
7208
7952
5485
7953
9391
1434
3744
1760
2941
1689
645
3139
7556
9392
9394
7949
5810
6173
1190
6284
9398
9413
7799
7806
7805
7804
7807
796
1189
5333
7717
7714
7716
7715
7713
7712
7711
6106
5495
555
433
1064
2192
3001
3413
3458
3459
3457
3411
2828
1764
621
314
757
1765
3539
4318
4687
4770
4761
4543
3940
3044
2735
6769
9399
3124
4175
5688
6768
9400
8567
9401
8566
9402
8564
9404
6909
6799
9408
5865
5864
5715
7100
7099
5596
7071
3726
6484
588
6483
9409
9410
3137
9411
8397
9412
8547
5772
9382
7386
7662
7658
9381
9380
7727
7659
7947
7728
7661
7731
7730
7729
7945
7946
7660
8864
45
88
236
810
2331
3414
3606
3690
3694
3697
3698
3699
3700
3701
3702
3703
3704
3705
3706
3707
3708
3709
3710
3711
3712
3695
3692
3688
3655
3632
3627
3623
5011
5629
7948
9350
7969
7968
7967
7943
6357
6356
6755
7942
9351
7966
9352
9353
9354
8189
7126
9355
9356
9357
9358
9359
9360
6096
9361
7125
9362
9363
5331
7426
9364
9365
6150
8615
9367
6907
6094
9368
9369
6908
9370
6095
9372
9373
9374
4355
7467
3859
9375
9376
9377
9378
9397
8406
7044
7477
7480
3359
4169
7478
7055
7056
7057
7479
5599
618
5038
5037
5035
5039
3041
5036
7742
7043
6097
9464
9416
9450
9451
9452
9453
8072
5705
8068
8071
8067
8070
8069
9455
7066
7962
5833
8483
8482
8481
8472
8484
8480
8478
8477
8473
8476
8475
8474
7937
8479
8485
9456
9457
6147
3725
6420
7042
7039
5186
5017
7041
7040
4826
1647
1666
7775
26
99
203
695
2162
3778
4415
4875
4894
4898
4899
4901
4900
4904
4903
4905
4902
4908
4907
4906
4910
4909
4912
4911
4913
4914
4895
4916
4873
4925
4870
4964
4864
6011
3013
9459
9461
30
105
222
726
2215
3799
4540
4928
4930
4932
4933
4934
4935
4936
4937
4939
4938
4940
4941
4943
4942
4944
4946
4945
4931
4948
4927
4962
4923
4986
4915
6017
9462
9463
9465
9480
408
1264
2705
5075
5694
5867
5965
5993
5995
6000
6001
5998
5997
5999
5996
6002
5994
6004
6003
6006
5991
6834
9466
3491
938
6402
9467
6172
1610
5013
5471
5469
5014
5470
6401
644
5850
5851
5853
5856
7797
5262
6836
5854
5848
3830
5847
7664
5849
5015
5852
5869
5855
9468
6403
2775
7906
8346
8344
9469
8345
5785
9471
9472
7038
9473
8377
7207
698
8378
7206
699
6494
9474
6700
9475
6699
9477
6698
9478
9479
6905
6904
9449
5896
7329
7328
6120
3724
6296
6297
9448
9447
7332
7330
7331
9446
7333
9244
8589
7243
9316
9317
7537
8850
9328
6033
8604
9329
9331
7242
9346
8583
1192
9341
1191
9342
9406
9481
9299
9295
6091
9294
9293
9292
9291
7241
4319
8021
6772
7910
8016
978
995
8024
979
996
8022
8020
8019
8017
8018
6771
8023
8025
8597
9290
9289
9288
9287
9286
9285
9283
263
1067
2178
2805
3029
3058
3067
3072
3066
3057
3028
2806
2179
1068
262
283
9313
9314
9315
9345
9344
331
1238
2232
2796
3004
3021
3020
3005
2795
2231
1239
330
353
5062
7907
6119
8242
910
909
1570
8241
6502
8240
1571
7510
38
69
216
751
2261
3397
3598
3629
3633
3642
3641
3636
3635
3638
3653
3652
3639
3645
3646
3648
3649
3647
3651
3644
3637
3643
3640
3650
3634
3630
3628
3626
3616
3615
3612
4998
9339
7845
9338
9337
9335
9334
3528
3529
1258
9333
1725
682
756
748
747
755
681
1726
666
5032
6370
5033
5081
2349
5080
6369
3754
1436
7964
7443
7444
7442
5481
7960
7468
6736
9327
6903
6902
7021
7481
8137
8126
8264
7186
8123
9326
9324
8124
8139
8125
8136
8138
6204
7245
6960
6961
6962
6861
8265
9323
8135
8152
439
8153
8150
8151
7709
7045
7708
8134
9322
9321
2143
6533
6534
6535
5794
3506
2838
5493
6536
7830
6845
6844
6249
6341
9320
9319
656
5345
5344
5343
652
800
655
5159
654
653
6500
5735
5879
7839
7838
7840
7833
7841
7831
7832
7834
7835
7836
7837
3777
2784
2785
5360
5359
823
5358
5878
5645
5877
360
5644
5643
5876
5875
6389
5153
4279
6388
5874
5872
5873
3848
6988
6986
6984
6985
6987
6981
6983
3882
7941
6982
5149
5646
2108
8055
5326
9282
9330
409
9281
1260
3172
3171
3170
9263
8853
7908
9243
9242
9241
4667
5477
6712
6713
6714
6715
2170
3939
5473
5472
7650
7652
8154
8160
8161
8155
8159
8158
8157
8156
7656
7643
5895
7666
6823
7654
7655
7651
8728
8733
8732
8731
6489
8719
8737
8734
5746
7710
8720
8263
5866
6190
9240
8721
8722
8723
8724
8725
8726
8727
8736
8729
7978
7083
5367
7653
8730
9239
9238
9237
9236
6092
9235
6093
9234
9233
9232
9228
6906
9227
5430
9226
5237
866
860
861
859
862
863
864
865
867
868
869
870
871
8587
9223
7648
7628
7630
7649
6674
7629
7646
7631
7647
3862
1577
5754
5788
5789
4617
9222
5787
5891
5790
9221
4408
9220
6910
9219
8691
8690
8689
8692
8685
8687
8686
8688
8693
8696
5906
8697
8698
8695
8699
8694
4728
8700
8701
8702
8703
9218
9217
9216
7795
9245
8568
9246
8177
9247
8601
9248
7800
9278
9276
9275
9274
9272
9271
9270
3053
186
397
3052
1586
2391
2392
1550
5894
2393
3050
3049
2732
641
3051
9268
9267
637
7802
7801
7909
9266
5592
7129
7128
7127
9265
9279
5332
9264
9262
9261
9260
8596
7420
6503
9259
9258
1193
9256
9255
18
3825
8798
8799
8796
8797
6125
8430
8428
3762
9253
8429
7535
7534
7536
8432
8433
5892
6016
2734
4854
9252
9251
1801
1802
5205
0
1770
188
3442
753
4323
2338
5043
5042
7195
7196
5071
4386
5072
7187
7190
7191
4324
2339
5045
5044
7188
7189
5073
4385
5074
7192
7194
7193
5911
960
8420
6857
997
998
8421
7004
5415
6858
8422
6995
4140
6999
6368
6367
7001
560
442
1198
5857
5082
2372
6996
4138
5432
201
7000
4139
7767
5505
3996
3078
2416
7769
7006
7768
6410
1638
657
7005
7003
2104
1449
7002
6997
1000
8417
5431
4631
4632
999
6335
1002
1001
1003
8419
8418
5623
3372
8283
8266
312
311
8282
8281
8270
642
1621
8269
968
967
8274
6532
972
971
8275
8279
8280
8278
8277
8285
8273
8271
8268
595
594
539
969
970
8267
8286
1243
1244
673
8276
8272
8284
5622
2676
7528
7529
7527
7532
7533
7531
7522
7519
5263
7530
7526
7524
7518
7525
7520
7521
1332
7523
6174
5620
3370
7570
7571
7573
7575
7576
7580
7568
6476
7569
7572
7577
7579
7578
89
7574
6442
3582
7108
7112
7107
7106
7110
7109
5185
7111
7105
7113
6437
3791
7072
7074
7073
7076
7075
7077
7078
5953
1171
4769
958
207
1804
1317
1328
1325
1323
1275
1805
1308
1322
1326
1316
1309
1274
959
8258
8261
7014
7016
5603
6978
8259
7018
4209
7012
430
1174
5784
5065
2304
7015
4208
5413
208
7020
4206
4207
161
3857
951
1263
1370
1435
1442
1450
1451
1454
1455
1453
1456
1448
1452
1441
1438
1391
2183
5412
957
956
6827
6826
271
334
7017
7013
7019
954
5414
4397
4398
955
5325
1585
1548
1595
953
8260
6157
5621
3371
5164
2335
6256
6257
6258
6255
5163
2299
6391
6394
6393
6395
6392
1639
1261
6998
1829
5846
587
6309
6313
6317
6318
6321
6320
6319
6314
6316
6322
6305
6306
6308
6311
6312
6315
6307
4149
6304
6310
6449
6958
6957
6956
6955
6954
6444
6959
5069
6439
2798
7121
7996
7120
7119
7122
5598
7990
4610
7985
4611
7988
109
224
458
1574
2947
3936
4392
4615
4623
4613
4629
4608
4637
4606
5843
7997
94
184
384
1354
2763
3891
4413
4671
4677
4680
4676
4682
4669
4692
4664
4729
4655
5898
8002
54
140
295
1175
2473
3851
4532
4781
4790
4800
4801
4802
4803
4804
4806
4791
4815
4775
4822
4773
4851
4768
5960
8003
82
169
350
1278
2725
3869
4412
4696
4688
4722
4684
4763
4673
5909
5915
4645
4818
4646
5914
8000
27
104
220
724
2212
3787
4531
4872
4877
4892
4888
4891
4889
4890
4886
4887
4882
4883
4885
4884
4881
4878
4879
4880
4876
4893
4871
4924
4865
4950
4862
6010
7986
84
171
358
1298
2741
3885
4420
4694
4701
4709
4708
4700
4712
4690
4723
4685
4764
4675
5908
7987
55
141
296
1176
2472
3852
4533
4780
4788
4796
4797
4795
4794
4799
4798
4789
4813
4774
4821
4771
4850
4766
5958
7998
60
146
307
1204
2539
3855
4379
4599
4251
3817
2825
3816
4252
4602
4634
4718
4762
4731
4819
4727
5951
7999
48
122
276
986
2400
3841
4535
4830
4832
4834
4840
4839
4835
4836
4837
4838
4833
4831
4841
4825
4849
4817
4861
4812
5988
8001
95
185
385
1355
2764
3892
4414
4672
4678
4681
4679
4683
4670
4693
4665
4730
4656
5897
7984
56
142
297
1177
2471
3853
4534
4782
4793
4811
4810
4809
4808
4805
4807
4792
4814
4776
4823
4772
4852
4767
5959
7989
72
163
339
1249
2703
3867
4528
4721
4734
4743
4742
4741
4733
4749
4717
4758
4706
4778
4699
5918
7991
85
172
359
1299
2742
3886
4421
4695
4703
4711
4710
4702
4713
4691
4724
4686
4765
4674
5910
7992
73
164
340
1250
2702
3866
4527
4720
4735
4739
4740
4738
4732
4748
4716
4757
4705
4777
4698
5919
7993
110
225
459
1575
2946
3937
4393
4616
4624
4614
4630
4609
4638
4607
5844
7706
7118
7011
7994
7983
7995
6446
7793
5764
5337
6123
6344
6122
8244
3421
8255
269
6448
1221
777
778
779
1220
8254
942
940
8253
939
8252
8251
8250
8257
8249
8256
943
944
941
8248
8247
5792
3447
3448
8246
8245
4644
9439
1651
5736
6425
6274
6427
6426
2748
6219
6702
6701
6435
828
829
827
7622
7620
7618
7617
7616
6685
831
830
7615
7614
6686
7613
826
7612
7611
7610
7619
7627
7621
2219
2220
369
7623
5491
7624
5569
3039
3040
7625
7626
4402
7027
3011
6005
6837
6497
6838
6839
2945
6405
6824
6825
6447
896
8090
900
899
898
8084
8086
8087
8088
4598
6786
895
897
8089
8092
6785
8091
7185
5704
8082
8080
8079
8077
8076
8075
8073
8085
2318
2319
378
8074
8081
5734
3389
3390
8078
8083
4597
9438
3168
120
2198
1495
1494
1498
1497
1499
1492
1501
1484
1491
1467
1431
1466
1432
2199
1465
1468
1490
1483
1500
1493
1496
179
2158
1427
1412
1419
1401
1396
1360
2157
1359
1397
1400
1420
1411
1428
1424
1423
124
2193
1476
1479
1478
1477
1474
1481
1470
1472
1464
1459
1414
1413
2194
1458
1463
1471
1469
1480
1473
1475
199
2136
1383
1372
1367
1338
2137
1339
1366
1371
1382
1378
1386
1387
1379
277
1795
1794
1268
1291
1301
1310
1311
1300
1290
1270
240
2113
1343
1319
2114
1318
1342
1347
1352
1350
1351
1353
1346
178
2156
1426
1409
1417
1399
1395
1357
2155
1358
1394
1398
1418
1410
1425
1422
1421
102
2217
1533
1536
1532
1531
1537
1534
1535
1538
1539
1541
1461
1542
1523
1543
1520
1525
1515
1513
1460
2218
1512
1516
1526
1521
1544
1524
1540
278
1799
1797
1269
1295
1302
1315
1312
1305
1294
1267
389
1732
1209
1225
1217
1224
1210
1733
279
1798
1796
1266
1293
1304
1314
1313
1303
1292
1265
7031
200
2138
1384
1374
1368
1341
2139
1340
1369
1373
1385
1380
1389
1388
1381
6068
7253
7256
7255
3489
7032
5750
5638
5637
5366
7250
7251
7252
7254
1603
1183
9437
9436
9435
9434
9432
9431
9430
6287
3729
7008
4133
6870
7007
4134
6294
5365
2480
6291
7009
4132
6293
5249
2412
6292
7313
1433
6295
7312
3934
5832
5830
5831
1751
696
4601
4919
4920
4921
4922
308
6765
6764
6763
3772
5020
7441
5651
4384
3115
6347
6346
6875
5046
590
521
6874
6873
6762
7819
7826
7821
7828
7829
7827
6329
7825
7824
7823
7822
7818
7811
7817
7816
7820
7812
7813
7814
7815
7810
5021
3526
2225
3768
7440
3602
4147
5807
5791
3804
5727
5048
2792
6766
6101
3736
7338
7337
1640
7220
66
157
333
1227
2686
3861
4416
4725
4737
4744
4747
4746
4745
4736
4752
4719
4759
4707
4779
4697
5916
7214
119
254
518
1636
3037
3938
4372
4537
4570
4538
4595
4536
5813
7212
1201
2406
3828
5327
5632
5723
5741
5737
6433
7515
7517
7213
7215
7216
7217
1287
2683
3880
5334
5616
5712
5717
6407
7218
1286
2684
3879
5336
5617
5710
5716
6406
7226
1285
2685
3878
5335
5618
5711
5718
6408
7219
7221
509
1562
2997
5147
5690
5816
5863
5881
5884
5885
5883
5886
5882
5889
5887
5890
5868
6757
451
9429
4418
450
577
7516
7225
7211
585
1675
3378
5191
5693
5798
5827
5834
5837
5835
5839
5838
5842
5829
6689
534
7222
7224
7227
7223
6451
6440
3500
6229
6414
6416
6415
5630
6925
8142
6924
8145
8146
8147
8148
8141
8149
8143
8144
6923
908
907
8140
5041
9426
5243
8232
8231
4654
8237
4653
8233
205
578
1679
3871
5476
5861
6009
6034
6036
6040
6039
6038
6043
6042
6041
6047
6046
6045
6049
6044
6048
6051
6050
6054
6052
6053
6055
6059
6058
6056
6057
6060
6061
6037
6062
6035
6069
6067
6070
6030
6860
8238
4648
8236
4649
8239
4647
8234
407
1255
2701
5068
5689
5859
5952
5976
5978
5980
5982
5981
5983
5984
5979
5985
5977
5987
5986
5989
5964
6828
8230
511
1564
3009
5152
5703
5836
5903
5920
5923
5925
5924
5926
5922
5929
5928
5950
5913
6801
8228
4652
8225
4650
8223
4651
8222
6454
8227
8224
8226
8235
8229
5571
5573
5574
5576
4639
5572
5575
8376
6285
3794
2478
5150
6102
6211
6212
5354
5355
1703
5356
3838
6213
3464
2200
6339
6340
6338
6337
6336
6438
3790
9425
5109
7421
253
7423
6859
7422
3890
7124
195
7460
7461
5504
7459
4150
5691
7123
3360
6191
6153
6152
5261
6443
713
4750
1604
5049
6018
5254
6506
6021
6019
6020
6288
3793
7050
7046
7052
683
7049
7053
7048
7054
7047
7051
3789
1713
1503
5501
5500
5499
5498
5497
5496
4751
2265
1678
3738
81
53
858
273
855
856
857
3450
6434
3788
6376
6374
6375
1457
6436
3353
7234
5224
7233
7061
6409
5258
7231
7230
7229
6328
7228
7060
7232
6441
1283
3456
2149
1200
3469
5802
5803
5799
6400
1579
1344
814
1674
5801
3470
5800
6445
3512
6852
6849
8392
8396
8394
8379
8393
8391
8390
6850
8389
8388
8387
8386
8395
8385
8384
8383
8382
8381
8380
5253
7282
6851
4327
6107
7281
7280
7286
6200
6227
7429
7430
7432
7431
7283
7284
7285
8287
2147
1334
502
3022
432
9483
9779
579
221
390
1777
1545
4625
9777
1245
9776
370
294
2303
9775
1194
9774
9773
159
9771
5029
9770
9769
9768
9767
9766
7558
7565
7559
7566
7560
7564
7563
7562
7561
7433
5148
8363
8364
8365
8366
8369
6144
8375
8374
8372
8371
8370
8368
8367
8362
8361
8360
8359
8358
8373
8357
8008
8007
8006
8005
8010
8012
8009
8004
6142
8011
8013
7401
6141
7400
7398
7403
7402
7399
7668
7670
7669
7672
7667
6145
7671
8175
8170
8176
8174
8173
6413
8172
8171
8290
8292
8288
6964
8293
8289
8291
8294
6453
7502
1741
2766
399
5321
7935
9764
7469
3597
6189
7934
7933
569
1430
6210
7277
545
6472
6458
6457
6456
6471
5642
477
6461
6465
6466
7278
1699
5098
3438
3437
622
6467
6469
6470
6460
6468
6464
7279
3564
583
581
582
584
6459
6462
4320
6455
7259
7261
7258
7262
7260
7274
1510
7264
5155
7265
7334
6452
5154
7335
6100
6302
7275
7276
4217
2738
7266
7267
7268
2184
7269
7270
6463
7271
7272
6076
7273
7263
285
6143
9762
1706
1509
1774
245
6835
3624
2942
4383
5624
5628
4382
5625
7870
4565
513
7867
3740
5755
7869
4566
7873
4563
5076
2824
7894
4250
2344
1673
1750
1259
7892
3800
7891
4561
3065
1632
2467
5793
1375
6366
6419
7359
4293
2066
7358
4292
7347
4294
7888
3625
9761
1004
321
824
6275
3120
7887
4562
6151
3563
7886
4371
3508
9759
7353
234
7885
4560
7883
4249
7345
4291
5627
3365
2428
9757
7895
4558
1365
643
5089
5090
5091
429
2088
1393
1592
1072
7889
4568
7348
4295
5697
4529
7890
4567
7903
4564
7360
2754
1747
561
7904
4556
6721
1289
4539
2780
822
4151
530
255
7896
3125
5921
7567
2956
7470
3775
5139
5138
5140
6980
6979
6224
3742
5157
1724
7067
7586
5363
7587
6158
1759
1168
1567
5210
5320
2146
3565
1440
1783
6203
7585
155
2398
1246
7901
4559
229
2254
1661
2961
2172
7354
4289
7346
4290
7902
1439
3734
5436
3135
7884
2841
7344
7893
4557
7882
3398
7357
7356
990
2068
1784
486
2059
7868
4248
6237
6236
7881
4555
7872
4554
2213
1444
1437
7871
4247
7350
2727
7349
2726
4967
2731
3986
5990
6475
6474
1231
733
7355
7874
1742
503
5508
7875
4552
1392
888
556
3425
2239
7880
4124
7866
1669
5130
7905
7351
2141
4246
7879
4550
2356
1609
3578
2402
832
2819
3488
2306
1643
5692
5899
7878
4553
2201
658
5753
2707
7877
4551
7876
453
336
1624
2163
1657
792
1566
1583
965
966
489
648
287
3368
1812
230
646
1737
3836
5226
5578
5631
5662
5663
5667
5665
5668
5666
5670
5669
5677
5673
5675
5676
5672
5674
5671
5679
5680
5678
5664
5682
5661
5683
5681
5685
5650
6353
7900
5626
3364
6220
4549
6720
2680
1772
7899
4548
7898
4546
5129
2150
3833
6154
129
1276
1826
2744
7897
4547
2799
3025
1761
1645
441
9783
1769
256
6417
1712
532
528
1262
1402
8645
1488
804
892
976
1053
1076
1091
1095
1103
1102
1101
1100
1094
1090
1075
1052
975
891
803
1489
9807
1529
835
935
1007
1113
1129
1134
1138
1154
1155
1156
1157
1158
1159
1161
1160
1162
1164
1163
1165
1166
1167
1139
1135
1130
1114
1008
936
836
1530
7240
906
1771
290
2337
567
167
1252
476
5776
5780
5779
5778
5777
5774
5781
5775
5773
2227
175
1806
573
1717
1277
2470
1641
2188
1219
1627
1214
2228
1573
3849
1686
5179
2791
6386
3461
1692
5182
2790
3832
2308
2706
1695
5180
3441
2125
5181
2789
5202
2778
5204
2779
5203
2777
6387
3032
1296
730
767
784
818
837
843
846
850
849
851
848
852
854
853
847
844
838
819
785
768
731
1297
7342
815
14
300
351
9806
884
391
774
401
4204
4198
5234
4199
4200
1789
4203
3801
2333
4201
5841
5840
526
4202
2420
589
183
1670
1780
660
516
3
1507
3576
620
3505
3424
716
2071
2072
2801
212
257
1172
772
1251
2347
456
1782
1546
4419
948
1781
1547
1788
2075
3818
2266
3745
651
2332
638
1626
288
211
2122
2743
418
3446
480
537
554
490
3499
1321
6231
2077
2387
1320
2061
2058
808
2076
2065
2063
2067
1705
2062
2064
2070
2060
2069
2073
2074
5219
5220
1557
6028
2694
2057
4874
1212
3140
1629
5702
2211
9803
6225
1216
8060
6012
6013
1622
672
5328
3026
5329
1744
576
743
3822
7197
7198
7199
7200
7201
7202
7203
7205
741
7204
5257
3863
5255
5256
1745
435
1613
2739
1778
566
9800
1776
580
5818
5821
5820
5819
2952
821
771
550
1554
514
268
189
86
1071
2948
650
1775
600
438
1195
342
9791
5022
9790
5752
2262
7499
2783
6111
7497
6112
6510
6110
7498
7500
5218
5602
3737
533
1196
565
5760
3417
5758
49
51
249
1057
2301
2768
2839
2890
2892
2894
2896
2897
2900
2901
2899
2898
2902
2903
2904
2905
2906
2907
2908
2909
2910
2911
2912
2915
2914
2913
2919
2917
2918
2916
2922
2921
2920
2925
2924
2923
2926
2927
2928
2929
2931
2930
2932
2933
2936
2935
2934
2938
2937
2939
2895
2893
2891
2840
2769
2302
1056
250
50
5761
5759
58
62
265
1179
2328
2771
2833
2844
2846
2848
2886
2887
2885
2884
2878
2877
2875
2881
2882
2883
2876
2879
2880
2872
2871
2873
2874
2867
2870
2869
2857
2858
2856
2860
2861
2859
2863
2864
2865
2866
2868
2862
2855
2854
2853
2852
2851
2850
2849
2847
2845
2843
2832
2770
2327
1180
266
61
65
68
280
1207
2362
2817
2954
2965
2971
2974
2977
2979
2980
2978
2981
2985
2984
2983
2982
2988
2987
2986
2989
2975
2973
2970
2969
2967
2962
2958
3574
3575
2957
2963
2968
2992
2995
3007
3076
3749
145
3750
3077
3008
2996
2993
2991
2990
2976
2972
2966
2955
2818
2363
1206
281
67
1125
1390
9754
226
202
481
1173
1596
1671
1697
1698
1694
1659
1482
711
259
235
575
1578
2803
3571
3763
3776
3767
3687
3082
2123
1593
1186
452
219
624
1646
3157
3858
4282
4346
4354
4357
4366
4365
4364
4363
4362
4361
4360
4359
4358
4356
4367
4353
4368
4351
4350
4345
5416
1187
769
428
1232
2238
3422
3769
3829
3839
3843
3844
3842
3840
3834
5161
7095
4179
1447
781
882
946
985
992
1010
1012
1042
1041
1040
1036
1035
1038
1039
1037
1034
1032
1033
1031
1028
1030
1029
1027
1026
1025
1023
1024
1019
1020
1021
1022
1014
1013
1015
1016
1017
1018
1011
1009
991
984
945
881
780
1446
7092
4178
1364
761
806
876
894
913
916
918
929
930
927
928
926
925
924
923
922
921
920
919
917
915
912
893
875
805
760
1363
7093
1704
3048
6165
6161
6162
6163
6164
2820
1738
1677
880
2250
5814
5222
5221
1508
2758
379
2823
2687
1443
2822
5340
9712
523
9711
7311
9710
8431
2124
3984
1124
9709
9708
9707
9706
3847
5128
9705
7081
5127
6098
9704
5126
5125
149
7079
7080
9703
2762
43
83
233
775
2216
3023
3395
3475
3779
5177
150
5178
3780
3477
3409
3392
3391
3388
3386
3387
3385
3384
3383
3382
3381
3380
3379
3377
3376
3373
3369
3366
4328
5175
7082
4999
6946
5771
6947
6949
6026
5738
5739
6103
6029
5352
239
6948
5786
3121
564
398
4640
4143
2998
2751
1711
2750
795
5570
2749
1710
1714
2752
2999
1709
6496
2120
736
9726
9728
6379
1517
557
640
639
9753
9729
9752
1688
3151
1662
6077
5019
5969
5970
6078
5972
5018
5971
5967
5968
679
5506
529
9751
9750
7150
144
5639
3408
6868
2757
6074
6073
2382
2950
6072
6487
6488
6486
6071
752
181
1667
1348
6201
1668
5190
5188
5189
9749
151
3149
3150
3144
3145
3146
3147
3148
1242
264
1831
1832
1830
700
3935
376
377
5698
457
2747
3497
2159
5955
1756
6380
6334
3826
6862
5034
6866
6867
6865
6864
6863
786
797
380
106
7917
7918
7921
7926
7927
7928
7915
7923
7922
7920
7919
7916
4820
7925
7924
6286
3792
6359
1758
292
3784
5608
5195
5194
1122
872
5197
5196
789
5607
64
21
5594
96
93
275
685
1637
2166
2259
2267
2275
2276
2279
2280
2290
2278
2282
2281
2289
2286
2283
2284
2285
2292
2288
2291
2287
2294
2293
2277
2295
2274
2296
2271
2269
2263
3027
87
9748
3010
25
98
204
684
2118
3569
3944
4286
4287
4298
4297
4302
4299
4300
4296
4301
4303
4307
4306
4308
4304
4309
4305
4310
4288
4311
4285
4315
4283
4321
4281
5725
9747
5028
22
92
192
662
2109
3730
4259
4571
4572
4577
4574
4575
4576
4579
4578
4583
4582
4581
4580
4585
4584
4587
4586
4588
4589
4590
4573
4591
4569
4594
4544
4604
4542
5826
9746
5027
415
394
1549
2765
3786
3985
4152
4154
4158
4160
4165
4163
4164
4162
4161
4159
4166
4157
4168
4156
4167
4153
5171
7238
381
101
2679
874
2177
544
1256
3444
3445
2761
1429
5587
2677
173
3434
3433
3426
3427
1630
1254
1815
3428
3429
1552
3430
1650
1416
905
3431
1202
3432
2268
2678
5586
324
228
3756
3758
2481
3757
1753
1337
444
447
445
448
449
446
7239
563
335
3770
5721
5686
40
71
223
759
2253
3343
3507
3540
3542
3548
3544
3547
3546
3545
3551
3553
3552
3549
3550
3554
3556
3555
3558
3557
3559
3560
3561
3543
3541
3538
3537
3533
3532
3527
4783
4409
5956
5808
90
117
322
1228
2418
3358
3465
3478
3481
3487
3486
3485
3484
3483
3482
3480
3479
3476
3473
3472
3471
3468
4633
485
318
798
686
6084
6085
6081
6087
6088
6083
6089
6086
6082
799
687
1415
9744
2776
3443
4255
4256
1558
344
2530
2529
727
315
2205
1553
2206
932
525
2829
3129
3132
2196
3130
2195
2830
2197
3131
349
252
538
6741
6753
1800
4245
1730
6743
2746
3122
3455
4714
6750
980
6742
6856
5386
725
6754
4947
5475
6752
3884
5649
4213
5225
6751
6749
6853
6748
5351
2733
7373
5860
5364
6747
6746
7369
7370
7371
7372
5064
6854
6745
5063
6744
981
3460
504
9743
6186
6124
7362
6185
2186
1408
5634
5636
5635
5633
4593
6184
1284
2313
6178
6180
6187
6183
6182
2475
2888
5726
6181
6179
7352
218
9742
5025
9741
5026
9740
9739
261
1070
2181
2807
3030
3060
3069
3073
3068
3059
3031
2808
2180
1069
260
282
9737
5023
9736
5024
9735
328
1237
2230
2793
3002
3018
3019
3003
2794
2229
1236
329
352
749
348
114
647
1587
372
373
1273
517
4210
6221
3454
4211
1235
443
1649
32
63
206
715
2121
2816
3056
3086
3090
3109
3107
3108
3106
3104
3103
3105
3101
3100
3102
3093
3098
3097
3096
3099
3094
3095
3092
3091
3089
3088
3085
3083
3080
3074
3054
4137
6945
2815
9734
9733
3654
1746
2814
2813
873
2419
1589
591
677
670
671
676
592
1590
524
3495
6014
3496
4141
1718
7493
7492
7486
7489
7488
7487
7491
7490
4142
6015
510
5
1779
5216
5215
5217
1404
1773
5507
2772
7235
9732
6432
9731
6431
9730
2408
1582
6241
6240
7361
5654
7465
7705
6354
7464
9795
3374
4969
9809
5647
5223
2781
7463
5655
7462
5652
5653
6917
6918
3419
6919
6920
4869
5174
6921
6202
5742
6384
6382
6383
436
6696
6149
3765
6148
7445
8315
8317
8318
8314
8311
8316
8321
8319
8320
8312
8313
8310
8305
8304
8309
8308
8306
8307
8303
6254
7181
7183
6681
7913
7704
7182
5435
2389
4399
9810
9811
9889
9888
7380
7375
7378
7377
7376
7379
7381
7374
357
7382
6325
5201
7184
6327
6326
7912
6989
6364
6990
5377
1233
309
1054
2354
2353
2352
1672
770
1185
1576
2351
1279
5078
5079
3766
5811
3043
9887
9886
4314
305
3733
3732
6065
6066
6064
6063
3731
6208
6207
6206
304
395
303
2951
302
306
1814
108
2364
6783
6782
6781
6780
6779
6778
6777
6776
6775
6784
6774
1591
1555
3659
16
1749
2949
270
1563
2371
3873
2366
3660
3661
3662
3664
3668
3670
3656
3673
3672
3669
3667
3666
3665
3657
3676
3678
3683
3671
3663
3658
3674
3675
3677
3685
3684
3682
3681
3680
3679
125
3872
3874
2367
2368
9885
4405
1631
2246
9884
4404
2365
2369
2370
1253
325
2189
2715
2712
2713
2716
2711
2709
2718
1642
2714
2717
2721
2719
2722
2720
2708
2723
2724
23
2710
346
4662
4659
4660
3418
4661
4663
2191
491
3047
3046
3045
5323
326
5940
5934
5933
5931
5930
5932
5935
5938
5939
5936
5941
5105
5942
5943
5944
5937
4403
5945
5322
2190
3071
6027
735
5766
5765
5769
5767
5768
1653
3875
952
5187
661
9883
5031
3761
116
7237
1229
3035
3036
3034
6495
2842
1331
3152
3154
3728
3153
1569
473
2233
2234
2235
2236
166
113
993
994
2378
2375
6704
6705
6703
6706
6707
6708
6709
6710
2376
5439
1307
763
4600
388
7084
7085
3577
7087
7086
7088
7089
2092
1701
2377
1702
7552
7548
4376
7544
7555
6846
7551
4377
7543
4378
7540
3900
5260
6418
7542
6473
3494
3493
1754
5740
2804
2380
7539
7538
7541
7553
4375
7550
7549
7554
7546
4374
7547
4373
7458
2164
1652
2379
7545
9882
3896
7070
7023
5494
9881
9880
6090
5070
2346
9879
7236
5648
3084
4545
2479
1615
1188
9878
1335
610
603
608
5974
601
4929
607
6105
5975
613
612
611
609
606
605
604
602
3764
2260
6938
5426
5429
6937
5744
5428
6939
5427
6940
1324
286
2745
2811
2810
2390
1793
9876
2809
3349
2812
9875
1748
6493
431
2469
7699
7698
7697
7696
7695
7693
7694
7701
7685
7690
5488
7689
7688
7687
7692
7684
3846
7686
7691
7700
7702
2468
4396
1203
4866
2209
6023
6025
519
3608
6024
7094
6075
2237
791
143
9873
5030
5581
1837
1836
9872
9871
1835
1131
2151
1834
790
383
1683
111
338
1685
678
1406
729
501
5250
1407
1681
1684
1584
337
1682
2693
6194
126
5579
5040
5580
5440
4394
737
3404
4401
4400
6371
5233
9870
820
9869
9868
9867
9890
6358
2307
3755
9891
9892
9893
9917
787
4349
9916
9915
9914
9913
9912
9911
9910
9909
9908
9907
9918
9906
9904
9903
9902
9901
9900
9899
9898
9897
9896
9895
9894
9866
9905
9865
9850
9834
9833
9832
9831
9830
9829
9828
9827
9826
9825
9824
9823
9822
9821
9820
9819
9818
9817
9816
9815
9814
9813
9812
9835
9836
9837
9838
9862
9861
9860
9859
9858
9857
9856
9855
9854
9853
9852
9863
9851
9849
9848
9847
9846
9845
9844
9843
9842
9841
9840
9839
9702
9864
9701
9645
9560
9559
9558
9557
9556
9555
9554
9553
9552
9551
9550
9549
9548
9547
9546
9545
9544
9543
9542
9541
9540
9539
9538
9561
9562
9563
9564
9588
9587
9586
9585
9584
9583
9582
9581
9580
9579
9578
9589
9577
9575
9574
9573
9572
9571
9570
9569
9568
9567
9566
9565
9537
9536
9535
9508
9506
9505
9504
9503
9502
9501
9500
9499
9498
9497
9496
9495
9494
9493
9492
9491
9490
9489
9488
9487
9486
9485
9484
9507
9509
9534
9510
9533
9532
9531
9530
9529
9528
9527
9526
9525
9524
9523
9522
9521
9520
9519
9518
9517
9516
9515
9514
9513
9512
9511
9576
9590
9591
9592
9670
9669
9668
9667
9666
9665
9664
9663
9662
9661
9660
9659
9658
9657
9656
9655
9654
9653
9652
9651
9650
9649
9648
9671
9672
9673
9674
9698
9697
9696
9695
9694
9693
9692
9691
9690
9689
9688
9699
9687
9685
9684
9683
9682
9681
9680
9679
9678
9677
9676
9675
9647
9686
9646
9631
9615
9614
9613
9612
9611
9610
9609
9608
9607
9606
9605
9604
9603
9602
9601
9600
9599
9598
9597
9596
9595
9594
9593
9616
9617
9618
9619
9643
9642
9641
9640
9639
15
7657
6218
6216
1833
5158
6217
6215
5016
345
512
2802
2415
9638
9637
723
720
6872
6934
719
6396
6935
721
484
7091
6930
6928
6933
7737
7736
7741
7738
7739
6927
387
6932
6926
6929
7740
722
7090
6931
5141
2223
5061
3110
2385
1821
2045
1839
2040
1842
2022
1845
1851
1852
1854
1849
1848
1850
1853
1855
1856
1857
1858
1860
1859
1862
1867
1865
1864
1861
1866
1863
1868
1871
1873
1869
1874
1872
1870
1880
1875
1881
1876
1877
1878
1879
1882
1884
1883
2010
2025
2039
2054
2089
2101
2142
2145
2152
2175
2117
2140
2099
2087
2053
2038
2017
2011
1889
1888
1887
1886
1885
1890
1895
1894
1891
1892
1893
1901
1896
1897
1898
1899
1900
1902
1903
2030
2031
2055
2081
2102
2127
2397
136
2396
2126
2103
2080
2056
2032
2029
1904
1905
2016
2027
2043
2079
2090
2106
2160
2119
2161
2107
2091
2078
2044
2028
2026
2033
2048
2082
2097
2131
2112
2130
2098
1824
2386
2384
1822
2046
1840
2041
1843
2023
1846
1910
1911
1909
1908
1907
1906
1918
1917
1916
1915
1914
1913
1912
1920
1921
1922
1923
1919
1924
1925
1931
1926
1930
1928
1932
1929
1927
1934
1933
2012
2018
2034
2049
2083
2093
2132
2110
2133
2094
2084
2050
2035
2019
2013
1939
1938
1937
1936
1935
1940
1941
1942
1943
1951
1950
1949
1948
1944
1947
1946
1945
1953
1952
2015
2020
2036
2052
2085
2095
2134
2111
2135
2096
2086
2051
2037
2021
2014
1954
1961
1955
1956
1962
1957
1958
1959
1960
1963
1964
1965
1966
1967
1968
1969
1971
1970
1972
1973
1974
1975
1976
1977
1978
1979
1980
1984
1986
1983
1982
1985
1987
1981
1991
1994
1995
1993
1992
1990
1988
1989
1996
1997
1998
1999
2000
2002
2003
2001
2005
2004
2008
2007
2009
2006
1847
2024
1844
2042
1841
2047
1823
2383
7
10
8
9
5060
3782
3808
3165
3324
3175
3317
3179
3310
3182
3271
3279
3278
3276
3275
3274
3281
3273
3272
3280
3270
3265
3269
3268
3267
3264
3266
3277
3284
3301
3300
3297
3295
3293
3286
3287
3290
3283
3291
3302
3282
3299
3298
3296
3244
3294
3252
3292
3249
3289
3214
3288
3257
3285
3246
3220
3222
3239
3225
3227
3230
3233
3236
3253
3235
3234
3232
3215
3231
3229
3228
3226
3224
3223
3221
3219
3218
3217
3216
3181
3309
3178
3316
3174
3323
3164
3807
3810
3155
3811
3805
3166
3325
3176
3321
3327
3346
3399
3357
3401
3344
3328
3319
3313
3307
3305
3237
3238
3240
3261
3254
3256
3259
3258
3263
3260
3262
3255
3251
3250
3204
3248
3212
3247
3183
3245
3197
3243
3198
3242
3199
3241
3200
3201
3202
3203
3209
3195
3186
3193
3191
3213
3192
3190
3187
3188
3185
3184
3189
3194
3196
3211
3210
3208
3205
3206
3207
3303
3311
3314
3320
3331
3350
3406
3415
3416
3407
3351
3332
3326
3330
3347
3402
3356
3400
3345
3329
3318
3312
3306
3304
3180
3308
3177
3315
3173
3322
3163
3806
5641
5640
33
35
19
34
5349
4216
5796
5797
5795
242
5888
1288
4993
4996
4988
4992
4994
4990
4987
4997
4991
4989
5378
2315
3127
2316
194
4995
4859
6575
6576
6586
6590
6593
6594
6595
6596
6597
6601
6602
6572
6545
6546
6550
6552
6553
170
6560
6561
6564
6567
6568
6570
6604
6589
6543
6582
6583
6584
6585
6587
6603
6591
6592
6598
6599
6600
6574
6573
6571
6544
6547
6548
6549
6551
6554
6555
6556
6558
6559
6562
6563
6565
6566
6569
6606
6605
6557
6588
6577
6578
6579
6580
6581
5113
5114
5115
2404
5116
5119
5122
5123
5112
5117
6146
1787
6490
6491
6492
7035
7037
7036
7034
7033
1729
215
121
356
414
386
138
411
2836
1700
2835
420
1377
2837
343
1680
244
5118
6167
187
5120
5121
4352
118
2154
1519
7302
7287
7301
7300
7299
7298
7588
7163
6423
7160
7589
7157
7599
7167
6424
7598
7161
7596
7164
7595
7172
7169
7594
7593
7162
6422
7165
7592
7166
7591
7304
7297
7295
7296
7305
7303
7294
7293
7292
7291
7290
7289
7288
6727
7394
7390
6730
7392
6729
7396
7391
7388
7387
7389
6728
7393
7170
6171
7171
7395
7173
6732
6733
7168
6731
7159
6734
7158
7590
7597
3335
3337
3340
5097
2256
2767
3334
3336
3341
3342
3339
3338
3333
6259
3055
6281
6175
5176
6283
13
6273
886
911
6130
5092
6140
6134
6133
6135
6137
6136
6139
6138
6131
6132
902
8442
8443
8448
8455
8471
8447
8446
8445
8444
8440
8439
8438
8437
8436
8435
8449
8450
8451
8452
8469
8468
8466
8465
8464
8463
8462
8461
8458
8457
8456
8453
8434
8470
8454
8459
8460
8467
8441
241
1623
649
776
746
914
734
2148
243
732
3868
6809
5815
6398
5214
7455
7454
7453
7452
4612
6740
6719
6739
5509
6477
6711
6737
6738
6428
6355
8412
8413
4626
4627
765
6114
5709
8058
8426
8423
8427
8059
8424
8057
6429
8425
7149
8586
8585
8584
8414
9630
8356
7761
8049
6381
1816
1213
1791
2357
4438
4437
4436
4435
4434
4427
4432
4431
4441
4430
4429
4428
4439
4425
4426
4433
4440
4457
4442
4465
4467
4468
4469
4475
4474
4471
4473
4463
4470
4472
4464
2321
4466
4461
2320
4460
4443
4444
4445
4446
4447
4449
4451
4452
4453
4454
4455
4462
4459
4458
3393
3463
4456
11
3462
4172
691
690
5077
692
689
4284
3774
3773
694
693
4450
4448
6253
5577
5086
3405
1181
1241
1182
697
2208
3781
3348
160
1223
845
2960
2959
3531
3530
6724
931
1077
5183
4592
6953
6199
2358
5085
2359
5088
5084
2251
1271
6507
6508
4844
4847
4846
4845
2688
4843
4221
3821
3809
1708
6509
1707
2531
668
1462
669
210
5230
3854
5368
4280
6278
6279
4842
7246
6276
5252
6277
7247
3856
5251
2374
5609
4689
7309
7308
7307
7306
4170
6197
6688
6993
5588
3570
396
6385
5478
5480
6252
5805
6992
7152
3014
7151
5231
7156
7155
7154
7153
2411
2252
6450
6198
5722
5707
1809
1808
1715
1807
1810
1208
176
1811
1522
5111
5211
599
1581
9623
4524
4523
4521
4520
4525
4512
4508
4511
4510
4516
4526
4509
4513
4507
4514
4517
4518
4498
4484
4483
4481
4480
4486
4485
4495
4494
4478
4501
4479
4522
4482
2324
4477
4503
2325
4502
4500
4489
4490
4491
4492
4493
4497
4505
4506
4499
4504
4488
4487
4496
3396
2257
3796
4476
12
3795
6952
405
382
5762
5763
1403
2755
2405
4635
4636
291
213
543
1633
2800
3490
3607
3693
3714
3717
3723
3722
3720
3721
3719
3718
3716
3715
3713
3691
3605
3492
2736
1376
319
154
413
1226
2827
4148
4816
4970
5000
5003
5007
5009
5010
5008
5004
5005
5006
5002
5001
4971
4897
4411
3771
2350
1693
5110
2482
6115
5489
5490
472
327
744
1838
3024
3503
3581
3610
3613
3614
3611
3609
3580
3504
2940
1687
506
246
597
1620
3412
4316
4848
4963
4983
4985
4984
4968
4918
4605
3881
2797
2342
3142
3141
227
505
3143
1755
5347
5348
6282
5101
883
5100
5601
5102
5103
1608
3451
3452
5600
2964
4424
632
631
4853
630
629
3864
3596
3595
628
627
17
4519
4515
5962
3579
6680
6679
6678
6192
6684
6683
6682
3837
3033
5425
6270
3887
7482
6717
5381
5749
4786
5748
4787
4155
3449
100
454
500
1211
2300
2323
2343
1817
2270
2248
3063
191
2317
2407
3423
1762
2326
2249
2360
2226
2309
2330
2258
1612
1648
1654
1614
1635
2176
274
5433
7410
5695
6718
5382
5751
6716
5383
6238
5200
6239
5199
7485
773
7484
5719
1281
4658
1327
2144
1752
1556
2169
1169
2782
2312
714
2105
471
596
1560
1106
1511
1330
1551
1087
355
1356
572
617
626
701
750
1230
1818
375
5387
4253
5957
5124
3167
5388
7483
5659
4621
6108
3403
1333
6819
6193
2314
1580
4972
4973
4975
4976
4980
4978
4981
4979
4977
4982
5384
2311
3128
2310
198
4974
4857
6638
6659
6655
6608
6611
6629
6628
6641
6622
6613
6647
6644
6642
6640
6656
6632
6663
168
6668
6662
6660
6658
6657
6669
6653
6651
6650
6649
6646
6612
6615
6619
6625
6627
6626
6620
6666
6630
6623
6661
6664
6665
6609
6624
6652
6631
6633
6634
6637
6670
6618
6617
6616
6654
6667
6648
6645
6643
6621
6607
6639
6636
6610
6614
6635
5656
4620
5904
4824
1506
782
961
962
963
1716
1634
5083
3798
3006
2345
1405
1306
6159
5134
964
499
7726
7069
4174
5362
4261
5361
5162
3812
1184
347
4171
6842
5241
5242
5087
6697
3375
5825
6272
2165
6260
988
5700
2424
8031
8038
8039
8040
8036
8034
8033
5066
5350
8032
8030
8028
8037
8035
8026
8027
5487
8029
3601
598
434
636
182
635
634
6126
5050
6263
5208
6262
5209
5589
3355
7248
6479
6480
6109
7249
5167
2773
4313
5169
5170
1813
5479
354
3435
5166
4410
5168
4312
758
4867
4219
3466
1819
1820
3467
4220
4868
6079
6080
3119
1728
1727
341
745
6223
2173
36
28
4
2483
2
24
180
680
1766
2399
2532
2540
2544
2660
2659
2657
2658
2655
2656
2654
2653
2651
2652
2650
2648
2649
2647
2646
2645
2644
2643
2642
2641
2639
2638
2640
2637
2636
2635
2634
2633
2632
2630
2631
2628
2629
2627
2626
2625
2624
2622
2623
2620
2621
2617
2618
2615
2619
2613
2614
2611
2542
2663
2537
2670
2535
2673
2527
3126
2528
2672
2534
2669
2538
2662
2543
2616
2612
2608
2609
2610
2605
2606
2607
2604
2603
2601
2602
2599
2598
2600
2596
2597
2593
2594
2595
2592
2591
2589
2588
2590
2587
2586
2583
2584
2585
2581
2582
2579
2580
2577
2576
2578
2575
2574
2572
2573
2665
2667
2675
2681
2697
2788
3354
2787
2696
2682
2674
2666
2664
2571
2569
2570
2567
2568
2566
2565
2563
2564
2561
2559
2560
2562
2557
2558
2554
2556
2553
2555
2552
2550
2551
2547
2546
2548
2549
2545
2541
2661
2536
2668
2533
2671
2526
3123
2485
2336
1625
440
97
6
1
20
115
522
1768
3566
3860
3997
3998
4002
4004
4003
4005
4007
4006
4008
4009
4010
4012
4016
4011
4013
4014
4015
4017
4018
4019
4020
4021
4022
4023
4028
4027
4026
4029
4025
4024
4030
4031
4033
4035
4034
4037
4032
4036
4038
4041
4039
4040
4042
4043
4044
4045
4046
4047
4048
3999
4113
3993
4121
3987
4126
3941
5239
5240
3942
4125
3988
4122
3994
4114
4000
4050
4049
4051
4052
4053
4054
4057
4060
4059
4055
4058
4056
4063
4061
4064
4065
4062
4070
4067
4069
4066
4068
4071
4072
4073
4074
4075
4076
4077
4079
4078
4082
4080
4083
4084
4085
4081
4086
4087
4116
4119
4129
4144
4196
4422
5379
148
5380
4423
4197
4145
4130
4120
4117
4088
4089
4090
4093
4091
4095
4092
4094
4096
4097
4098
4099
4100
4101
4104
4105
4102
4103
4106
4111
4110
4109
4108
4107
4112
4001
4115
3995
4123
3989
4127
3943
5238
5160
3689
2187
717
197
103
127
2484
91
237
813
2786
5096
5437
5512
5514
5517
5567
5566
5562
5565
5564
5563
5559
5560
5561
5555
5558
5557
5549
5556
5552
5553
5554
5551
5550
5547
5548
5545
5540
5546
5541
5542
5543
5539
5544
5535
5536
5537
5538
5528
5533
5532
5531
5530
5529
5534
5527
5526
5524
5523
5525
5522
5521
5520
5519
5518
5516
5515
5513
5511
5438
5151
2826
718
153
37
147
437
1696
3748
5132
5232
5265
5268
5314
5316
5315
5313
5311
5310
5312
5317
5319
5304
5318
5309
5308
5306
5296
5307
5294
5305
5295
5302
5298
5301
5303
5299
5300
5292
5293
5297
5289
5291
5290
5283
5285
5286
5282
5288
5281
5280
5284
5287
5275
5279
5273
5278
5277
5276
5274
5270
5269
5272
5271
5267
5266
5246
5193
4596
3169
1559
764
133
134
1790
135
132
44
46
5452
5451
5446
5445
5398
5403
5410
5404
5463
5441
5442
5448
5467
4657
6031
2704
5408
5706
5407
6676
5406
5405
4348
4380
4381
5402
1234
8641
5390
3888
3819
5461
5460
5453
5459
5411
5400
2476
5399
5450
5394
5449
5447
5464
5466
5465
8639
8638
8637
5401
6233
3038
5409
6677
4322
8640
8643
3562
3727
5392
5393
5455
5456
5457
3752
5391
5395
5396
5397
5458
5462
5454
4860
5444
5443
3751
5468
131
8642
130
1123
4173
2171
196
520
527
2129
289
825
1572
2128
5136
1078
2474
3802
5135
267
7102
6899
6871
6900
6936
6767
6869
6898
6897
3134
4965
4949
4966
2221
4622
2264
2273
2272
7117
2695
362
1734
1735
1792
6196
8747
8744
8742
8741
8746
8738
8739
8745
8756
8749
8778
8748
8771
8772
8773
8774
8775
8776
8777
8779
8780
8770
8768
8767
8750
8751
8752
8753
8754
8755
8769
8757
8758
8759
8760
8761
8743
8740
8766
8765
8764
8763
8762
3604
363
3591
3599
6832
364
3158
3159
3589
3161
3113
3587
3586
3162
6833
3585
3593
3584
3583
7116
3160
3592
3588
3590
361
5605
5604
5606
39
365
366
9760
5107
367
368
2834
1568
6843
217
177
2241
5108
3439
7864
7863
7862
7861
7860
7859
7858
7857
7850
7849
5782
2245
1658
7139
7142
7146
7144
7138
7147
7136
7130
7135
7131
7132
7133
7134
7148
7140
7141
7143
7145
7137
2244
2100
2240
70
174
4182
4193
4195
4194
4191
4190
4189
4192
4187
4186
4183
1720
4188
1721
1719
4184
4185
4180
4181
2243
406
1518
2242
7851
7848
7847
7865
7855
7852
7853
7854
7846
7856
5783
6265
6266
5059
6267
5206
2413
5612
3410
2247
5067
7244
6303
5720
3889
2167
6160
6390
6478
7340
1282
6268
3012
3394
6808
6807
3133
6811
5482
6810
5338
3895
6007
5660
4619
4417
2373
6841
2699
2348
2340
1485
3803
3136
2737
4254
5492
6324
6323
6482
5339
879
878
794
877
568
475
1336
562
6481
6247
6248
4784
3746
4128
1502
3617
3619
3621
508
3622
4643
4641
4642
1594
3620
3618
6264
659
5144
6788
6789
4118
6787
6790
5143
5142
5145
392
5146
6362
5235
6261
5207
4785
3747
5615
4391
5812
4863
6129
540
950
728
574
675
1786
6127
5099
6968
6967
6966
6965
6970
6969
6128
7408
403
7404
7407
7405
7406
52
47
2425
2426
248
887
1126
1663
1664
258
209
535
1616
2760
3420
3502
3514
3516
3519
3524
3525
3523
3522
3521
3520
3518
3517
3515
3513
3501
3436
2689
1345
310
152
410
1222
2821
4136
4756
4917
4951
4954
4956
4957
4958
4955
4960
4961
4959
4953
4952
4926
4856
4390
3760
2341
1676
6840
332
2305
1739
1740
298
299
712
1731
2698
3017
3079
3114
3117
3118
3116
3111
3075
3016
2524
1588
455
238
586
1607
3363
4176
4628
4704
4753
4755
4754
4715
4668
4388
3831
2753
2255
614
615
2831
474
3534
2207
2953
6300
6177
6723
3824
4369
3600
6301
2691
6299
6722
59
42
165
548
1600
2297
2414
2431
2433
2436
2464
2465
2466
2460
2463
2461
2459
2462
2454
2455
2457
2458
2453
2456
2452
2449
2451
2450
2448
2447
2442
2446
2443
2444
2445
2440
2439
2437
2441
2438
2435
2434
2432
2429
2401
2210
1215
317
80
31
137
417
1619
3062
3813
3877
3899
3902
3914
3930
3913
3931
3911
3926
3929
3928
3927
3915
3906
3932
3904
3925
3924
3916
3917
3923
3919
3903
3920
3905
3933
3921
3918
3907
3908
3910
3922
3912
3909
3901
3898
3865
3827
3352
2115
667
374
816
742
3573
5165
3572
6271
754
5058
3362
5057
3741
5053
2740
5730
5729
5732
3883
5731
1825
5056
5055
5052
5051
5054
559
1723
427
809
549
623
1178
1349
2214
6195
5104
5845
5862
1691
5743
4222
4177
1736
3061
3696
4224
2388
1445
783
3367
402
1565
937
1644
1205
2728
1803
1257
5657
4618
2361
817
3991
5756
425
424
3743
423
421
2477
2729
2730
426
422
7635
6008
7636
7638
9213
9104
9074
8112
9073
9072
9071
9070
9069
9068
9067
9066
9065
8109
9064
8107
8997
8099
9063
9062
9061
9060
9059
9058
9057
9056
9055
9054
9053
9052
9075
9076
9077
9078
9102
9101
9100
9099
9098
9097
9096
9095
9094
9093
9092
9103
9091
9089
8114
9088
9087
9086
9085
9084
9083
9082
9081
8103
9080
9079
9051
9050
9049
9022
8110
9020
9019
9018
9017
9016
8108
9015
9014
9013
9012
9011
9010
9009
9008
9007
8115
9006
9005
9004
9003
9002
8113
9001
9000
8999
8998
9021
9023
9048
8096
9024
9047
9046
9045
9044
9043
8094
9042
9041
9040
9039
9038
9037
9036
9035
8116
9034
9033
9032
9031
9030
9029
9028
9027
9026
9025
9090
9105
9199
9106
9183
9182
9181
9180
9179
9178
9177
9176
9175
9174
8093
9173
9172
9171
9170
9169
9168
9167
9166
9165
9164
9163
9214
9162
9161
9184
8102
9185
9186
9187
9211
9210
9209
9208
9207
9206
9205
9204
9203
9202
9201
9212
9200
9198
8100
9197
9196
9195
9194
8095
9193
8098
9192
9191
9190
9189
9188
9160
9159
9158
9131
9129
9128
9127
9126
9125
9124
9123
9122
9121
9120
8101
9119
9118
9117
9116
9115
9114
8104
9113
9112
9111
9110
9109
9108
9107
9130
9132
9157
8105
9133
9156
9155
8106
9154
9153
9152
9151
9150
9149
9148
9147
8111
9146
8097
9145
9144
9143
9142
9141
9140
9139
9138
9137
9136
9135
7930
7931
7932
9134
8061
7639
6803
6804
6802
6805
8130
8129
8947
8946
8945
8944
8912
8996
8948
8949
8951
8958
8952
8953
8954
8955
8956
8957
8943
8950
8942
8932
8926
8927
8928
8929
8930
8931
8933
8940
8934
8935
8936
8937
8938
8939
8941
8960
8977
8961
8980
8981
8982
8983
8984
8985
8987
8994
8988
8989
8990
8991
8992
8993
8979
8986
8978
8968
158
8962
8963
8995
8964
8965
8966
8967
8969
8976
8970
8971
8972
8973
8974
8975
8925
8959
8923
8908
8865
8876
8885
8866
8867
8875
8877
8882
8884
8886
8879
8883
8881
4407
8880
8889
8878
8888
8874
8873
8872
8871
8870
8869
8868
8887
8906
8891
8921
8920
8919
8918
8917
8916
8915
8914
8913
8924
8911
8910
8909
8890
8922
8907
8905
8904
8903
8902
8901
8900
8899
8898
8897
8896
8895
8894
8893
8892
8127
8128
8050
7063
7062
7634
7637
7064
7640
7417
7415
7416
7418
7641
7412
7411
7414
7413
6269
4666
6817
6818
6816
6363
6361
6360
5236
1757
1086
947
766
6814
5423
6343
4855
558
6813
6812
5417
762
977
1743
1199
2222
3759
5658
1599
5701
710
702
704
705
707
708
709
703
706
6222
1763
5613
5611
4530
2394
1597
1606
1605
546
1598
2395
4760
5568
1272
123
112
788
2334
3753
4146
4257
4262
4265
4267
4269
4270
4271
4273
4272
4276
4275
4274
4268
4277
4266
4278
4264
4263
4260
5198
284
293
190
214
193
949
2403
3785
4214
4317
4326
4331
4333
4336
4335
4337
4338
4339
4342
4340
4341
4334
4343
4332
4344
4330
4329
4325
5227
316
301
139
674
2182
3686
3981
4205
4223
4227
4230
4233
4232
4235
4234
4231
4240
4241
4238
4236
4237
4242
4239
4229
4243
4228
4244
4226
4225
4215
5184
232
251
320
1628
2944
3797
3893
3983
3990
3992
3982
5133
593
688
4258
5259
2421
5229
57
41
162
542
1602
2322
2430
2487
2489
2492
2512
2523
2497
2522
2494
2505
2499
2503
2498
2508
2504
2506
2495
2507
2502
2521
2510
2520
2509
2519
2518
2517
2516
2515
2514
2513
2500
2511
2493
2496
2501
2491
2490
2488
2486
2417
2224
1218
313
74
29
128
412
1611
3070
3823
3897
3946
3948
3973
3972
3980
3974
3975
3976
3977
3978
3979
3967
3968
3965
3969
3962
3971
3964
3966
3970
3963
3954
3953
3958
3957
3959
3960
3955
3956
3951
3952
3961
3950
3949
3947
3945
3894
3835
3361
2116
663
371
6205
5156
5228
6350
6349
9312
9284
9296
9297
531
2204
515
2203
2202
468
536
3814
469
6725
3815
4541
467
470
4218
9303
9304
9305
9306
9307
1197
79
78
77
75
76
