9924
9279
9277
9272
236
468
503
7328
5426
466
502
5954
5951
5952
5953
7326
465
500
7325
5762
7647
9314
6100
890
1670
1660
6680
470
501
483
484
1695
487
7327
488
8421
398
421
467
497
5827
7982
7324
7980
5828
5971
7981
471
499
5177
5178
7330
469
498
5598
7975
8412
8352
7329
9243
5099
3636
5100
9309
1790
2999
7767
8529
8525
8549
8545
8550
8512
994
493
1285
8531
8544
8537
8530
8546
8522
1245
556
1517
7770
8548
8547
8528
8539
745
1623
252
546
7768
8532
8533
8535
8536
8538
8540
8541
8542
8543
8516
6911
8517
8518
8519
8524
8526
6853
2386
557
1367
1366
5197
2158
3161
7769
8527
8534
8551
4834
6800
8056
2529
1622
6977
6978
6979
6980
6981
5375
5379
5381
5376
5377
5378
5380
5587
3047
7668
6160
3608
2179
5052
5111
4140
6161
992
6544
5358
5347
5346
6121
6122
5351
6765
5508
5615
6763
6764
7685
7680
7679
7678
7686
7682
7683
7687
7589
7586
6173
6174
7795
7788
7787
7785
7783
7794
7790
7784
7792
7791
7789
7797
7796
7793
7782
7606
7608
7614
7610
7611
7612
7613
6337
5374
7684
7681
7587
7588
7786
847
7607
7609
5733
6335
6336
6338
6542
1772
5429
3881
9778
9405
5136
3740
4863
5588
6543
6504
6256
558
2173
1727
8521
8520
8515
8514
8523
8513
277
630
6303
8058
4832
6801
1175
1833
1832
7771
6696
6697
8057
4833
6802
6255
512
9569
8801
8802
8803
8804
6775
9570
8553
7344
8555
8554
8556
1060
9571
9572
9573
9575
9576
102
7955
2334
5427
6285
9577
8212
7182
5218
7180
9578
8211
7179
5217
7181
8184
8185
7035
8719
8720
7034
8721
8722
8723
5912
8718
8717
8710
8711
7765
8712
8713
6811
8714
8715
8716
6692
8202
9580
8204
9581
8201
9582
8199
9583
8197
9584
8194
8670
5917
8796
8791
7033
8790
8789
5704
8788
8787
8795
7516
7970
7517
7518
5689
8792
8793
8794
8786
7102
743
8205
9811
7813
7638
7814
6731
7185
9814
8709
8019
8672
8673
8669
8674
8680
8676
8686
8688
8687
8685
8689
8683
8682
8684
8679
8678
8677
8681
5896
8671
8675
8196
7370
7371
7372
7368
7369
8186
7373
5333
8210
8183
7451
8821
7453
7455
7452
8824
8823
8822
8820
8825
8818
8815
8816
8819
8814
8813
8812
8807
8806
8805
8817
8808
7454
7439
8809
8810
8811
8215
9903
4731
5906
5885
5907
8577
3514
8578
8214
1252
844
845
846
1253
8582
1064
1063
8583
1065
8584
8585
8586
8587
8581
8580
1067
1068
1066
8579
8574
5933
3540
3541
8575
8576
9913
5750
6947
6295
6948
6949
3143
1087
8193
1090
1089
1088
8636
8632
8633
8634
8635
1086
1085
8640
8637
8629
1084
8638
8639
8630
8631
8641
8628
2428
2427
409
8626
5959
8625
5968
3573
3572
8624
8627
6294
5729
6921
6248
6919
6920
3116
1048
8206
1049
8506
1051
1052
1050
8509
8507
8500
8498
1054
1053
8499
8496
8504
7499
5833
8510
8503
8501
8508
8502
8491
8511
8505
2414
2415
405
8495
8494
5910
3516
3515
8493
8492
9870
8190
9871
9872
9873
9874
9876
9890
9877
9878
9879
9880
9881
9882
9883
7781
8360
8359
8358
9885
9886
8357
8356
8355
8354
8353
5738
9887
9888
9889
9796
9859
9795
9729
9699
9702
9703
8402
9704
8403
9705
5822
9706
8407
9707
5829
9708
8406
9710
8404
8497
8408
9711
9713
8075
8074
8077
8076
1334
5718
6417
6695
6109
5252
7441
5362
7443
7442
7440
6416
5142
3849
5596
5507
6250
6698
6249
6699
3599
7332
3854
7729
7728
2894
7752
7764
7757
7758
7762
7748
7761
7763
7760
7759
7756
575
6247
576
2705
7755
7754
2190
7753
7751
7750
7749
8198
3068
6798
6797
6799
7605
7945
7944
7943
5619
8209
8666
8667
8652
8653
8665
8664
8663
8662
8668
8660
8661
8658
8657
6778
8656
8655
8654
8659
8651
9717
9718
7331
7726
7730
7727
7391
9719
8192
9720
8207
8169
3744
8167
7424
8168
8208
9725
424
8307
8303
8306
8305
8304
9726
9727
8213
6826
6827
9673
8189
7388
8182
9678
6946
9679
9681
9695
9682
9683
9684
8188
9685
7389
9686
2948
4901
7323
5098
7322
7321
7320
9689
8191
9690
8216
8217
8052
5701
8051
7429
7688
5719
8047
8049
8050
6996
8053
7430
8046
8200
7262
5515
6510
7456
5590
7777
7776
7775
6927
6219
7779
5589
7778
8203
8048
7480
7481
7479
7478
6370
6547
7477
7120
5490
7029
6546
9766
6123
6027
3825
7966
9767
7637
5491
3503
9768
1566
9769
9770
5922
9771
9772
9773
9774
9775
9776
6835
7803
7740
810
9777
3005
5488
8341
552
6527
6518
6535
6525
6520
5439
6519
6516
6517
8346
6524
621
6526
6529
6531
6530
6532
6533
8347
6523
6522
6521
4352
6534
8342
8343
8340
8338
8327
8328
5603
8329
5250
8330
7500
6834
5249
7501
6237
7015
8331
8335
9779
8337
8336
8333
6181
8334
8339
6528
8332
8344
6378
8348
8345
5329
9750
5424
5602
7963
2697
7097
6907
8126
8124
8123
8855
6357
8856
8559
8857
8860
8865
8853
8557
8621
9267
7444
7737
8828
8829
5775
8737
9260
7849
6820
8598
8602
6886
8607
8609
8859
7738
6356
7476
5390
7919
7934
8858
7670
9251
8854
6908
5479
9396
8620
3458
8827
8830
8567
8608
8125
6377
8832
6118
8267
6235
5978
9404
8833
8603
144
8834
8835
8606
7184
9348
798
8836
8302
6976
8597
9350
6231
7183
8846
8564
8300
7808
7799
8136
7433
8059
8595
9307
8862
7941
9291
7506
9247
8593
8611
8861
7959
7109
8612
9315
8863
7562
8615
8867
8866
8248
8616
8622
6409
6889
6852
8172
6890
8851
8560
8852
8826
6240
6803
8842
8566
8600
8416
8596
8414
8619
8413
6490
8623
5269
8565
8601
8843
7027
744
7473
8847
6214
8561
8604
8599
9335
8849
9355
8864
7031
7215
8850
8614
8171
8563
8848
6426
8569
8170
9354
5813
6804
8061
8562
7712
7847
8845
7848
8568
7315
8410
8844
8841
3086
624
6037
6353
9353
8840
8122
9352
8301
7346
7954
8839
8838
6956
7519
8837
6766
6906
8558
4411
9351
7962
3445
7070
7402
638
669
1606
1661
8650
1494
809
897
981
1058
1081
1096
1100
1108
1107
1106
1105
1099
1095
1080
1057
980
896
808
1493
9349
1534
840
941
1012
1118
1135
1140
1143
1168
1167
1166
1159
1169
1161
1162
1170
1172
1164
1165
1160
1163
1171
1144
1139
1134
1119
1013
940
841
1535
8127
6677
7961
4375
6836
5595
4608
6347
5809
7708
3091
6435
6175
6383
9347
6968
9356
6676
8073
6350
9346
6700
9344
6741
9343
7979
9342
7461
7341
7802
7978
9341
7414
9340
6761
9339
7977
7030
9338
7976
9337
9365
9311
9336
7462
8020
1510
817
909
988
1071
1110
1113
1115
1126
1125
1124
1123
1122
1121
1120
1114
1112
1109
1070
987
908
816
1509
6503
492
3788
6509
6536
6825
9320
7119
7513
7512
6545
7510
7509
9321
7508
7348
9322
7514
7064
7063
670
7511
9323
6382
6678
4392
7956
6251
6796
328
6171
7432
3874
6239
6233
4400
6898
6885
6860
2761
1665
4139
5754
5425
5713
2764
7964
9324
7073
5253
7965
9325
6193
6895
7739
8405
6507
4217
5863
4394
5394
2303
2430
6955
5966
2695
6402
3479
2780
2360
3020
6404
5876
7916
6888
5997
5875
6887
6891
5017
6884
6883
6882
6881
5423
6893
6892
6900
6894
6901
6899
6897
7104
7105
6126
7948
5624
6896
6982
5692
9326
7723
7319
7724
9328
8420
7214
8415
8137
8138
9329
7725
8173
9330
8174
7649
7108
6999
7984
8225
8224
8223
8222
8221
8220
8219
8218
906
8226
7985
5811
7986
7987
7650
5904
7213
7969
5489
7968
9331
1439
3749
1765
2946
1694
650
3144
7561
9345
9358
7967
5815
6178
1198
6289
9392
9359
7807
7811
7810
7812
7809
801
1199
5338
7721
7716
7717
7718
7722
7720
7719
6111
5500
560
438
1069
2197
3006
3418
3463
3464
3462
3416
2833
1769
626
319
762
1770
3544
4323
4692
4775
4767
4548
3945
3049
2740
6773
9383
3129
4180
5693
6774
9384
8571
9385
8573
9386
8572
9387
6918
6805
9388
5870
5869
5720
7103
7106
5601
7076
3731
6488
593
6489
9389
9390
3141
9391
8409
9393
8552
5777
9403
7390
7665
7666
9394
9395
7736
7663
7950
7734
7667
7732
7733
7735
7952
7951
7664
8869
45
83
241
815
2336
3419
3610
3695
3700
3714
3715
3713
3716
3712
3711
3710
3709
3707
3706
3708
3705
3704
3702
3703
3701
3699
3697
3692
3660
3637
3632
3628
5016
5634
7953
9397
7971
7973
7974
7946
6361
6362
6746
7947
9398
7972
9399
9400
9401
8195
7130
9402
9382
9381
9380
9379
9360
6103
9361
7131
9362
9363
5336
7431
9364
9366
6155
8617
9367
6917
6104
9368
9369
6915
9370
6102
9371
9372
9373
4357
7472
3864
9374
9375
9312
9310
9294
8411
7048
7482
7485
3364
4174
7483
7062
7060
7061
7484
5604
623
5040
5042
5041
5044
3046
5043
7747
7049
6101
9235
9225
9224
9222
9221
9220
8068
5710
8070
8067
8071
8072
8069
9256
7071
7960
5838
8488
8484
8483
8482
8481
8487
8485
8479
8486
8490
8489
8480
7942
8478
8477
9238
9254
6152
3730
6425
7046
7047
5191
5022
7044
7045
4831
1652
1671
7780
26
94
208
700
2167
3783
4420
4879
4900
4911
4917
4903
4915
4904
4913
4905
4916
4906
4912
4907
4914
4908
4918
4910
4919
4909
4899
4921
4878
4930
4875
4969
4869
6016
3018
9250
9245
30
100
227
731
2220
3804
4545
4933
4936
4951
4950
4949
4944
4946
4943
4942
4948
4941
4937
4947
4939
4945
4938
4940
4935
4953
4932
4967
4928
4991
4920
6022
9239
9240
9241
9242
413
1269
2710
5080
5699
5872
5970
5998
6001
6005
6003
6006
6004
6002
6000
6007
5999
6009
6008
6011
5996
6839
9257
3496
943
6406
9246
6177
1615
5018
5476
5475
5019
5474
6407
649
5854
5861
5856
5857
7801
5266
6841
5859
5858
3835
5855
7669
5853
5020
5852
5874
5860
9248
6408
2779
7911
8349
8350
9252
8351
5790
9253
9255
7043
9237
8382
7212
703
8383
7211
704
6499
9229
6703
9223
6704
9226
6705
9228
9236
6910
6912
9230
5901
7334
7333
6125
3729
6301
6302
9231
9232
7337
7335
7336
9233
7338
9234
8605
7246
9227
9244
7542
8831
9259
6038
8610
9286
9287
7248
9288
8588
1200
9289
1201
9290
9292
9293
9258
9295
6097
9296
9297
9298
9299
7247
4324
8021
6776
7915
8022
984
1001
8028
983
1000
8024
8026
8023
8025
8027
6777
8029
8030
8613
9300
9301
9302
9303
9304
9305
9306
268
1074
2186
2813
3035
3065
3074
3078
3073
3064
3036
2812
2185
1075
267
288
9308
9285
9284
9283
9270
333
1242
2234
2798
3007
3023
3024
3008
2799
2235
1241
334
357
5067
7913
6124
8247
915
914
1576
8246
6506
8245
1575
7515
38
69
221
756
2266
3402
3603
3634
3638
3640
3642
3641
3648
3646
3649
3645
3650
3643
3651
3647
3653
3644
3652
3654
3655
3656
3657
3658
3639
3635
3633
3631
3621
3620
3616
5003
9261
7850
9262
9263
9264
9265
3534
3533
1263
9266
1730
687
761
752
753
760
686
1731
671
5038
6375
5037
5086
2354
5085
6374
3759
1441
7958
7448
7447
7449
5486
7957
7471
6740
9268
6914
6916
7026
7486
8144
8128
8269
7191
8131
9269
9271
8130
8143
8129
8140
8141
6209
7250
6967
6966
6965
6866
8270
9282
8139
8155
444
8156
8157
8158
7713
7050
7714
8142
9273
9274
2148
6540
6539
6538
5799
3511
2843
5498
6541
7835
6850
6849
6254
6346
9275
9276
658
5348
5350
5349
660
805
661
5164
657
659
6505
5740
5883
7837
7841
7842
7843
7845
7844
7846
7840
7839
7838
7836
3782
2790
2789
5365
5363
828
5364
5879
5649
5882
365
5651
5648
5878
5884
6393
5158
4284
6394
5881
5880
5877
3853
6986
6992
6993
6991
6990
6989
6988
3887
7949
6987
5154
5650
2113
8060
5331
9278
9280
414
9281
1265
3177
3175
3176
9357
8868
7912
9378
9377
9376
4672
5482
6717
6719
6720
6718
2174
3944
5477
5478
7657
7655
8163
8162
8160
8164
8159
8166
8165
8161
7660
7648
5900
7671
6828
7658
7656
7661
8724
8728
8732
8742
6494
8734
8733
8735
5751
7715
8736
8268
5871
6195
9327
8738
8739
8740
8741
8731
8726
8727
8725
8729
7983
7088
5372
7659
8730
9664
9406
9759
9758
6099
9757
6098
9756
9755
9754
9753
6909
9752
5435
9751
5242
865
872
871
866
864
868
869
873
874
876
875
870
867
8618
9749
7651
7634
7635
7654
6679
7636
7653
7633
7652
3867
1582
5759
5792
5793
4622
9748
5795
5897
5794
9747
4413
9760
6913
9746
8696
8704
8706
8690
8705
8692
8691
8703
8708
8693
5911
8694
8702
8701
8700
8699
4732
8707
8698
8697
8695
9744
9743
9742
7800
9741
8570
9740
8187
9739
8592
9738
7804
9737
9736
9735
9734
9733
9732
9745
3058
191
402
3057
1591
2398
2397
1555
5899
2396
3054
3055
2738
646
3056
9761
9762
642
7806
7805
7914
9763
5597
7132
7133
7134
9792
9791
5337
9790
9789
9788
9787
8594
7425
6508
9786
9785
1202
9784
9783
19
3831
8799
8797
8798
8800
6130
8437
8435
3767
9782
8434
7539
7540
7541
8433
8438
5898
6021
2739
4859
9781
9780
1806
1807
5210
0
1786
193
3448
758
4329
2343
5048
5047
7201
7200
5076
4391
5077
7199
7198
7195
4328
2342
5049
5050
7192
7193
5078
4390
5079
7194
7197
7196
5916
958
8423
6863
1008
1007
8427
7008
5420
6862
8422
7007
4144
7006
6373
6372
7005
565
447
1203
5862
5087
2377
7004
4143
5436
206
7003
4142
7773
5510
4001
3081
2421
7774
7002
7772
6415
1643
662
7001
7010
2109
1453
7000
7009
1006
8424
5437
4637
4636
1005
6340
1002
1003
1004
8425
8426
5628
3375
8284
8272
317
316
8273
8274
8275
647
1626
8276
975
976
8277
6537
973
977
8278
8279
8280
8281
8282
8283
8271
8285
8286
599
600
544
972
974
8287
8288
1249
1248
678
8289
8290
8291
5625
2681
7524
7525
7526
7529
7528
7530
7531
7532
5268
7533
7534
7536
7523
7527
7538
7537
1337
7535
6179
5627
3376
7574
7575
7573
7576
7583
7578
7585
6481
7584
7582
7581
7580
7579
84
7577
6440
3587
7113
7114
7115
7111
7116
7117
5190
7118
7110
7112
6442
3792
7082
7081
7080
7079
7078
7077
7083
5958
1176
4774
965
212
1810
1321
1333
1330
1329
1279
1809
1313
1328
1331
1322
1314
1280
964
8266
8263
7022
7025
5608
6983
8264
7024
4214
7017
435
1179
5789
5070
2309
7021
4213
5418
213
7020
4212
4211
156
3862
956
1268
1375
1440
1447
1455
1456
1460
1461
1458
1462
1454
1457
1446
1443
1396
2188
5417
959
963
6831
6832
276
339
7019
7023
7018
960
5419
4403
4402
961
5330
1590
1553
1600
962
8265
6162
5626
3377
5169
2339
6260
6261
6262
6263
5168
2304
6396
6397
6398
6400
6399
1644
1266
7011
1834
5851
592
6321
6322
6323
6326
6311
6319
6324
6316
6315
6313
6312
6325
6329
6328
6314
6317
6327
4154
6318
6320
6446
6959
6962
6961
6960
6964
6452
6963
5074
6454
2803
7121
7990
7122
7123
7124
5600
7993
4615
7996
4616
7995
105
230
464
1580
2952
3942
4398
4621
4629
4619
4635
4614
4643
4612
5848
8000
90
190
390
1360
2769
3897
4419
4677
4684
4686
4683
4688
4675
4698
4670
4735
4661
5902
7997
56
141
302
1182
2477
3858
4539
4786
4796
4807
4809
4808
4810
4806
4805
4795
4819
4779
4826
4777
4855
4773
5963
7991
77
164
355
1283
2730
3875
4417
4701
4693
4729
4691
4769
4680
5913
5919
4651
4823
4650
5920
8008
27
99
225
729
2217
3799
4536
4877
4881
4883
4884
4885
4886
4887
4888
4889
4890
4892
4891
4893
4894
4895
4896
4897
4882
4898
4876
4929
4870
4955
4867
6015
8003
80
167
364
1304
2747
3891
4424
4700
4708
4715
4716
4707
4718
4696
4728
4690
4770
4679
5914
8004
55
140
301
1181
2478
3857
4538
4787
4797
4815
4811
4813
4812
4814
4816
4798
4820
4781
4828
4778
4856
4772
5964
8007
60
147
312
1209
2544
3860
4384
4604
4256
3821
2830
3822
4257
4607
4639
4723
4766
4736
4824
4733
5956
8002
48
119
281
991
2405
3846
4540
4835
4836
4842
4838
4841
4839
4845
4840
4844
4843
4837
4846
4830
4854
4822
4866
4817
5993
8006
89
189
389
1359
2768
3896
4418
4676
4681
4685
4682
4687
4674
4697
4669
4734
4660
5903
8005
54
139
300
1180
2476
3856
4537
4785
4794
4802
4799
4800
4803
4804
4801
4793
4818
4780
4827
4776
4857
4771
5965
7998
73
159
345
1255
2707
3873
4533
4726
4740
4748
4747
4746
4739
4754
4722
4763
4711
4783
4704
5924
8001
79
166
363
1303
2746
3890
4423
4699
4706
4714
4713
4705
4717
4695
4727
4689
4768
4678
5915
7988
72
158
344
1254
2708
3872
4532
4725
4738
4745
4744
4743
4737
4753
4721
4762
4710
4782
4703
5923
7989
104
229
463
1579
2951
3941
4397
4620
4628
4618
4634
4613
4642
4611
5849
7711
7125
7016
7992
7999
7994
6450
7798
5769
5342
6128
6349
6127
8251
3425
8252
274
6448
1225
784
783
782
1226
8254
948
947
8261
944
8262
8260
8259
8250
8249
8258
949
945
946
8253
8255
5797
3452
3453
8256
8257
4646
9765
1656
5741
6431
6279
6432
6430
2753
6224
6707
6706
6451
833
832
831
7616
7617
7618
7619
7620
6690
834
835
7621
7622
6691
7615
836
7623
7624
7625
7631
7630
7632
2225
2224
374
7628
5496
7627
5574
3043
3044
7626
7629
4407
7032
3016
6010
6844
6502
6842
6843
2950
6410
6830
6829
6449
905
8096
901
900
903
8078
8080
8081
8094
4602
6790
904
902
8085
8095
6791
8090
7190
5709
8089
8088
8086
8091
8092
8097
8087
8093
2323
2324
383
8083
8082
5739
3394
3395
8084
8079
4603
9764
3173
115
2204
1503
1504
1501
1502
1499
1498
1506
1489
1496
1473
1436
1470
1437
2203
1471
1472
1495
1488
1505
1497
1500
184
2163
1432
1416
1424
1405
1401
1364
2162
1365
1402
1406
1425
1417
1433
1428
1429
121
2199
1482
1484
1483
1481
1478
1486
1475
1476
1469
1463
1419
1418
2198
1464
1468
1477
1474
1485
1479
1480
205
2143
1390
1379
1374
1346
2144
1345
1373
1378
1389
1385
1394
1393
1386
284
1803
1804
1274
1299
1310
1320
1319
1309
1300
1275
245
2119
1347
1324
2118
1323
1348
1352
1357
1356
1355
1358
1351
183
2161
1430
1414
1422
1403
1399
1363
2160
1362
1400
1404
1423
1415
1431
1427
1426
97
2222
1536
1545
1544
1546
1547
1540
1542
1543
1539
1537
1466
1538
1529
1549
1526
1531
1521
1519
1465
2223
1518
1520
1530
1525
1548
1528
1541
283
1802
1801
1271
1297
1307
1318
1317
1308
1298
1273
394
1737
1214
1229
1222
1230
1215
1738
282
1799
1800
1270
1296
1305
1315
1316
1306
1295
1272
7037
204
2141
1388
1377
1372
1344
2142
1343
1371
1376
1387
1383
1391
1392
1384
6074
7256
7257
7261
3494
7036
5755
5643
5642
5371
7260
7255
7258
7259
1609
1188
9731
9793
9730
9728
9694
9693
9692
6291
3734
7012
4138
6875
7013
4137
6296
5370
2485
6297
7014
4136
6298
5254
2417
6299
7317
1438
6300
7318
3939
5836
5837
5835
1756
701
4606
4926
4924
4927
4925
313
6767
6769
6770
3777
5026
7446
5656
4387
3120
6352
6351
6880
5051
595
526
6879
6878
6768
7832
7817
7816
7815
7821
7820
6334
7818
7819
7833
7824
7823
7825
7830
7822
7831
7829
7834
7828
7827
7826
5025
3531
2230
3773
7445
3607
4152
5812
5796
3809
5732
5053
2797
6771
6107
3741
7342
7343
1645
7218
66
153
338
1232
2691
3866
4421
4730
4742
4750
4752
4751
4749
4741
4755
4724
4764
4712
4784
4702
5921
7216
114
259
523
1641
3042
3943
4377
4542
4575
4543
4600
4541
5818
7217
1206
2411
3833
5332
5637
5728
5746
5742
6438
7521
7520
7224
7222
7232
7231
1291
2688
3883
5341
5623
5715
5723
6413
7230
1290
2690
3884
5339
5622
5717
5722
6411
7221
1292
2689
3885
5340
5621
5716
5721
6412
7227
7226
514
1567
3002
5152
5695
5821
5868
5886
5889
5890
5888
5891
5887
5893
5892
5895
5873
6762
455
9691
4425
456
582
7522
7228
7229
590
1680
3383
5193
5698
5803
5832
5839
5842
5840
5844
5843
5847
5834
6694
539
7225
7223
7220
7219
6456
6443
3505
6234
6420
6421
6419
5635
6928
8151
6930
8153
8152
8149
8154
8145
8147
8148
8150
6929
913
912
8146
5046
9688
5248
8235
8228
4652
8231
4653
8232
210
583
1684
3876
5481
5866
6014
6039
6042
6066
6065
6060
6062
6057
6055
6045
6053
6052
6051
6050
6049
6046
6048
6047
6054
6043
6044
6058
6059
6061
6063
6064
6056
6041
6067
6040
6073
6072
6075
6031
6865
8242
4655
8241
4654
8240
4656
8239
412
1260
2706
5073
5694
5864
5957
5981
5984
5988
5989
5985
5987
5986
5983
5990
5982
5992
5991
5994
5969
6833
8238
516
1569
3014
5157
5708
5841
5908
5925
5928
5930
5929
5931
5927
5934
5932
5955
5918
6806
8236
4657
8233
4658
8229
4659
8230
6459
8234
8237
8244
8227
8243
5578
5577
5576
5580
4644
5575
5581
8381
6292
3796
2483
5155
6106
6217
6216
5359
5360
1708
5361
3843
6218
3469
2205
6344
6343
6342
6341
6345
6453
3794
9687
5113
7426
258
7427
6864
7428
3895
7129
200
7465
7464
5509
7466
4155
5696
7128
3365
6196
6157
6158
5267
6444
718
4757
1608
5054
6026
5259
6511
6023
6024
6025
6293
3797
7058
7057
7056
688
7055
7051
7054
7053
7052
7059
3793
1718
1508
5506
5505
5504
5503
5502
5501
4756
2270
1683
3743
76
53
862
278
863
860
861
3455
6447
3795
6379
6380
6381
1459
6445
3358
7239
5229
7238
7066
6414
5263
7234
7233
7236
6333
7237
7065
7235
6439
1288
3461
2155
1205
3475
5805
5806
5804
6405
1584
1349
819
1679
5808
3474
5807
6441
3517
6854
6857
8399
8398
8389
8388
8387
8385
8401
6855
8393
8386
8384
8390
8391
8392
8395
8394
8400
8396
8397
5258
7285
6856
4332
6112
7288
7289
7290
6205
6232
7435
7436
7437
7434
7291
7287
7286
8292
2152
1340
507
3028
437
9677
9676
584
226
395
1785
1550
4630
9675
1250
9674
375
299
2308
9672
1197
9671
9670
154
9669
5035
9668
9667
9680
9696
9697
7563
7566
7571
7564
7565
7567
7568
7569
7570
7438
5153
8363
8364
8362
8365
8366
6146
8367
8368
8369
8370
8371
8372
8373
8374
8375
8376
8377
8378
8379
8380
8009
8012
8010
8014
8015
8017
8018
8013
6148
8016
8011
7404
6149
7405
7406
7403
7407
7408
7673
7674
7676
7672
7677
6150
7675
8181
8180
8179
8178
8177
6418
8176
8175
8298
8299
8297
6969
8296
8295
8294
8293
6458
7507
1746
2771
404
5326
7940
9698
7475
3600
6194
7939
7938
574
1435
6215
7278
550
6468
6477
6471
6470
6469
5647
482
6465
6463
6475
7270
1704
5103
3442
3443
627
6474
6472
6464
6462
6467
6461
7271
3569
586
587
589
588
6466
6473
4326
6476
7272
7273
7274
7275
7268
7277
1513
7279
5159
7284
7339
6457
5160
7340
6105
6307
7280
7281
4221
2742
7282
7283
7269
2189
7276
7266
6460
7265
7264
6081
7263
7267
290
6147
9724
1711
1515
1773
250
6840
3629
2947
4388
5631
5632
4389
5633
7876
4573
518
7874
3745
5760
7904
4572
7903
4571
5081
2829
7894
4255
2349
1678
1755
1264
7892
3805
7875
4570
3070
1637
2473
5798
1380
6371
6424
7349
4299
2065
7363
4298
7361
4300
7899
3630
9723
1009
326
829
6280
3125
7901
4569
6156
3568
7907
4376
3513
9722
7360
239
7909
4568
7910
4254
7357
4297
5630
3369
2433
9721
7872
4567
1370
648
5096
5095
5094
434
2092
1398
1597
1077
7878
4566
7350
4296
5702
4534
7882
4564
7898
4563
7353
2759
1752
566
7883
4562
6725
1294
4544
2785
827
4156
535
260
7897
3130
5926
7572
2961
7474
3780
5145
5144
5143
6985
6984
6229
3747
5162
1729
7072
7590
5368
7592
6163
1764
1173
1572
5215
5325
2151
3570
1445
1788
6208
7591
143
2403
1251
7895
4565
234
2259
1666
2966
2177
7364
4295
7355
4294
7900
1444
3739
5441
3140
7891
2846
7356
7902
4561
7893
3403
7358
7354
995
2074
1789
491
2081
7889
4253
6241
6242
7896
4560
7877
4559
2218
1448
1442
7905
4252
7365
2731
7362
2732
4970
2736
3991
5995
6479
6478
1236
738
7352
7879
1747
508
5513
7880
4558
1397
893
561
3429
2244
7884
4129
7887
1674
5135
7886
7351
2146
4251
7906
4557
2361
1614
3583
2407
837
2825
3493
2311
1648
5697
5905
7890
4556
2206
663
5758
2712
7871
4555
7873
458
341
1629
2169
1662
797
1571
1588
970
971
494
653
292
3373
1817
235
651
1742
3841
5231
5583
5636
5667
5668
5672
5671
5670
5674
5673
5676
5675
5680
5681
5679
5678
5677
5683
5682
5684
5685
5669
5687
5666
5688
5686
5690
5655
6358
7881
5629
3368
6225
4551
6726
2685
1782
7908
4553
7888
4552
5134
2154
3838
6159
116
1281
1831
2748
7885
4554
2804
3030
1766
1650
446
9716
1779
261
6422
1717
537
533
1267
1407
8649
1492
807
895
979
1056
1079
1094
1098
1104
1103
1102
1101
1097
1093
1078
1055
978
894
806
1491
9715
1532
838
939
1011
1117
1133
1138
1142
1153
1157
1154
1158
1155
1156
1150
1151
1152
1149
1148
1147
1146
1145
1141
1137
1132
1116
1010
938
839
1533
7245
911
1776
295
2344
572
162
1257
481
5781
5779
5785
5780
5782
5778
5783
5784
5786
2232
180
1811
578
1722
1282
2475
1646
2193
1224
1632
1219
2233
1578
3855
1685
5187
2794
6392
3466
1697
5185
2795
3837
2313
2711
1700
5184
3446
2130
5186
2796
5208
2784
5207
2782
5209
2783
6391
3037
1302
736
773
790
824
843
849
852
859
858
857
856
855
854
853
851
848
842
823
789
772
735
1301
7347
820
14
305
356
9714
889
396
779
406
4203
4204
5239
4209
4208
1794
4207
3806
2337
4206
5846
5845
531
4205
2425
594
188
1675
1781
665
521
3
1512
3581
625
3510
3430
721
2067
2068
2806
217
262
1177
777
1256
2352
461
1780
1551
4426
953
1778
1552
1793
2069
3823
2271
3750
656
2338
643
1631
293
216
2127
2749
423
3451
485
542
559
495
3504
1325
6236
2078
2392
1326
2075
2071
813
2077
2072
2070
2066
1710
2073
2064
2079
2080
2076
2082
2083
5224
5227
1562
6033
2699
2084
4880
1217
3145
1634
5707
2216
9712
6230
1221
8065
6018
6017
1627
677
5334
3031
5335
1749
581
748
3827
7210
7203
7204
7205
7206
7207
7202
7208
746
7209
5262
3868
5261
5260
1750
440
1618
2743
1784
571
9709
1783
585
5825
5826
5823
5824
2957
826
776
555
1559
519
273
194
81
1076
2953
655
1777
605
443
1196
347
9701
5031
9700
5757
2267
7504
2787
6117
7505
6116
6515
6115
7503
7502
5223
5607
3742
538
1195
570
5765
3422
5764
49
51
255
1061
2307
2774
2845
2896
2898
2900
2943
2944
2934
2938
2941
2939
2942
2937
2936
2935
2932
2933
2931
2940
2930
2929
2921
2928
2927
2926
2925
2924
2923
2920
2917
2922
2919
2918
2916
2915
2914
2908
2913
2912
2911
2910
2909
2907
2906
2901
2902
2903
2904
2905
2899
2897
2895
2844
2773
2306
1062
254
50
5766
5763
58
61
270
1184
2332
2775
2837
2848
2851
2853
2857
2855
2856
2858
2860
2859
2861
2862
2863
2864
2865
2866
2869
2868
2867
2871
2870
2872
2874
2873
2875
2877
2876
2878
2879
2880
2881
2882
2883
2885
2884
2888
2886
2887
2889
2890
2891
2893
2892
2854
2852
2849
2838
2776
2333
1185
271
62
65
68
286
1211
2367
2823
2960
2970
2977
2981
2989
2990
2991
2992
2983
2993
2984
2994
2985
2986
2987
2988
2982
2980
2978
2975
2974
2972
2967
2963
3580
3579
2962
2968
2973
2997
3000
3012
3082
3754
125
3755
3083
3013
3001
2998
2996
2995
2979
2976
2969
2959
2822
2368
1212
285
67
1130
1395
9884
231
207
486
1178
1601
1676
1702
1703
1699
1664
1487
716
264
240
580
1583
2808
3576
3768
3781
3772
3693
3087
2128
1598
1192
457
224
629
1651
3162
3863
4287
4351
4360
4362
4369
4370
4371
4367
4366
4368
4363
4365
4364
4361
4372
4359
4373
4356
4355
4350
5421
1191
774
433
1237
2243
3427
3774
3834
3844
3848
3850
3847
3845
3839
5166
7098
4183
1452
786
887
951
990
997
1015
1017
1046
1045
1044
1043
1047
1041
1042
1038
1031
1036
1035
1034
1033
1032
1040
1039
1037
1026
1024
1025
1027
1028
1029
1030
1022
1020
1018
1023
1019
1021
1016
1014
996
989
950
886
785
1451
7099
4182
1368
765
811
880
899
918
921
923
933
934
935
932
929
925
928
931
927
930
926
924
922
920
917
898
881
812
766
1369
7100
1709
3053
6166
6167
6168
6169
6170
2824
1743
1682
885
2255
5819
5226
5225
1514
2763
384
2828
2692
1449
2827
5345
9869
527
9868
7316
9867
8436
2129
3989
1129
9866
9865
9864
9863
3852
5133
9862
7085
5130
6096
9875
5132
5131
134
7084
7087
9891
2766
43
78
238
780
2221
3027
3400
3480
3784
5183
135
5182
3785
3482
3414
3397
3396
3393
3386
3388
3390
3387
3389
3391
3392
3385
3384
3382
3381
3378
3374
3371
4333
5180
7086
5004
6951
5776
6952
6953
6034
5744
5743
6108
6032
5357
244
6954
5791
3126
569
403
4645
4148
3003
2757
1715
2755
800
5579
2756
1714
1719
2754
3004
1716
6500
2125
741
9892
9893
6384
1522
562
645
644
9922
9921
9920
1693
3156
1667
6083
5023
5977
5973
6082
5972
5024
5975
5974
5976
684
5512
534
9919
9918
7155
146
5644
3413
6873
2762
6078
6076
2387
2955
6079
6491
6493
6492
6077
757
186
1672
1353
6206
1673
5194
5196
5195
9917
149
3152
3148
3150
3149
3147
3151
3146
1247
269
1837
1838
1836
705
3940
381
382
5703
462
2752
3500
2164
5960
1761
6385
6339
3830
6868
5039
6869
6870
6867
6871
6872
792
802
385
101
7924
7925
7929
7932
7931
7930
7928
7927
7920
7921
7922
7933
4825
7923
7926
6290
3798
6364
1763
297
3789
5613
5202
5201
1127
877
5200
5199
794
5612
64
21
5599
91
88
280
690
1642
2171
2264
2272
2280
2281
2283
2285
2286
2287
2284
2290
2293
2292
2291
2289
2288
2295
2296
2294
2297
2299
2298
2282
2300
2279
2301
2276
2274
2268
3032
82
9916
3015
25
93
209
689
2123
3574
3949
4291
4293
4301
4311
4307
4313
4312
4315
4310
4309
4308
4302
4306
4314
4305
4304
4303
4292
4316
4290
4320
4288
4325
4286
5730
9915
5034
22
87
197
667
2114
3735
4264
4576
4577
4582
4583
4581
4579
4580
4586
4587
4588
4589
4585
4584
4594
4590
4591
4595
4593
4592
4578
4596
4574
4599
4549
4609
4546
5831
9914
5036
420
399
1554
2770
3791
3990
4157
4159
4163
4164
4168
4166
4167
4169
4170
4165
4171
4162
4173
4161
4172
4158
5176
7240
386
96
2682
879
2182
549
1261
3450
3449
2767
1434
5592
2684
168
3431
3432
3434
3433
1635
1259
1820
3436
3438
1557
3439
1655
1421
910
3437
1207
3435
2273
2683
5591
329
233
3761
3763
2486
3762
1758
1342
451
450
449
454
452
453
7244
568
340
3775
5726
5691
40
71
228
764
2258
3348
3512
3545
3547
3550
3551
3552
3553
3554
3555
3556
3549
3557
3558
3559
3560
3561
3563
3566
3564
3562
3565
3548
3546
3543
3542
3538
3535
3532
4788
4415
5961
5814
85
112
327
1233
2423
3361
3470
3483
3486
3492
3488
3491
3490
3489
3487
3485
3484
3481
3478
3477
3476
3473
4638
490
323
804
692
6092
6094
6091
6088
6086
6087
6089
6090
6093
803
691
1420
9912
2781
3447
4260
4261
1563
349
2535
2534
732
320
2211
1558
2210
937
530
2834
3137
3134
2202
3136
2201
2835
2200
3135
354
257
543
6760
6752
1805
4250
1735
6751
2751
3127
3460
4719
6748
986
6754
6861
5391
730
6747
4952
5480
6756
3889
5654
4218
5230
6758
6759
6858
6755
5356
2737
7377
5865
5369
6749
6750
7374
7376
7375
7378
5068
6859
6753
5069
6757
985
3465
509
9911
6185
6129
7367
6183
2191
1413
5639
5641
5640
5638
4598
6184
1289
2318
6186
6192
6188
6189
6187
2480
2850
5731
6190
6191
7359
223
9910
5033
9909
5032
9908
9907
265
1072
2184
2810
3034
3062
3071
3077
3072
3063
3033
2811
2183
1073
266
287
9906
5030
9905
5029
9904
336
1244
2237
2800
3009
3026
3025
3010
2801
2236
1243
335
358
754
353
109
652
1592
377
378
1278
522
4215
6226
3459
4216
1240
448
1654
32
63
211
720
2126
2821
3061
3092
3094
3098
3097
3096
3099
3102
3101
3100
3103
3106
3104
3105
3107
3108
3109
3110
3111
3112
3114
3113
3095
3093
3090
3088
3085
3079
3059
4145
6950
2820
9902
9901
3659
1751
2819
2818
878
2424
1595
597
682
676
675
681
596
1594
529
3501
6020
3502
4146
1723
7497
7495
7493
7498
7491
7492
7494
7496
4147
6019
515
5
1774
5222
5221
5220
1409
1775
5511
2777
7242
9900
6436
9899
6437
9898
2413
1587
6245
6246
7366
5659
7470
7710
6359
7468
9897
3379
4974
9896
5652
5228
2786
7469
5660
7467
5658
5657
6923
6922
3424
6924
6926
4874
5179
6925
6207
5747
6388
6387
6389
441
6701
6153
3770
6154
7450
8325
8324
8323
8322
8321
8320
8319
8318
8326
8316
8315
8317
8314
8313
8312
8311
8310
8309
8308
6259
7186
7187
6686
7917
7709
7188
5440
2394
4404
9895
9894
9861
9923
7379
7387
7386
7385
7384
7383
7381
7380
362
7382
6330
5206
7189
6331
6332
7918
6994
6369
6995
5382
1238
314
1059
2356
2357
2358
1677
775
1190
1581
2359
1284
5083
5084
3771
5816
3048
9860
9858
4319
307
3736
3738
6070
6071
6069
6068
3737
6212
6213
6211
310
400
308
2956
309
311
1819
103
2369
6784
6785
6786
6788
6783
6780
6779
6781
6782
6787
6789
1596
1560
3682
17
1754
2954
275
1568
2375
3879
2376
3678
3681
3689
3661
3688
3662
3669
3686
3665
3677
3676
3672
3675
3683
3685
3674
3664
3670
3671
3673
3684
3690
3679
3668
3667
3666
3663
3680
3687
122
3880
3878
2371
2372
9824
4410
1636
2251
9823
4409
2370
2373
2374
1258
330
2195
2717
2714
2716
2713
2715
2728
2719
1647
2723
2718
2729
2727
2726
2725
2724
2722
2721
23
2720
351
4667
4668
4666
3423
4664
4665
2196
496
3051
3052
3050
5328
331
5945
5950
5936
5937
5938
5939
5940
5941
5942
5943
5935
5110
5944
5946
5947
5948
4408
5949
5327
2194
3075
6035
740
5771
5770
5774
5773
5772
1658
3877
957
5192
666
9822
5027
3765
111
7241
1234
3040
3039
3041
6501
2847
1336
3159
3158
3733
3157
1574
478
2241
2239
2240
2238
161
108
998
999
2384
2380
6709
6710
6714
6713
6712
6711
6715
6708
2383
5444
1312
768
4605
393
7089
7091
3582
7092
7093
7094
7090
2097
1707
2381
1706
7560
7546
4378
7556
7554
6851
7553
4379
7552
4380
7549
3903
5265
6423
7548
6480
3497
3498
1759
5745
2809
2385
7547
7550
7555
7558
4381
7557
7559
7551
7544
4382
7545
4383
7463
2168
1657
2382
7543
9821
3901
7075
7028
5499
9820
9819
6095
5075
2350
9818
7243
5653
3089
4550
2484
1620
1193
9817
1339
611
618
617
5980
606
4934
607
6110
5979
608
609
610
612
613
614
615
616
3769
2265
6945
5434
5431
6942
5749
5433
6944
5432
6943
1327
291
2750
2816
2815
2395
1798
9816
2814
3354
2817
9815
1753
6498
436
2472
7704
7703
7698
7695
7692
7690
7707
7691
7689
7706
5493
7705
7701
7700
7697
7696
3851
7693
7694
7699
7702
2474
4401
1208
4871
2214
6030
6028
524
3613
6029
7101
6080
2242
796
142
9813
5028
5584
1839
1840
9812
9825
1842
1136
2156
1841
795
388
1688
106
343
1690
683
1411
734
506
5255
1412
1687
1689
1589
342
1691
2698
6204
123
5585
5045
5586
5445
4399
742
3409
4406
4405
6376
5238
9809
825
9808
9807
9806
9805
6363
2312
3760
9804
9803
9802
9801
791
4353
9800
9799
9797
9810
9826
9827
9828
9857
9856
9855
9854
9853
9852
9851
9850
9849
9848
9847
9846
9845
9844
9843
9842
9841
9840
9839
9838
9837
9836
9835
9834
9833
9832
9831
9830
9829
9666
9794
9665
9534
9499
9498
9497
9496
9495
9494
9493
9492
9491
9490
9489
9488
9487
9500
9486
9484
9483
9482
9481
9480
9479
9478
9477
9476
9475
9474
9473
9472
9485
9501
9502
9503
9532
9531
9530
9529
9528
9527
9526
9525
9524
9523
9522
9521
9520
9519
9518
9517
9516
9515
9514
9513
9512
9511
9510
9509
9508
9507
9506
9505
9504
9471
9533
9470
9468
9434
9433
9432
9431
9430
9429
9428
9427
9426
9425
9424
9423
9422
9435
9421
9419
9418
9417
9416
9415
9414
9413
9412
9411
9410
9409
9408
9407
9420
9436
9437
9438
9467
9466
9465
9464
9463
9462
9461
9460
9459
9458
9457
9456
9455
9454
9453
9452
9451
9450
9449
9448
9447
9446
9445
9444
9443
9442
9441
9440
9439
9469
9535
9599
9536
9629
9628
9627
9626
9625
9624
9623
9622
9621
9620
9619
9618
9617
9630
9616
9614
9613
9612
9611
9610
9609
9608
9607
9606
9605
9604
9603
9602
9615
9631
9632
9633
9662
9661
9660
9659
9658
9657
9656
9655
9654
9653
9652
9651
9650
9649
9648
9647
9646
9645
9644
9643
9642
9641
9640
9639
9638
9637
9636
9635
9634
9601
9663
9600
9598
9564
9563
9562
9561
9560
9559
9558
9557
9556
9555
9554
9553
9552
9565
9551
9549
9548
9547
9546
9545
9544
9543
9542
9541
9540
9539
9538
9537
9550
9566
9567
9568
9597
9596
9595
9594
9593
9592
9591
9590
9589
9588
9587
15
7662
6222
6221
1835
5163
6220
6223
5021
350
517
2807
2420
9586
9585
728
726
6877
6938
725
6401
6934
727
489
7096
6933
6935
6936
7741
7744
7745
7746
7742
6932
392
6931
6939
6940
7743
724
7095
6937
5146
2228
5065
3115
2389
1828
2052
1846
2047
1849
2029
1852
2014
2011
2012
2013
2008
2009
2010
2007
2006
2005
2004
2003
2002
2001
2000
1999
1998
1997
1996
1995
1994
1992
1993
1991
1990
1989
1987
1986
1988
1984
1983
1985
1982
1981
1980
1979
1978
2019
2030
2044
2059
2094
2106
2147
2150
2157
2180
2122
2145
2104
2093
2058
2043
2026
2020
1977
1976
1975
1973
1971
1972
1974
1970
1969
1968
1967
1964
1966
1965
1963
1961
1962
1960
1958
2035
2036
2060
2085
2108
2131
2402
117
2401
2132
2107
2086
2061
2037
2034
1957
1959
2021
2032
2048
2062
2096
2111
2165
2124
2166
2112
2095
2063
2049
2033
2031
2042
2057
2087
2102
2136
2117
2135
2103
1830
2391
2390
1827
2051
1845
2046
1848
2028
1851
1953
1954
1955
1956
1952
1951
1950
1949
1948
1947
1946
1942
1944
1943
1945
1941
1940
1939
1935
1936
1937
1938
1933
1934
1932
1931
1929
1930
1926
2017
2024
2040
2055
2090
2100
2139
2116
2140
2101
2091
2056
2041
2025
2018
1927
1928
1925
1922
1923
1924
1921
1920
1919
1918
1917
1915
1916
1914
1913
1912
1910
1907
1906
2015
2022
2038
2053
2089
2098
2138
2115
2137
2099
2088
2054
2039
2023
2016
1909
1911
1908
1905
1903
1904
1902
1901
1899
1900
1898
1897
1896
1895
1894
1891
1893
1892
1889
1890
1888
1887
1886
1885
1884
1883
1882
1881
1880
1879
1877
1876
1878
1875
1871
1874
1872
1873
1870
1869
1867
1868
1866
1865
1861
1863
1862
1864
1860
1859
1858
1857
1856
1855
1854
1853
1850
2027
1847
2045
1844
2050
1826
2388
8
10
7
9
5066
3787
3814
3170
3329
3180
3322
3184
3315
3187
3307
3306
3300
3299
3303
3301
3302
3305
3304
3298
3297
3296
3295
3294
3293
3290
3291
3289
3292
3288
3287
3286
3285
3284
3283
3282
3281
3277
3276
3280
3275
3278
3279
3273
3272
3271
3270
3269
3268
3274
3267
3266
3265
3259
3264
3261
3262
3260
3258
3263
3257
3254
3255
3256
3253
3252
3247
3250
3251
3249
3248
3246
3245
3243
3242
3240
3244
3241
3234
3186
3314
3183
3321
3179
3328
3169
3812
3815
3160
3816
3813
3171
3330
3181
3326
3332
3351
3404
3363
3406
3350
3334
3324
3318
3312
3310
3233
3239
3235
3237
3238
3236
3228
3230
3232
3229
3231
3227
3226
3225
3224
3218
3217
3216
3222
3219
3220
3221
3223
3213
3212
3211
3214
3215
3205
3206
3207
3208
3210
3204
3209
3203
3202
3201
3200
3199
3195
3194
3192
3197
3198
3196
3193
3190
3189
3191
3188
3308
3316
3319
3325
3336
3355
3411
3420
3421
3412
3356
3337
3331
3335
3352
3407
3362
3405
3349
3333
3323
3317
3311
3309
3185
3313
3182
3320
3178
3327
3168
3811
5645
5646
33
35
16
34
5354
4222
5802
5800
5801
249
5894
1293
5001
5000
4998
4996
4994
4992
5002
4993
4999
4995
5383
2321
3132
2320
199
4997
4864
6574
6599
6595
6605
6610
6602
6601
6596
6572
6577
6563
6548
6557
6561
6564
6566
6567
165
6598
6608
6588
6591
6590
6589
6606
6600
6570
6560
6562
6568
6604
6552
6565
6559
6554
6558
6556
6555
6569
6553
6551
6549
6550
6597
6571
6603
6611
6607
6609
6593
6592
6573
6575
6576
6594
6578
6579
6580
6581
6582
6583
6584
6585
6586
6587
5126
5128
5129
2409
5122
5121
5127
5118
5119
5124
6151
1792
6496
6495
6497
7041
7038
7042
7040
7039
1732
220
118
361
419
391
137
416
2841
1705
2842
425
1382
2840
348
1686
248
5120
6172
192
5116
5117
4358
113
2159
1524
7294
7297
7296
7295
7298
7293
7593
7172
6427
7168
7598
7170
7603
7171
6428
7597
7176
7596
7173
7600
7169
7174
7604
7602
7175
6429
7177
7601
7178
7599
7292
7299
7310
7301
7300
7302
7303
7304
7305
7306
7307
7308
7309
6734
7399
7401
6732
7398
6735
7394
7397
7396
7395
7400
6733
7393
7167
6176
7162
7392
7166
6736
6737
7163
6738
7164
6739
7165
7594
7595
3346
3345
3347
5102
2261
2772
3343
3341
3339
3340
3338
3342
3344
6273
3060
6287
6180
5181
6288
13
6269
891
916
6142
5097
6144
6145
6143
6141
6140
6136
6135
6137
6138
6139
907
8455
8444
8442
8440
8448
8476
8460
8461
8465
8474
8472
8443
8473
8471
8470
8475
8464
8462
8467
8446
8459
8441
8466
8469
8463
8468
8458
8457
8439
8454
8453
8445
8452
8456
8451
8450
8449
8447
246
1628
654
781
751
919
739
2153
247
737
3871
6815
5820
6403
5219
7460
7459
7457
7458
4617
6742
6724
6745
5514
6482
6716
6743
6744
6434
6360
8417
8419
4631
4632
770
6119
5714
8064
8429
8428
8430
8063
8431
8062
6433
8432
7154
8589
8590
8591
8418
9579
8361
7766
8054
6386
1821
1218
1796
2362
4474
4476
4478
4480
4479
4475
4473
4471
4470
4477
4467
4468
4465
4440
4464
4463
4461
4458
4469
4466
4457
4459
4460
4462
4472
4430
4439
4437
4436
4433
4432
2326
4431
4438
2325
4435
4454
4441
4442
4455
4443
4444
4445
4446
4447
4448
4449
4450
4451
4452
3398
3468
4456
11
3467
4178
694
697
5082
695
696
4289
3779
3778
698
699
4434
4453
6258
5582
5092
3410
1187
1246
1186
702
2213
3786
3353
155
1228
850
2964
2965
3537
3536
6729
936
1082
5188
4597
6958
6197
2363
5091
2364
5089
5090
2256
1276
6513
6514
4848
4852
4851
4849
2693
4850
4226
3826
3810
1712
6512
1713
2536
674
1467
673
215
5235
3859
5373
4285
6283
6282
4847
7251
6281
5257
6284
7252
3861
5256
2379
5614
4694
7311
7312
7313
7314
4175
6201
6693
6997
5593
3575
401
6390
5484
5483
6257
5810
6998
7157
3019
7158
5236
7159
7160
7156
7161
2416
2257
6455
6203
5727
5712
1813
1815
1720
1814
1812
1213
181
1816
1527
5125
5216
604
1586
9574
4529
4525
4481
4512
4520
4519
4518
4517
4515
4523
4521
4514
4516
4513
4522
4531
4524
4526
4528
4530
4527
4484
4483
4486
4482
4485
4488
4509
4508
4507
4506
2330
4504
4503
2329
4500
4497
4494
4493
4492
4491
4489
4511
4510
4487
4490
4495
4496
4501
4502
3401
2262
3801
4505
12
3800
6957
410
387
5768
5767
1408
2760
2410
4641
4640
296
218
548
1638
2805
3495
3612
3698
3719
3722
3727
3724
3723
3728
3725
3726
3721
3720
3718
3696
3611
3499
2741
1381
324
152
418
1231
2832
4153
4821
4975
5005
5008
5015
5013
5014
5012
5011
5009
5010
5007
5006
4976
4902
4416
3776
2355
1698
5123
2487
6120
5494
5495
477
332
749
1843
3029
3508
3586
3615
3618
3619
3617
3614
3585
3509
2945
1692
511
251
602
1625
3417
4321
4853
4968
4988
4990
4989
4973
4923
4610
3886
2802
2347
3153
3154
232
510
3155
1760
5352
5353
6286
5107
888
5105
5606
5106
5108
1613
3456
3457
5605
2971
4429
636
635
4858
634
633
3869
3602
3601
632
637
18
4498
4499
5967
3584
6685
6683
6684
6199
6689
6688
6687
3842
3038
5430
6276
3892
7487
6723
5386
5753
4791
5752
4792
4160
3454
95
459
505
1216
2305
2327
2348
1822
2275
2253
3069
196
2322
2412
3428
1767
2331
2254
2365
2231
2314
2335
2263
1617
1653
1659
1619
1640
2181
279
5438
7415
5700
6721
5385
5756
6722
5384
6244
5204
6243
5205
7488
778
7489
5724
1286
4663
1332
2149
1757
1561
2175
1174
2788
2317
719
2110
476
601
1565
1111
1516
1335
1556
1092
360
1361
577
622
631
706
755
1235
1823
380
5392
4258
5962
5115
3172
5393
7490
5662
4624
6113
3408
1338
6824
6202
2319
1585
4981
4983
4980
4977
4985
4986
4987
4984
4982
4979
5389
2316
3133
2315
203
4978
4862
6624
6621
6632
6619
6618
6615
6625
6647
6672
6659
6637
6642
6650
6653
6657
6655
6654
163
6651
6644
6641
6646
6666
6661
6664
6669
6675
6673
6674
6665
6668
6670
6671
6640
6645
6635
6658
6648
6652
6636
6660
6656
6649
6643
6639
6638
6667
6662
6663
6614
6616
6623
6627
6628
6629
6630
6631
6612
6626
6634
6633
6622
6620
6617
6613
5663
4623
5909
4829
1511
787
966
968
967
1721
1639
5088
3803
3011
2351
1410
1311
6164
5139
969
504
7731
7074
4179
5366
4266
5367
5167
3817
1189
352
4176
6846
5247
5246
5093
6702
3380
5830
6278
2170
6275
993
5705
2429
8033
8038
8034
8044
8043
8041
8039
5071
5355
8035
8036
8037
8040
8045
8031
8032
5492
8042
3606
603
439
639
187
640
641
6131
5055
6277
5212
6272
5211
5594
3360
7253
6485
6484
6114
7254
5173
2778
4317
5172
5171
1818
5485
359
3440
5170
4414
5175
4318
763
4873
4225
3472
1824
1825
3471
4224
4872
6084
6085
3124
1733
1734
346
750
6227
2178
36
28
4
2488
2
24
185
685
1771
2404
2537
2545
2549
2550
2553
2555
2552
2556
2551
2554
2558
2559
2557
2562
2561
2563
2564
2560
2569
2565
2567
2566
2568
2570
2571
2572
2573
2575
2576
2578
2574
2577
2580
2581
2579
2582
2583
2585
2584
2586
2589
2587
2588
2591
2590
2592
2593
2594
2595
2599
2598
2547
2666
2542
2674
2538
2677
2533
3131
2532
2678
2539
2673
2541
2667
2546
2596
2597
2600
2603
2602
2601
2606
2608
2607
2605
2604
2614
2611
2609
2613
2610
2612
2615
2616
2617
2618
2619
2620
2621
2622
2623
2624
2625
2626
2627
2628
2629
2630
2633
2635
2634
2631
2637
2643
2642
2641
2670
2672
2679
2687
2702
2792
3359
2793
2701
2686
2680
2671
2669
2632
2636
2638
2639
2640
2645
2646
2647
2644
2648
2649
2652
2653
2650
2651
2655
2654
2660
2659
2656
2661
2657
2658
2663
2662
2665
2664
2548
2668
2543
2675
2540
2676
2531
3128
2490
2341
1630
445
92
6
1
20
110
528
1787
3571
3865
4002
4003
4030
4029
4028
4027
4026
4025
4024
4022
4015
4020
4018
4016
4014
4023
4044
4021
4040
4009
4017
4019
4008
4007
4034
4038
4041
4042
4043
4047
4045
4046
4052
4049
4051
4048
4053
4050
4036
4013
4035
4039
4033
4012
4032
4010
4011
4031
4037
4004
4118
3998
4126
3992
4130
3946
5244
5245
3947
4131
3993
4127
3999
4119
4005
4060
4074
4058
4085
4055
4076
4075
4086
4083
4087
4081
4062
4082
4059
4057
4056
4054
4061
4063
4079
4080
4089
4091
4090
4084
4088
4077
4078
4071
4069
4067
4064
4073
4065
4072
4070
4093
4066
4068
4121
4124
4134
4149
4201
4427
5387
127
5388
4428
4202
4150
4135
4125
4122
4095
4096
4097
4098
4099
4100
4114
4111
4112
4094
4102
4107
4108
4110
4117
4113
4115
4116
4106
4109
4104
4103
4105
4101
4092
4006
4120
4000
4128
3994
4132
3948
5243
5165
3694
2192
722
202
98
124
2489
86
242
818
2791
5101
5442
5517
5519
5522
5572
5571
5570
5568
5567
5569
5566
5565
5564
5563
5561
5562
5560
5557
5558
5559
5556
5555
5554
5552
5553
5550
5551
5549
5548
5545
5546
5547
5543
5544
5542
5541
5540
5539
5537
5538
5536
5534
5535
5532
5531
5533
5529
5530
5528
5527
5526
5524
5525
5523
5521
5520
5518
5516
5443
5156
2831
723
151
37
148
442
1701
3753
5137
5237
5270
5273
5324
5322
5323
5321
5320
5318
5319
5316
5315
5317
5314
5313
5312
5311
5310
5309
5308
5307
5306
5304
5305
5303
5302
5301
5299
5300
5296
5297
5298
5295
5294
5293
5291
5292
5290
5288
5289
5287
5286
5283
5285
5284
5281
5282
5279
5280
5278
5275
5276
5277
5274
5272
5271
5251
5198
4601
3174
1564
769
129
130
1795
128
131
44
46
5472
5467
5463
5471
5403
5406
5416
5415
5470
5473
5461
5462
5457
4662
6036
2709
5412
5711
5411
6682
5409
5408
4354
4386
4385
5407
1239
8648
5395
3893
3824
5458
5454
5468
5466
5404
5405
2481
5401
5460
5399
5464
5452
5453
5456
5459
8647
8646
8645
5413
6238
3045
5396
6681
4327
8644
8643
3567
3732
5397
5400
5465
5469
5455
3757
5410
5414
5402
5398
5446
5447
5448
4865
5449
5451
3756
5450
132
8642
133
1128
4177
2176
201
525
532
2134
294
830
1577
2133
5140
1083
2479
3807
5141
272
7107
6902
6876
6903
6941
6772
6874
6904
6905
3139
4972
4954
4971
2226
4627
2269
2278
2277
7126
2700
369
1739
1740
1797
6198
8755
8760
8754
8753
8752
8751
8758
8749
8744
8748
8747
8746
8745
8743
8757
8759
8766
8761
8775
8776
8777
8781
8774
8768
8767
8765
8773
8772
8762
8763
8764
8769
8770
8771
8785
8778
8784
8783
8782
8780
8779
8750
8756
3609
373
3596
3604
6837
368
3166
3165
3591
3167
3118
3589
3598
3164
6838
3595
3590
3594
3592
7127
3163
3597
3588
3593
370
5611
5610
5609
39
371
372
9798
5112
366
367
2839
1573
6847
222
182
2246
5114
3444
7857
7852
7861
7853
7866
7858
7868
7867
7864
7854
5788
2248
1663
7152
7135
7138
7151
7140
7141
7142
7139
7143
7144
7153
7145
7147
7150
7149
7148
7146
7137
7136
2250
2105
2245
70
169
4188
4186
4187
4195
4193
4199
4192
4185
4196
4197
4198
1726
4200
1724
1725
4194
4191
4190
4189
2249
411
1523
2247
7869
7865
7870
7855
7856
7859
7862
7860
7851
7863
5787
6266
6267
5064
6268
5214
2418
5616
3415
2252
5072
7249
6308
5725
3894
2172
6165
6395
6483
7345
1287
6274
3017
3399
6813
6814
3138
6816
5487
6812
5343
3900
6013
5661
4626
4422
2378
6848
2704
2353
2345
1490
3808
3142
2744
4259
5497
6310
6309
6487
5344
884
883
799
882
573
480
1341
567
6486
6253
6252
4789
3752
4133
1507
3625
3624
3626
513
3627
4649
4647
4648
1599
3623
3622
6271
664
5149
6793
6794
4123
6792
6795
5151
5150
5148
397
5147
6368
5240
6265
5213
4790
3751
5620
4396
5817
4868
6133
545
955
733
579
680
1791
6132
5104
6971
6972
6973
6974
6970
6975
6134
7411
408
7413
7412
7410
7409
52
47
2431
2432
253
892
1131
1668
1669
263
214
540
1621
2765
3426
3507
3519
3521
3523
3525
3526
3530
3528
3527
3529
3524
3522
3520
3518
3506
3441
2694
1350
315
150
415
1227
2826
4141
4761
4922
4956
4959
4966
4965
4963
4964
4962
4961
4960
4958
4957
4931
4861
4395
3766
2346
1681
6845
337
2310
1744
1745
303
304
717
1736
2703
3022
3084
3119
3122
3123
3121
3117
3080
3021
2530
1593
460
243
591
1612
3370
4181
4633
4709
4758
4760
4759
4720
4673
4393
3836
2758
2260
620
619
2836
479
3539
2212
2958
6306
6182
6728
3829
4374
3605
6305
2696
6304
6727
59
42
160
553
1605
2302
2419
2436
2438
2441
2471
2467
2470
2466
2469
2468
2465
2464
2463
2462
2458
2460
2459
2453
2461
2455
2457
2454
2456
2452
2450
2448
2449
2446
2451
2445
2447
2444
2443
2442
2440
2439
2437
2434
2406
2215
1220
322
75
31
136
422
1624
3067
3818
3882
3905
3907
3908
3910
3909
3913
3911
3912
3915
3914
3918
3921
3920
3917
3919
3916
3922
3923
3925
3924
3927
3926
3928
3929
3930
3931
3932
3937
3933
3934
3935
3936
3938
3906
3904
3870
3832
3357
2120
672
379
821
747
3578
5174
3577
6270
759
5060
3367
5057
3746
5056
2745
5734
5735
5737
3888
5736
1829
5059
5061
5063
5062
5058
564
1728
432
814
554
628
1183
1354
2219
6200
5109
5850
5867
1696
5748
4227
4184
1741
3066
3717
4229
2393
1450
788
3372
407
1570
942
1649
1210
2733
1808
1262
5664
4625
2366
822
3996
5761
431
430
3748
426
428
2482
2735
2734
427
429
7641
6012
7642
7646
9058
9057
9056
8112
9045
9053
9052
9051
9050
9049
9048
9047
9066
8119
9089
8116
9088
8113
9086
9085
9084
9083
9082
9081
9080
9079
9078
9077
9076
9075
9074
9073
9072
9071
9070
9046
9067
9044
9026
9002
9018
9019
9016
9011
9015
9014
9013
9012
8106
9010
9008
9007
9006
9004
9009
9003
9005
8098
9021
9043
9023
9042
9041
9040
8108
9038
9037
9036
9035
9034
8101
9032
9031
9022
9030
9029
9028
9027
9024
9025
8102
9090
9171
9092
9157
9156
8103
9154
9153
9152
9151
9150
9149
9148
8105
9146
9145
9144
9143
9142
9141
8104
9140
9139
9158
9159
9160
9161
9181
9180
8100
9179
9178
9177
9176
9091
9174
9173
9182
9172
9170
9169
9168
9167
9166
9165
9164
9163
9162
9138
9137
9136
9113
9111
9110
8099
9109
9108
9107
9106
9105
9104
9103
9102
9101
9100
9099
9098
9097
9096
9095
8117
9094
9093
9112
9114
9135
9115
9134
9133
9132
9131
9130
9129
9128
9127
9126
9125
9124
8115
9123
9122
9121
9120
8121
9119
8120
9118
9117
9116
9212
9184
9147
9155
9054
9033
9039
9017
9020
9087
9069
9068
9055
9059
9060
9061
8109
9062
9063
9064
9065
9175
9183
8107
9213
9207
9186
9188
9189
9191
9192
9193
9194
9195
8118
9196
9197
9198
8110
9199
9200
9201
9202
9203
9204
9205
9209
8114
9206
8111
9190
9187
9208
9211
9210
9217
9216
9218
9219
9214
9185
7936
7935
7937
9215
8066
7640
6807
6808
6810
6809
8132
8133
8935
8916
8897
8899
8900
8901
8906
8907
8912
8910
8909
8905
8902
8931
8929
8928
8924
8923
8921
8894
8883
8870
8890
8887
8886
8893
8884
8925
8926
8927
8908
8903
8933
8932
8930
8880
8872
8871
8877
8911
8898
8896
8913
8915
8934
8922
8920
8919
8918
8917
8895
8914
8888
8889
8891
8882
145
8879
8878
8876
8874
8885
8892
8881
8875
8873
8904
8967
8937
8972
8974
8975
8976
8977
8978
8979
8987
8980
8981
8982
8983
8984
8985
8986
8990
8988
9001
9000
8999
4412
8998
8997
8995
8994
8996
8993
8992
8991
8989
8971
8973
8969
8952
8936
8938
8939
8940
8941
8942
8943
8944
8945
8946
8947
8948
8949
8950
8951
8953
8968
8954
8970
8955
8956
8957
8958
8959
8960
8961
8962
8963
8964
8965
8966
8134
8135
8055
7069
7068
7644
7645
7067
7643
7423
7422
7420
7421
7639
7418
7419
7417
7416
6264
4671
6823
6821
6822
6365
6366
6367
5241
1762
1091
952
771
6819
5428
6348
4860
563
6818
6817
5422
767
982
1748
1204
2227
3764
5665
1604
5706
710
709
708
711
707
715
714
713
712
6228
1768
5618
5617
4535
2400
1603
1611
1610
551
1602
2399
4765
5573
1277
120
107
793
2340
3758
4151
4262
4267
4270
4272
4274
4276
4275
4277
4280
4279
4278
4281
4273
4282
4271
4283
4269
4268
4265
5203
289
298
195
219
198
954
2408
3790
4219
4322
4331
4336
4339
4347
4346
4345
4344
4343
4340
4342
4341
4338
4348
4337
4349
4335
4334
4330
5232
321
306
138
679
2187
3691
3986
4210
4228
4232
4235
4240
4244
4242
4241
4247
4245
4237
4238
4246
4243
4239
4236
4234
4248
4233
4249
4231
4230
4220
5189
237
256
325
1633
2949
3802
3899
3988
3995
3997
3987
5138
598
693
4263
5264
2426
5233
57
41
157
547
1607
2328
2435
2492
2494
2497
2525
2524
2527
2528
2523
2526
2519
2521
2522
2517
2514
2520
2515
2516
2518
2508
2511
2509
2510
2513
2512
2506
2507
2500
2505
2498
2502
2504
2499
2501
2503
2496
2495
2493
2491
2422
2229
1223
318
74
29
126
417
1616
3076
3828
3902
3951
3953
3983
3982
3984
3985
3981
3980
3979
3974
3975
3976
3977
3978
3971
3972
3970
3973
3969
3968
3967
3966
3965
3961
3962
3963
3964
3959
3960
3958
3957
3956
3954
3955
3952
3950
3898
3840
3366
2121
668
376
6210
5161
5234
6355
6354
9334
9333
9332
9313
536
2207
520
2208
2209
475
541
3819
474
6730
3820
4547
472
473
4223
9316
9317
9318
9319
9249
1194
177
176
175
174
173
172
171
170
179
178
