9914
9447
9445
9438
422
404
561
4093
2946
401
627
5592
5589
5591
5590
3790
405
576
4435
3996
6981
8352
4333
547
1616
1642
4155
403
578
703
702
1765
715
4436
716
5299
334
458
399
609
2794
4364
3916
2860
3349
2861
4363
400
590
3123
3124
5995
402
577
3513
4407
4504
5289
4000
9798
4745
2469
5241
7403
2150
4090
6597
7017
7021
7040
7039
7030
7016
610
202
1084
7015
7014
7013
7011
7010
7018
853
435
1402
6599
7008
7007
7005
7006
414
1066
148
485
6598
7019
7031
7020
7037
7036
7029
7028
7027
7025
7024
5258
7023
8066
8067
8069
8068
7043
5242
322
1043
1044
5815
1937
4192
6600
7012
7026
7038
6034
6903
6790
2674
1037
6912
6914
6915
6916
6913
4249
4251
4341
4248
4115
4250
4340
6117
2592
8091
6280
2214
1777
3125
3502
4301
6279
746
6572
5496
5456
5455
6015
6016
4277
6662
5389
5528
6661
6663
8099
8098
8097
8096
8095
8092
8100
8101
7995
7993
6163
6164
8269
8275
8271
8272
8270
8268
8262
8267
8266
8264
8273
8277
8276
8263
8274
8063
8059
8057
8065
8060
8058
8062
6416
5538
8094
8093
7992
7994
8265
549
8064
8061
5622
6417
6418
6419
6573
1742
4252
2828
9799
9856
3332
2885
2762
4291
6571
6349
7131
323
1216
1204
7035
7034
7033
7032
7022
7009
143
473
5323
6791
4809
6901
626
1483
1469
6601
7521
7522
6792
2282
6902
6603
760
8438
3434
3435
3436
3437
7851
4389
7709
5998
7710
7711
8870
579
9910
9909
9908
9907
9906
88
7809
1666
1962
4799
8330
6520
8104
6297
7068
8340
6519
8105
6298
7067
7755
3382
6911
8937
7873
6910
7872
8941
7871
6559
7869
7870
7868
8940
5477
7867
8939
6729
6957
7874
8938
5524
7759
6778
7762
8435
7761
8425
7757
9890
7756
9891
7750
3429
7000
8944
8943
5677
7876
8946
5979
7878
7877
7875
7391
5287
6744
7390
6049
7880
7879
8945
8942
5383
427
7754
6440
7081
6389
7082
6040
6765
9903
7866
7142
3915
8917
8914
8913
8911
8910
8906
8905
8902
8915
8904
8908
8909
8901
8900
8903
8912
8916
6954
7812
8907
5655
6720
7363
7364
7366
7365
5654
7362
5778
7753
2789
5708
8962
7517
7518
6409
7943
7944
8972
8971
8970
8969
8967
8976
8965
8963
8960
8968
8961
8974
8973
8964
8966
7519
6472
8975
8959
6295
8882
2710
3161
5281
5685
5573
8604
2360
7470
2685
1102
910
908
909
1103
8601
661
662
8603
563
8602
8605
8597
7472
8598
8595
663
664
562
8596
8599
5372
1954
1997
8600
7471
2622
4461
5993
6347
6613
6614
2135
571
2587
807
809
808
8660
8659
8657
8658
8665
678
679
8663
8662
8651
572
8652
8661
8653
7546
8656
8655
1551
1561
197
8654
5504
8666
5417
1969
2063
8664
7545
2344
4469
5999
6364
6624
6623
2148
574
2464
575
8713
816
815
817
8699
7552
8703
7554
684
683
8701
8700
8702
5534
6733
8712
8705
8704
8707
8711
7553
8710
8709
1556
1562
198
8708
6855
5423
2000
2069
8706
7551
8339
3793
9870
9871
9872
9873
9874
9875
9876
9877
9878
9879
9880
9881
9882
6831
6668
8258
8259
3880
9883
8257
8256
5564
8260
8255
6434
9800
9740
9714
9715
9716
9717
9718
9719
8419
5938
7791
9721
7792
9722
6381
9723
7793
9724
6412
8329
7790
9725
7789
8698
7788
5750
9726
8563
8562
8561
8560
1243
4410
5662
5926
5651
3447
7715
4797
7716
7717
7718
5661
3929
2300
4394
4505
5606
6475
5607
6474
2310
5558
5541
7135
7134
2084
7433
7424
7425
8525
8527
8528
7428
7430
7431
8529
7432
364
5966
365
1758
6767
7429
1643
7427
7426
8526
8524
5776
3841
6383
6382
5688
5478
6703
7185
8278
6420
3861
6542
7828
7829
7830
7831
7834
7825
7833
7827
7826
7824
7832
6940
6705
8918
7823
8919
8920
8921
8417
9685
5557
8165
8164
8163
6844
6782
7747
9686
5410
8564
4241
8565
7361
5732
4848
7415
207
8696
8694
8693
8695
7550
8423
9687
6900
7950
7949
9688
7748
6845
5411
8428
6157
8429
9689
8431
8416
5311
8432
7749
9690
6843
9691
1770
3572
6865
5483
5611
7697
5917
8337
7758
7411
7751
4307
7987
6176
7991
4239
5819
5217
6980
7990
7988
6655
6547
7865
7989
7752
4281
5978
4264
6278
4722
6864
7693
7694
6388
6248
7695
5350
7692
7760
5517
7769
7771
7770
5484
4885
6328
6493
6594
5418
6861
5327
4525
6136
4091
3265
7802
6439
8325
2375
2472
6780
1253
8333
8411
4886
7396
7404
9779
7405
5751
5626
7948
8506
5612
1428
9782
2010
2471
7745
1369
8140
7096
7093
8141
7095
6143
8135
8143
8139
7742
7097
472
8136
7094
7092
7089
7090
7091
7744
6609
8138
8142
4808
8134
8880
7741
7739
8871
6898
7740
5537
7743
4503
6237
8204
7947
4502
8203
6851
5770
6899
7746
9451
8872
8874
8881
6763
8873
8875
8137
8876
8877
7392
8878
8879
4783
7414
6707
2433
7805
1794
6400
8279
8161
8160
8162
8007
1868
8015
6273
8014
8012
8016
8004
8922
7665
6443
6755
5923
8003
8005
5514
6971
7397
6951
5693
6225
7662
6974
7666
7661
8041
7700
6137
5253
3909
6943
6502
8026
6558
7398
8022
7188
6967
9450
7680
2463
8029
8027
8924
7669
7133
2659
8018
5297
6081
5666
5318
6437
8043
7667
6839
8038
8044
6875
6497
6181
492
8042
7469
5251
7670
7406
5621
5838
8024
5992
7186
8172
6125
6956
6460
4807
7671
7407
8034
6854
6779
6531
6776
7672
7673
8028
6537
8130
7675
7408
8030
7530
6500
8031
8032
8697
7677
7678
6390
6975
6774
6722
6546
8019
7839
8036
8023
6196
2149
8033
7837
7679
6464
7684
6465
7681
6862
5561
7682
4507
7838
8853
8021
5587
452
7952
8020
5870
8925
6876
7683
6781
8035
8360
8037
5716
7696
8040
7668
5860
7836
8039
5861
6570
7099
7416
3859
1881
6927
7835
6516
5967
8006
6952
6272
6797
7556
8008
8010
1870
384
5805
6037
8382
8011
7132
6441
7468
6205
8899
8009
8013
6375
6445
8017
1875
6541
8923
1921
9449
7807
1869
6521
5296
428
465
1171
1251
3993
1109
641
734
801
827
855
863
861
860
865
862
864
866
875
857
825
799
733
644
1107
2820
1138
674
758
850
904
916
940
939
938
937
936
932
935
934
933
925
947
949
941
942
943
944
945
946
917
907
852
755
676
1139
7098
4849
7810
3577
6939
5540
2432
6301
4206
6764
1823
6053
5356
6219
7409
6561
6438
6227
6154
6115
5754
6292
5939
6324
5940
7484
5397
8154
6796
5462
7486
5625
6772
6180
6080
7410
6166
6401
5753
7485
5312
8386
8387
8390
7109
3337
1116
659
744
812
876
883
899
900
898
896
895
894
893
897
890
891
892
882
877
813
745
660
1115
6852
445
2449
4881
6072
3840
8393
4498
7448
6391
4497
7449
6757
8394
6758
6454
9444
6093
7558
7557
392
6756
9443
6560
4135
2377
7811
5705
6331
1007
6035
5508
2811
6281
6451
3904
7986
7980
6884
1846
1317
3858
5303
5381
5758
1864
7800
5516
7004
4022
7803
7422
6907
5983
6883
5663
6530
2686
5911
3925
5370
1651
1782
2290
5973
1866
6506
2287
1874
1661
2209
6766
5438
8316
5394
6326
5586
7985
7977
5225
6268
7982
7978
7979
6706
6978
6977
6976
7984
7983
6979
7981
7658
7657
5405
6739
6397
6545
7184
4716
8404
4385
6667
4527
5232
7815
4739
8728
4406
5597
8405
5244
7452
9442
8553
7155
5713
5133
5264
8583
8582
8575
8576
8577
8578
8579
8580
536
8581
7240
6964
8314
8315
7154
2847
6414
7799
3789
7804
5747
1069
2362
1328
1919
1234
505
2332
5367
6775
6444
7801
5339
5810
727
5670
8408
9441
5696
8252
8253
8254
5699
519
726
2245
7085
8131
7087
8133
8132
7086
7084
4353
5605
603
335
1017
1677
2204
2303
2315
2319
2307
2294
2042
1558
535
190
580
1420
2426
3122
3581
3583
3584
3345
2757
2173
1926
6244
5933
1863
2655
4508
6243
8395
7975
7421
7974
7419
7976
7401
8286
6396
6184
5981
5719
5552
7660
7659
5536
6453
2709
6654
379
6653
9453
8410
3863
9767
8897
9766
7708
5712
8399
5594
8179
8178
9765
9764
8175
8176
8313
8173
8177
8174
5550
5822
7239
8311
7140
2708
22
53
163
1074
1833
2136
2151
2170
2153
2162
2163
2168
2172
2171
2169
2166
2165
2164
2161
2167
2159
2158
2157
2156
2155
2154
2160
2152
2146
2137
2133
2203
3446
6469
8312
5937
8542
8541
6771
8324
6885
6886
7698
6738
9763
8540
8424
5396
8426
5527
7389
8434
9762
8368
5398
8338
8334
5441
8365
6737
9761
9760
4884
7971
9759
9758
6309
7676
5629
8285
8218
7420
9757
8280
9756
8215
8356
8357
9755
2724
6965
2679
9754
8354
9753
8353
9752
7555
5556
7946
6958
2722
3926
7945
7796
7797
7798
6245
5451
567
5271
4001
5272
4852
2470
4853
6838
5319
8217
8348
5748
9751
9750
7395
5749
8555
6606
8556
8557
8558
7458
8559
8361
7212
7808
6173
8866
8865
8864
8863
8862
8861
8869
8860
8859
8858
8856
8868
4103
8867
8857
8336
9749
5737
2076
6350
6932
6929
3797
2676
6930
6931
2478
1554
1232
2677
7
52
120
649
1683
3229
3344
3387
3388
3389
3390
3391
3395
3392
3393
3394
3403
3385
3386
3399
3400
3401
3405
3404
3396
3402
3398
3397
3343
3440
3272
3795
3817
5474
1800
8332
2771
10
59
128
711
1717
3230
3346
3417
3410
3416
3414
3413
3412
3411
3418
3420
3409
3408
3407
3406
3415
3419
3421
3422
3424
3423
3347
3441
3273
3796
3818
5475
8335
9748
8328
3923
192
620
1495
3276
4400
4825
4833
4840
4839
4835
4834
4842
4836
4837
4838
4841
4832
4845
4843
4880
5196
5772
9747
4234
1312
6604
9746
6267
1247
4292
4460
5476
4293
5223
5158
1104
5844
6124
5843
6123
7384
5274
6363
6119
5845
3873
6122
6999
6450
4427
6121
5608
6120
6182
6308
2447
4403
8649
7539
9745
7538
6340
9744
9743
6367
5233
6468
8103
418
6467
8102
417
6083
5752
6345
6185
6346
6436
5814
8363
7412
8283
8282
8364
5256
7881
6937
5893
2729
6153
6152
5936
5935
6109
6761
6762
8341
6393
8345
6501
7057
9768
9770
7137
6992
7417
6944
8852
8346
9797
3591
9771
8898
721
9796
723
8347
9795
9794
8351
9793
8216
9792
9791
9790
9789
5809
2737
5761
7853
6719
7655
614
624
6871
613
623
8847
8846
8845
8843
6872
7852
7656
8844
7674
8344
8343
9788
8350
9787
8370
9786
218
1096
1804
2429
2601
2641
2644
2646
2645
2638
2599
2430
1801
1095
215
358
8374
9785
8373
9784
9783
299
1193
1808
2312
2381
2439
2441
2384
2313
1811
1194
298
410
5520
5744
5894
5282
539
540
1041
7482
5755
7483
1055
2547
16
44
149
1047
1824
2142
2175
2182
2189
2191
2177
2192
2188
2187
2186
2185
2184
2183
2181
2180
2179
2178
2190
2199
2193
2194
2195
2196
2197
2198
2176
2174
2143
2138
2207
3460
8366
7902
9781
9780
8418
5628
2583
2654
1033
5627
1314
442
553
513
514
554
441
1315
789
4153
6242
4437
4457
1776
4157
6241
3275
1452
6266
7158
7157
7159
5408
7806
7951
6650
7399
8281
8284
7487
4859
5896
6128
5191
7156
8488
9778
7418
8487
7393
6399
8489
5466
6549
6322
6935
6934
6936
5745
7520
8349
5361
7439
232
8543
8544
8545
7162
5511
8220
5131
8398
5630
1368
6222
6540
6223
4737
2342
1789
4458
6224
5701
6801
6800
6291
6748
8406
6179
802
4378
4379
4377
699
1016
700
4261
754
731
6435
2593
4381
8305
8304
8302
8306
8300
8308
8307
8303
8309
8301
8310
3999
2202
2201
5322
5459
1082
5321
6001
5546
6317
736
5543
5545
6316
6315
6840
4875
5427
6415
6646
5784
6314
3453
7376
7375
5836
7377
7378
6373
6734
5683
7360
6082
5603
5544
1655
6973
4298
8359
9777
185
6783
1005
2250
2280
2249
9776
8025
6218
8355
9775
9774
4161
4247
6563
5342
4426
6564
1755
2005
4263
4262
5759
5286
8520
8519
8518
8523
8521
8522
8517
8516
5159
8106
5554
6795
6712
4294
5376
2748
8949
7901
8950
8951
7136
7897
7900
8952
6725
6953
8954
7369
7041
6067
9773
8956
8955
8947
7898
8948
8957
8958
7896
7899
8319
5574
4421
6933
8953
8379
5934
9772
8371
8219
8369
7161
9742
9769
8422
7413
7187
8420
6567
9741
2851
1297
1292
1296
1298
1286
1287
1288
1289
1290
1291
1293
1294
1295
7664
6442
8211
8327
8326
8209
7707
6743
6652
5866
8210
2945
1589
5691
5615
5773
4855
8439
5774
4339
6021
8437
4338
8415
5839
3922
6946
7856
8926
6949
8930
8931
6948
6947
8932
8933
6982
8934
8935
7854
7855
6950
5910
8929
8928
8927
8936
9709
8400
6178
7383
9708
9035
8401
8883
8402
5395
8403
8205
9707
9706
9705
9704
8407
8414
5234
2548
196
254
2948
1486
2267
2226
1438
5851
2268
2549
2778
2595
625
3809
7423
8412
550
8207
8206
8056
8388
5304
5982
7972
6972
9703
8440
5200
9702
9701
9700
9699
7663
6362
6605
9698
9697
722
9696
9695
73
4237
3438
3432
3433
3439
6879
4302
7687
4431
9694
6226
7151
7152
7153
7688
8854
5535
6155
2200
5560
9693
9692
3913
3914
4356
0
4446
995
1920
2003
4343
2286
5447
5448
7857
7858
5595
4465
4185
6926
7864
7862
4342
2285
5446
5449
7863
7860
5596
4466
4184
6925
7859
7861
6142
1485
8885
7451
597
593
8886
8152
6269
7450
7772
7104
5789
6612
7453
7454
6611
353
279
752
5568
5963
3875
7107
6044
5341
111
7105
6045
7213
6066
5353
4183
1927
8289
5542
8288
5337
1207
450
7106
8153
1434
1134
6610
7108
594
8889
5502
2923
2924
596
2788
707
708
595
8888
8887
5921
2231
9026
9027
184
183
9030
9031
9017
459
1225
9033
738
739
7970
5922
617
615
9032
9029
9034
9024
9016
9018
9019
9021
9022
468
469
419
616
618
9025
9028
1046
1045
525
9020
9015
9023
5919
2317
8476
7380
7382
7381
8475
8473
8474
7379
6406
8471
6753
8470
8469
6752
8468
8467
1374
8472
5555
5918
2705
8466
7370
7373
7371
7374
7372
8464
6585
8465
8459
8460
8461
8462
36
8463
7203
4100
8124
8129
8125
8126
8127
6032
6282
5818
7083
8128
7201
4365
8150
8146
8151
8148
6038
8147
8149
6118
1705
4374
587
272
1861
1355
1365
1366
1362
1341
1860
1371
1363
1367
1356
1370
1340
582
8851
8850
8293
8292
5295
7459
8849
7215
6233
8290
267
737
5531
5865
3260
7214
6231
5351
114
7216
6230
6232
245
5262
1230
1413
1475
1517
1520
1533
1531
1529
1530
1534
1532
1525
1536
1516
1546
1510
2265
4096
585
586
6824
7531
132
188
7217
7218
8291
584
5513
2792
2793
581
2476
1213
1205
1229
583
8848
6133
5920
4337
5529
2379
5886
5889
5888
5887
5530
2329
5972
5971
5970
5969
5968
4082
1928
7103
1903
6608
1206
7305
7306
7307
7308
7313
7309
7310
7301
7311
7304
7303
7299
7298
7296
7300
7297
7312
5785
6718
7302
5571
6648
7178
7177
7176
7179
5572
7180
5725
7204
2306
5570
8896
6784
7491
6402
6532
7786
6404
7787
6403
4386
60
121
306
1261
2034
2734
2760
2774
2775
2758
2781
2747
2943
3160
5355
4208
47
107
239
1184
1940
2768
2817
2835
2836
2838
2830
2837
2814
2856
2790
3235
3287
5379
3869
27
81
170
1056
1850
2854
2965
3134
3146
3150
3140
3141
3127
3139
3137
3135
3132
2967
3166
2888
3442
3508
5429
4129
38
101
209
1141
1896
2784
2844
2868
2840
2882
2804
3270
3350
5393
5401
3228
3576
3227
5400
2733
9
58
127
710
1716
3226
3335
3361
3362
3363
3364
3365
3379
3378
3367
3368
3369
3370
3371
3372
3373
3374
3375
3376
3377
3366
3336
3428
3262
3791
3804
5465
4128
39
102
220
1165
1917
2783
2845
2870
2877
2876
2873
2875
2880
2842
2883
2806
3268
3352
5391
3867
25
83
171
1058
1851
2855
2966
3138
3144
3142
3133
3131
3130
3147
3151
3149
3148
2968
3167
2887
3443
3507
5431
3992
30
86
180
1075
1884
2813
2770
2786
2495
2435
1842
2434
2494
2787
2782
2889
2963
2848
3354
3445
5416
3570
23
78
155
1021
1820
2926
3163
3222
3221
3224
3220
3219
3223
3217
3216
3215
3225
3218
3214
3162
3234
2947
3503
3575
5439
4207
46
106
240
1183
1941
2769
2816
2831
2832
2833
2839
2834
2815
2857
2791
3236
3288
5378
3868
26
82
172
1057
1852
2853
2964
3155
3153
3152
3145
3143
3136
3126
3154
3128
3129
2969
3168
2886
3444
3509
5430
4080
34
93
200
1126
1900
2795
2865
2909
2910
2911
2912
2913
2914
2915
2867
2932
2823
3292
3425
5402
4130
40
103
221
1166
1918
2785
2843
2879
2874
2878
2872
2869
2871
2841
2884
2805
3269
3351
5392
4081
35
92
199
1127
1899
2796
2864
2916
2918
2919
2920
2922
2921
2917
2866
2931
2824
3293
3426
5403
4387
61
122
307
1260
2033
2735
2759
2773
2772
2761
2780
2746
2944
3159
5354
8171
5706
6433
8895
8894
6247
8287
6860
2485
4279
5343
6246
5820
8532
2345
7436
133
2667
1088
884
885
886
1089
8531
647
646
8533
557
8534
8535
8536
7435
8537
8538
645
648
558
8530
6770
5352
1935
1955
8539
7434
6092
8384
1942
4815
5775
6569
6622
6621
2059
5727
7052
7053
2544
764
763
765
8446
8447
8448
8449
8450
7768
651
652
6749
8451
7767
8445
560
8452
8456
8458
7368
8457
8455
1507
1519
193
6750
5426
8454
5349
1936
1956
8453
7367
6138
6473
1915
4877
5811
6625
6715
6716
2098
5757
7079
7080
2450
564
8607
786
785
787
8606
7480
8608
7479
6189
7794
665
666
6821
8616
7795
8610
5522
6619
8618
8611
8617
8612
8613
5614
8614
8615
1523
1537
194
6823
6822
5373
1953
1970
8609
7481
6188
8381
2586
224
2373
1630
1627
1626
1625
1624
1631
1623
1619
1637
1609
1607
1641
1606
2372
1640
1608
1636
1620
1628
1629
1632
249
2080
1460
1457
1471
1449
1478
1440
2082
1442
1476
1446
1473
1456
1464
1462
1461
228
2348
1597
1599
1598
1592
1594
1596
1586
1602
1580
1610
1574
1573
2349
1611
1581
1601
1587
1595
1593
1591
268
1932
1410
1391
1415
1385
1931
1383
1417
1389
1409
1400
1405
1404
1399
314
1748
1747
1241
1276
1255
1265
1267
1254
1274
1237
294
1831
1352
1319
1832
1318
1351
1332
1346
1343
1342
1347
1333
250
2081
1466
1455
1470
1448
1479
1441
2083
1443
1477
1447
1472
1458
1465
1467
1463
203
2698
1722
1723
1726
1718
1731
1730
1729
1728
1727
1733
1708
1732
1724
1725
1713
1736
1697
1752
1707
2699
1753
1698
1737
1712
1719
1720
1721
313
1744
1745
1238
1271
1256
1268
1269
1258
1273
1240
362
1553
1112
1148
1130
1147
1111
1552
315
1746
1743
1239
1275
1257
1270
1266
1259
1272
1242
6888
269
1929
1408
1390
1414
1386
1930
1384
1416
1388
1407
1398
1403
1406
1401
6478
6556
6984
6983
2453
6887
6392
6723
6724
5864
8045
5521
8046
8047
2475
1600
9710
9712
9739
9713
9738
9737
9736
6847
4438
6866
5905
6584
6868
5904
6074
5984
4271
6076
6867
5903
6075
5985
4118
5813
7541
2347
6073
7540
5406
6745
6747
6746
1639
803
4501
5228
5227
5226
5229
470
5929
5928
5927
3431
4846
6593
5380
4889
2701
7138
7139
6384
4441
430
356
7438
7437
5734
6811
6810
6809
6806
6808
6807
5976
6812
6805
6804
6803
6802
6814
6813
6818
6158
6815
6816
6817
6819
6820
4499
2971
1806
2666
5803
2970
4479
6041
5791
4276
5895
4101
1958
5930
5468
5497
7056
7055
1689
3870
32
90
189
1090
1890
2826
2929
2953
2950
2949
2954
2952
2951
2955
2956
2930
2978
2858
3383
3451
5421
4397
77
134
347
1339
2090
2723
2743
2742
2754
2731
2859
2936
5336
5261
634
1437
2242
4094
4390
4467
4500
4692
5680
8212
8213
8298
8297
8296
5347
797
1526
2295
4111
4384
4480
4521
5668
5346
796
1527
2297
4113
4382
4482
4522
5667
5345
795
1528
2296
4112
4383
4481
4523
5669
8294
4088
271
911
1652
3792
4399
4724
4732
4740
4741
4742
4743
4744
4733
4767
4746
4814
4888
5740
327
9735
4487
328
622
8214
5850
4283
342
1068
1768
3906
4402
4534
4679
4701
4700
4678
4704
4703
4771
4860
5724
460
7219
6714
8295
8299
7763
5703
4254
6798
6360
6051
5673
4496
6203
5613
6504
8567
8566
8568
8569
8570
8571
8572
8573
4370
545
544
8574
5601
8444
3277
5787
7781
6057
7784
6058
2498
105
308
1060
2355
4303
5148
5155
5161
5176
5185
5179
5173
5177
5169
5175
5178
5180
5181
5186
5162
5170
5166
5171
5167
5187
5168
5165
5174
5183
5182
5164
5172
5184
5188
5163
5156
5190
5189
5230
5265
5825
7780
6063
7782
6059
7785
6062
3865
191
612
1494
3263
4396
4806
4811
4817
4818
4819
4816
4821
4823
4824
4822
4820
4812
4828
4826
4876
5160
5769
4124
273
912
1654
3794
4404
4731
4769
4773
4774
4776
4775
4772
4768
4778
4777
4829
4890
5742
7777
6064
7783
6061
7779
6060
6924
6656
8893
7778
8892
8891
8890
5832
5831
5834
5833
4516
5830
5360
8821
6849
5681
4345
6110
5467
6366
6365
4484
4483
1459
5382
2739
6047
5285
2358
7060
7061
7063
7064
7062
7205
6129
8442
4408
8198
455
8199
6991
5694
2779
6329
95
8121
8122
5733
8123
3455
6370
7182
5419
6079
6858
6859
6380
7198
1163
6071
2039
5965
6276
4867
6882
6275
6274
6277
6848
4214
6754
7447
7445
412
7444
7443
7442
7441
7440
7446
5837
1645
1450
5856
5855
5854
5853
5857
5852
6070
2696
2035
4878
57
11
416
177
495
393
461
2334
7202
5273
7497
7496
7495
1186
7200
3261
7704
5980
7705
4209
5728
4530
6873
7703
7702
6528
6466
7701
7706
7206
1882
4693
1934
1663
3353
6177
6480
6482
5709
1143
1050
602
1822
6481
3911
6483
7199
2881
7101
7102
8829
8838
8840
8830
8831
8832
8834
3932
8837
8836
8835
8833
8828
8827
8826
8825
8839
8842
8841
5958
7646
4123
3995
5482
6857
7650
7649
6302
5257
7774
7776
7775
7773
6856
7647
7648
5193
1565
2483
1034
4793
920
4524
9733
1545
510
637
4451
2321
5962
8427
1771
5515
352
282
1585
8430
724
8433
8391
100
8380
4462
9732
7400
9731
4154
3449
8513
8514
8512
8515
8510
8509
8511
8507
8508
6968
4269
8812
7654
8811
8810
8809
2680
8808
8806
8815
8805
6869
8807
8813
8814
8804
8816
8817
8818
8819
8820
8245
8243
8249
8247
8251
8248
8246
7174
3908
8244
8250
7476
4417
7474
7475
7473
7478
7477
7893
7892
7890
7891
7894
4270
7895
8552
8551
8550
8549
8548
4017
8547
8546
8668
8669
8670
4236
8673
8672
8671
8667
7765
8208
3565
2802
1077
5302
8318
9730
8261
4801
5987
8317
7249
1048
1797
7059
7466
1210
7843
6917
6919
7846
6920
5847
293
7848
7845
7847
7460
1676
5386
2467
2551
474
7842
6518
6921
6922
6918
6923
7461
4401
375
374
372
373
7840
7844
4526
7841
8591
7462
7467
8586
6794
7463
1948
7464
4485
6156
8144
7764
4486
8145
6717
5710
6793
7465
5700
2269
8585
8584
8592
1871
8593
8590
7849
8594
8589
6941
8588
8587
341
5404
7394
4349
1813
4445
526
6555
4306
3512
6294
6928
6510
6293
6511
7910
6169
1518
7907
4519
5498
7906
6477
7908
6172
4413
2651
7909
6236
1841
1481
1421
1092
7911
5407
7912
6476
2351
1571
2962
6149
1734
5704
5659
7502
5898
5333
7504
5899
7506
6200
7913
5283
9729
2336
720
1812
5959
3852
7914
5702
6193
4311
7916
5912
5675
9728
7511
225
7928
5877
7926
6235
7510
5900
6512
5518
2278
9727
7917
5876
1117
542
4850
5276
5275
285
1588
1098
1252
1008
7918
6170
7508
6202
6019
4300
7919
5883
7904
6168
6830
4295
1902
406
7920
5873
7146
1908
5259
2208
1030
4420
394
152
7921
4201
5374
7143
5136
7183
4243
4803
4804
4805
6942
6238
6206
4372
5424
1674
5235
6408
5357
6407
5788
1423
1002
1179
4395
4278
1492
2325
1201
1435
5729
6135
6134
1916
1191
7922
5553
421
1949
1219
3571
1411
7507
5901
7505
6201
7923
2756
5698
5618
4196
7924
5359
6448
7925
5874
7905
5783
7500
7499
2244
5331
5247
997
5212
7915
5432
7189
7190
7903
5875
7927
5871
2322
1511
1739
7929
5721
7509
2715
7503
2716
4529
2656
2672
5549
6535
6536
1224
657
8630
7942
2717
325
6508
7941
5882
2224
1514
1038
2765
1835
7939
5762
7938
2343
5964
7937
7498
2248
5925
7936
6167
2293
1175
4330
1567
1218
1838
4267
1497
1364
5924
5616
7935
6171
1749
548
5678
4186
7934
5879
7933
1072
283
1590
1883
1644
1085
1506
1548
1162
1097
462
814
361
4798
1889
123
366
1182
2554
4296
4725
4735
4755
4758
4749
4764
4762
4750
4760
4756
4763
4759
4766
4765
4748
4751
4752
4754
4753
4747
4757
4761
4734
4770
4738
4827
4887
5743
7932
6509
4371
7066
5880
7145
4198
4794
7931
5872
7940
5881
4414
1910
3801
6732
420
311
1014
599
7930
5878
1834
4509
2073
1695
1563
9720
4453
832
6398
2108
387
368
1061
1099
3994
1106
642
735
800
828
856
867
868
869
870
871
872
873
874
854
826
798
732
643
1108
2821
1136
675
757
849
906
914
921
922
930
924
926
927
928
929
923
931
948
952
950
951
953
954
955
956
915
905
851
756
673
1137
6966
1829
4449
960
4415
1359
415
2484
1227
7110
7111
7112
7113
7114
7115
7116
7117
7118
1925
289
1816
568
1575
1220
2276
1650
1848
1236
1436
1199
1853
1444
4800
1836
5779
3266
7220
4235
1750
5781
3808
4736
2462
2697
1664
5335
4193
2055
5780
2691
4511
2749
4513
2751
4512
2750
6669
2335
1079
607
689
742
761
770
778
774
781
777
782
784
780
779
776
775
783
769
762
741
690
606
1078
6628
2380
14
319
359
9869
1679
1129
740
464
5250
4456
2939
5249
4786
1672
4785
4405
1766
4359
5765
5766
330
4784
1885
1568
456
1837
4442
1572
1132
66
3846
4286
1512
5440
5658
1762
5486
5493
3281
280
434
1633
1893
2264
4344
1235
4452
2228
6043
2058
4450
2359
3290
4434
5519
2649
5671
1613
4197
1412
2318
570
810
2088
5240
1144
5566
1164
1091
1065
1178
5735
2661
7699
4092
4893
2693
5491
5492
2101
4720
5485
5490
5489
4350
5328
5329
5330
5494
5487
5332
5488
6616
6615
3158
6288
5306
5211
6361
2326
2669
1687
5280
2139
5231
6132
1422
8554
4110
5218
1083
653
5387
4418
5547
4305
1474
1451
2707
7643
7645
7641
7640
7637
7642
7639
7638
477
7644
5827
5460
6113
6114
4304
1299
1372
2304
4448
1360
9868
4447
1393
6377
6376
6378
6379
3274
1221
1344
818
1688
730
355
176
109
1324
5192
1135
4443
1305
186
729
463
8367
6998
9867
5746
2273
8088
2594
6543
8089
5237
6286
5726
7042
8087
5602
4510
4347
436
728
1560
6551
4788
6988
214
62
234
1282
2481
3457
3736
3738
3762
3773
3760
3741
3742
3743
3744
3745
3747
3759
3748
3750
3751
3752
3753
3754
3755
3756
3757
3749
3740
3758
3746
3787
3784
3783
3782
3781
3780
3779
3778
3777
3776
3775
3785
3774
3772
3771
3770
3769
3761
3768
3767
3766
3765
3764
3763
3786
3739
3737
3456
2480
1283
233
63
6990
6989
226
69
264
1329
2489
3342
3516
3521
3532
3523
3550
3549
3548
3554
3558
3551
3552
3522
3553
3557
3555
3556
3564
3559
3560
3561
3563
3562
3546
3547
3544
3543
3524
3525
3526
3527
3528
3529
3530
3531
3545
3533
3534
3535
3536
3537
3538
3539
3540
3541
3542
3520
3515
3341
2488
1330
263
70
227
72
276
1337
2487
3285
3462
3469
3481
3495
3483
3484
3487
3488
3498
3491
3492
3493
3494
3499
3496
3497
3482
3489
3480
3468
3464
3500
3506
3573
4336
4335
3574
3505
3501
3465
3467
3479
3473
3474
3471
3475
3476
3477
3478
3486
3472
3470
3490
3485
3466
3461
3286
2486
1338
275
71
1959
1894
9866
340
173
503
1307
1646
1696
1702
1704
1700
1682
1543
1070
292
159
494
1325
2255
2675
2738
2741
2740
2700
2446
1767
1513
2233
1214
138
451
1284
2550
4086
4310
4314
4319
4318
4325
4327
4320
4322
4326
4329
4328
4317
4321
4323
4324
4315
4332
4316
4354
4376
5523
2232
1569
332
1051
1658
2702
3862
4003
4008
4007
4011
4006
4083
4098
5298
7690
2291
1145
687
766
878
919
959
988
994
963
964
965
966
967
968
969
970
971
972
973
974
975
976
977
991
990
989
993
987
986
992
985
983
982
981
980
979
978
961
984
962
958
918
879
767
688
1146
7691
2650
1100
635
719
773
821
831
839
846
842
843
838
845
844
847
848
841
840
837
836
835
834
833
830
820
772
718
636
1101
7689
1805
2448
6307
6304
6306
6305
6303
4830
2283
1496
695
1741
6088
6617
6618
1947
4715
680
3849
2288
1430
3848
5195
8383
628
9864
8650
9863
7686
2703
5224
1445
7163
7165
9862
9861
5314
5840
7164
7712
5842
6330
6626
5841
4409
4854
6874
7713
6627
1907
21
50
161
1064
1792
1999
2008
2019
2032
2020
2030
2023
2024
2025
2026
2027
2028
2029
2013
2031
2021
2022
2018
2017
2016
2015
2014
2009
2004
1998
1971
2038
2925
5722
7714
4089
7051
6523
7049
6285
7058
6078
6077
6985
6287
6265
124
7050
5812
2809
996
284
4517
4095
1669
1576
1279
1577
1073
5835
1578
1302
1320
1579
1671
1280
6842
1454
556
9859
9884
5824
1105
378
385
386
9886
9913
8372
1901
5277
1938
5454
2766
5690
6145
5453
6147
2767
5848
5849
6146
1053
6192
1011
9887
9912
6905
116
5525
4361
6515
3427
6835
6410
1877
2110
6836
7235
7234
7233
5846
638
157
1539
1427
6240
1564
5317
5316
5315
9911
166
4874
4868
4872
4871
4870
4873
4869
1505
259
1922
1923
1914
889
4348
258
257
6018
496
2075
2812
1653
5792
1773
7175
6068
2927
6789
5338
6788
6785
6786
6395
6787
600
1354
381
74
8720
8719
8718
8717
8714
8715
8721
8722
8723
8724
8725
8726
3802
8727
8716
6850
6130
6165
1542
246
2695
5863
4425
5221
1032
1003
5222
5220
1009
5862
64
13
2503
187
84
244
902
1769
2301
2556
2558
2571
2578
2576
2580
2579
2568
2567
2564
2561
2562
2563
2565
2566
2581
2575
2574
2572
2569
2570
2573
2577
2559
2582
2557
2591
2597
4232
54
8441
2225
8
56
126
698
1685
2800
2862
2901
2897
2899
2891
2908
2900
2893
2896
2890
2894
2904
2902
2898
2895
2892
2907
2906
2905
2903
2863
2934
2818
3340
3381
5413
8421
2618
6
49
119
639
1673
2938
3176
3238
3247
3248
3249
3251
3258
3253
3254
3255
3256
3257
3246
3250
3252
3239
3244
3245
3243
3242
3241
3240
3177
3264
2972
3568
3579
5444
8342
3267
555
316
1222
1961
2827
3582
3822
3826
3831
3830
3836
3829
3832
3835
3834
3828
3833
3825
3838
3824
3851
3864
4495
8822
236
153
4165
1375
2687
717
1490
2819
3454
2466
1657
2977
2714
302
4120
4258
4119
4256
1933
1550
2308
4259
4121
1521
4260
1946
1693
1306
4257
1418
4255
2660
4010
5793
206
291
4533
4411
1615
4412
1331
1023
531
532
530
529
528
527
8824
432
350
3169
5741
2309
17
45
154
1052
1818
2096
2107
2121
2119
2126
2114
2122
2117
2127
2116
2111
2120
2124
2123
2112
2118
2115
2113
2125
2128
2129
2130
2131
2132
2106
2102
2097
2092
2145
3357
4285
6084
2668
48
80
256
1212
1840
2006
2043
2045
2047
2054
2052
2049
2050
2051
2048
2053
2046
2044
2036
2007
2002
2057
2937
354
255
670
822
6359
6358
6357
6356
6355
6354
6353
6352
6351
671
552
1189
8358
3919
4002
4879
5288
1211
312
2258
2243
569
251
1635
1358
1634
667
589
1872
2079
2219
1323
2218
1309
1909
1310
2105
253
151
336
7071
7069
1757
4290
1772
6290
3857
2681
2694
4518
7073
1059
7072
6881
6568
484
7074
4432
5711
6587
5902
5539
4440
5278
6588
5989
7456
6586
6323
4016
7998
5715
5828
5652
6589
8002
7999
8000
8001
4475
7457
5988
4810
7070
608
5194
1012
9905
5505
6880
6575
6566
1680
1264
6003
6004
6002
5768
5291
6284
1031
1821
7045
7044
7046
7047
6283
1844
1965
6394
6565
7048
7501
377
8362
6996
8378
6997
8377
9904
216
1094
1802
2427
2600
2639
2643
2647
2642
2640
2602
2428
1803
1093
217
357
8376
6995
8375
6993
9902
296
1196
1810
2314
2382
2440
2438
2383
2311
1809
1195
297
411
1019
360
65
588
1394
242
243
1131
409
4127
6456
2378
4126
1187
324
1396
15
42
146
1029
1775
1966
1972
1995
1996
1994
1974
1975
1977
1978
1979
1984
1985
1993
1989
1982
1988
1983
1981
1991
1976
1992
1980
1990
1987
1986
1973
1968
1967
1963
2001
2822
6906
4851
9901
9900
3569
1614
2070
2094
749
2370
1245
408
507
476
475
508
407
1244
522
2683
5806
2928
3860
1538
8048
8049
8050
8051
8053
8052
8055
8054
2444
5807
1026
55
4156
6091
6089
6090
1876
4444
6507
4474
6870
9899
7888
9898
7889
8331
2755
1498
6498
6499
7973
4531
5760
4514
5816
5975
9897
4203
4309
6777
5756
6087
2078
6938
5581
5974
5739
4282
6896
6895
4085
6470
6897
3596
4493
6894
6463
4355
5991
5458
6312
213
5660
6199
4210
5897
6033
8681
8680
8679
8683
8677
8674
8675
8676
8682
8684
8692
8678
8686
8687
8688
8685
8689
8690
8691
2763
5270
6986
4894
8155
7054
6544
5599
2236
2799
9896
9895
9894
9893
7734
7733
7732
7731
7730
7738
7735
7736
179
7737
6204
5567
4891
6525
6524
8156
6020
4393
7150
3590
957
274
887
1945
1951
1944
1503
999
1067
1350
1943
1200
4882
4883
3348
6503
4297
9892
8436
5495
337
2810
2657
4188
4189
4190
4191
2684
4422
4424
4423
310
363
309
2320
318
317
1662
208
2801
7725
7729
7722
7719
7728
7724
7726
7723
7727
7721
7720
1761
1681
6680
195
2222
4367
523
1714
4366
4539
4473
6679
6682
6678
6677
6681
6675
6674
6673
6683
6692
6684
6700
6699
6698
6685
6676
6702
6686
6687
6688
6689
6690
6691
6693
6701
6694
6695
6696
6697
331
4536
4538
4470
4471
6183
5526
2292
2553
9889
5368
4831
4275
4472
1778
506
2262
5646
5645
5644
5633
5643
5642
5640
2074
5647
5639
5638
5637
5636
5635
5634
5641
5649
118
5648
479
5365
5364
5363
4009
5362
5254
2263
443
2744
2850
2849
5507
709
6257
6256
6254
6250
6259
6258
6249
6251
6252
6253
6255
5585
6263
6261
6260
5977
5202
6262
5672
2223
4368
6574
1172
5800
5799
5798
5797
5796
2648
4537
1373
4865
1022
8443
6557
6342
68
6479
998
2212
2229
2211
6841
3259
1509
3358
3798
5657
3799
1322
383
1582
1638
1647
1583
131
113
1036
1035
1950
1905
6582
6583
6580
6579
6578
6577
6581
6576
1898
4856
1081
701
4346
230
7192
7193
2251
7194
7195
7196
7191
1675
1621
1911
1656
8226
7168
6207
8221
8223
7001
7167
6209
7171
5908
8227
5598
6065
6645
8222
6773
3991
4117
1381
5823
3580
2284
8232
8225
8229
7169
5909
8224
8230
8228
7166
6208
7170
5907
8070
1715
1198
2012
8231
8385
5243
8090
6768
6534
9888
8389
7160
6513
4897
9858
8823
6234
4896
5777
4274
2257
483
8392
1181
1159
1158
1157
4265
1156
3827
1169
6846
6711
1155
1154
1152
1160
1168
1170
1153
1180
4331
2270
7148
5915
5916
7147
6085
5548
6313
4895
7149
1209
303
2144
2216
2237
1859
1559
8396
2238
2479
2253
8397
1488
6311
819
2221
6825
7488
8627
6827
8628
8629
6826
6829
8619
8626
6660
8625
8624
7490
7489
6828
5692
8623
8622
8621
8620
3816
4358
1192
4532
1857
6372
6052
320
3819
6371
8855
5676
3459
397
205
8413
6994
6728
4104
4105
9885
9857
4106
1622
2460
3930
396
658
2041
141
229
2227
1176
1711
1228
759
5620
1710
2040
2210
1880
398
2277
2064
6666
117
6726
5366
6727
6759
4195
1024
2365
4506
4391
6592
6191
8409
1419
9827
9825
9824
9823
6343
2445
4268
9822
9821
9820
9819
601
5473
9818
9817
9816
9815
9814
9813
9812
9811
9810
9809
9808
9807
9806
9805
9804
9803
9802
9801
9826
9828
9855
9829
9854
9853
9852
9851
9850
9849
9848
9847
9846
9845
9844
9843
9842
9841
9840
9839
9838
9837
9836
9835
9834
9833
9832
9831
9830
9684
9683
9682
9624
9535
9534
9533
9532
9531
9530
9529
9528
9527
9526
9525
9524
9523
9522
9521
9520
9519
9518
9517
9516
9515
9514
9513
9512
9511
9536
9538
9565
9539
9564
9563
9562
9561
9560
9559
9558
9557
9556
9555
9554
9553
9552
9551
9550
9549
9548
9547
9546
9545
9544
9543
9542
9541
9540
9510
9509
9508
9507
9477
9476
9475
9474
9473
9472
9471
9470
9469
9468
9467
9478
9466
9464
9463
9462
9461
9460
9459
9458
9457
9456
9455
9454
9465
9479
9480
9481
9506
9505
9504
9503
9502
9501
9500
9499
9498
9497
9496
9495
9494
9493
9490
9489
9488
9487
9486
9485
9484
9483
9482
9537
9734
9452
9598
9599
9600
9601
9602
9603
9604
9605
9606
9607
9608
9609
9610
9611
9612
9613
9614
9615
9616
9617
9618
9619
9620
9621
9622
9597
9623
9596
9594
9569
9570
9571
9572
9573
9574
9575
9576
9577
9578
9579
9580
9581
9582
9583
9584
9585
9586
9587
9588
9589
9590
9591
9592
9593
9595
9625
9653
9626
9656
9657
9658
9659
9660
9661
9662
9663
9664
9665
9666
9667
9668
9669
9670
9671
9672
9673
9674
9675
9676
9677
9678
9679
9680
9655
9681
9654
9652
9627
9628
9629
9630
9631
9632
9633
9634
9635
9636
9637
9638
9639
9640
9641
9642
9643
9644
9645
9646
9647
9648
9649
9650
9651
9568
9567
9566
29
6649
6387
6386
1499
5326
5821
6385
5450
158
345
2662
1764
9491
9492
793
790
6721
5428
794
5445
6069
792
300
7821
7246
6713
7243
8167
8168
8166
8169
8170
7247
178
7242
7248
7244
6325
791
7822
7245
6332
3907
5414
1780
5579
5197
5139
5122
5117
4899
5059
5054
5020
5017
5014
5011
5022
5009
5004
5002
5001
5000
4999
4998
4996
5008
5024
5025
5052
5051
5050
5043
5033
5030
5094
5026
5035
5023
5015
5055
5086
5088
5097
5099
5082
5058
5083
5074
4914
4921
4922
5101
5116
5132
5147
5219
4796
4802
5246
4726
5210
5146
5130
5111
5104
4979
4992
4981
4982
4983
4986
4987
4988
4940
4944
4948
4949
4974
4961
4957
4955
4951
4947
4945
4943
4941
4939
4985
4971
4904
4911
4913
4928
4925
4916
4920
4923
4967
4973
4975
4990
4959
4984
4970
4969
5109
5121
5134
5150
5238
4468
5239
5151
5135
5120
5108
5089
5063
5105
5110
5127
5145
5204
4719
5209
5152
5201
5580
5578
5198
5138
5124
5118
4900
5028
5100
5068
5069
4930
4931
4933
4905
4902
4910
4927
4935
4952
4953
4956
4946
4991
4906
4994
4917
4924
4926
4934
4980
4989
4963
4938
4942
4950
4958
4912
4966
4936
5107
5114
5129
5143
5206
4717
5205
5142
5128
5112
5106
4919
4918
4960
4995
5079
5096
5093
5092
5084
5091
5087
5016
4997
5049
5038
5034
5032
5031
5037
5040
5042
5045
5046
5102
5113
5125
5141
5207
4718
5208
5144
5126
5115
5103
5077
5078
5080
4964
5076
5075
5073
5072
5070
5064
5095
5090
5053
5021
5019
5018
5012
5010
5007
5029
5027
5036
5039
5041
5044
5047
5048
5003
5005
5006
5013
5056
5085
5098
5057
5060
5061
5062
4993
5065
5066
5067
5081
5071
4915
4932
4903
4907
4908
4909
4978
4968
4976
4977
4954
4962
4929
4972
4965
4937
4901
5119
5123
5137
5199
5577
693
694
692
691
5415
1798
5469
4729
4706
4688
4685
4542
4645
4644
4641
4640
4639
4638
4637
4669
4667
4662
4617
4614
4625
4629
4612
4672
4661
4663
4643
4650
4559
4560
4581
4571
4582
4549
4632
4657
4618
4626
4630
4633
4605
4647
4567
4631
4621
4665
4666
4648
4649
4578
4584
4562
4561
4557
4563
4564
4674
4591
4544
4556
4543
4545
4552
4546
4555
4547
4550
4554
4558
4577
4579
4583
4590
4586
4588
4589
4575
4570
4569
4566
4565
4541
4684
4687
4705
4727
5472
5480
4795
5479
5470
4730
4707
4689
4691
4694
4710
4780
4455
4781
4709
4696
4680
4676
4660
4659
4658
4599
4597
4595
4615
4634
4655
4656
4636
4580
4673
4609
4585
4551
4573
4587
4608
4576
4553
4574
4572
4568
4548
4635
4642
4654
4671
4670
4668
4664
4607
4606
4604
4603
4610
4600
4598
4594
4601
4611
4613
4624
4623
4622
4620
4592
4653
4616
4619
4627
4628
4596
4602
4677
4682
4698
4714
4790
4490
4489
4789
4713
4699
4690
4697
4712
4779
4454
4782
4711
4695
4681
4675
4652
4651
4646
4593
4540
4683
4686
4708
4728
5471
8884
8505
685
677
682
686
5731
5290
6741
6742
6740
288
6187
1701
6026
6022
6030
6028
6025
6029
6024
6027
6023
6031
6017
2663
4272
2664
493
6344
2072
8751
8754
8753
8765
8764
8745
8729
8741
8752
7578
7579
7580
7568
7582
7583
7584
7569
1311
7585
7567
7564
7563
7561
7560
7562
7565
7566
7559
8750
8749
8748
8747
8746
8744
8755
8756
8757
8758
8759
8760
8761
8762
8763
8743
8740
8739
8738
7581
7577
7576
7575
7574
7573
7572
7571
7570
8737
8736
8735
8734
8733
8732
8731
8730
8742
6423
6430
6429
2546
6432
6428
6427
6425
6424
6431
6455
1781
6708
6709
6710
6962
6963
6959
6960
6961
1262
333
147
439
524
449
181
751
2279
1692
2260
672
1491
2259
440
1787
265
5829
6299
431
5684
5532
5369
260
2658
1785
8183
8184
8185
8186
8187
8189
8480
8110
7221
8109
8484
8117
8479
8116
6670
8483
8120
8486
8118
8485
8112
8114
7388
8482
8119
7222
8107
7387
8113
8481
8180
8188
8190
8193
7141
8197
8195
8194
8191
8196
8181
8182
8192
7529
8236
8237
6799
8241
7527
8240
8239
8238
8242
8235
7528
8234
7075
6672
8111
8233
8115
7526
7525
7076
7524
7077
7523
8108
8477
8478
3339
2704
4133
5682
2061
4107
2825
4528
4013
4014
3338
2979
2980
8158
2436
5767
4515
5452
5994
31
8159
1223
1177
6671
6751
7230
7229
7228
7224
7223
7232
7225
7231
7227
7226
1188
8992
8991
8990
8989
8988
8987
8986
8982
8985
8984
8983
8995
8993
8981
8980
8978
8979
8994
9002
8996
9010
8977
9012
9014
9008
9013
9011
9009
9006
9005
9004
9003
9007
9001
9000
8999
8998
8997
287
1208
433
621
533
788
520
1566
823
1215
5559
6198
5457
6310
2957
5914
5604
7685
6863
2617
2719
2673
2720
2234
2477
2653
2721
2718
7455
4159
8803
4429
2753
2752
1316
2852
3997
7516
7817
7820
7816
7515
7819
7514
6760
7818
4084
6904
6526
6527
4114
9860
8648
4280
6607
3279
2797
1277
2346
1964
7263
7259
7265
7267
7268
7269
7270
7271
7272
6731
7273
7258
7274
7275
7276
7278
7288
7282
7250
7281
7283
7266
7261
7260
7277
7279
7286
7280
7294
7293
7292
6046
7289
6730
5795
7287
7284
7264
7256
7257
7251
7252
7253
7254
7255
7295
7290
7291
7262
7285
6405
4152
6111
376
4787
4702
804
858
5334
859
805
3380
2461
2493
913
806
8321
8320
6769
6562
5551
4015
1039
1071
1040
669
3463
4398
3853
219
1480
1709
4857
4858
5503
5248
6620
1376
1382
4488
4369
7241
7208
2100
5399
2099
5279
5720
2671
1304
6657
6658
5501
4439
5500
5499
2056
5340
4099
4116
3820
1541
6659
1540
2732
632
1377
631
150
5771
4847
5707
4012
6457
6458
3866
7548
6144
4476
5420
7547
3585
4477
2289
5804
3566
5890
5588
7549
6834
5609
7211
4308
6296
5631
2807
182
5593
5576
5575
6447
5310
6596
7885
2361
7884
4892
7883
7887
7886
7882
1957
2670
7003
7209
6533
7100
1887
1867
1493
1878
1888
1202
137
1879
1387
6426
5443
656
1502
7402
7344
7345
7346
7347
7349
7350
7351
7359
7353
6736
7358
7354
7343
7348
7341
7327
7342
7317
7318
7319
7321
7322
7324
7325
7326
7328
7340
7314
7331
7336
7338
6050
7316
6735
5808
7352
7339
7337
7335
7334
7333
7332
7315
7330
7329
7323
7320
7357
7356
7355
6411
2217
4433
6112
380
5481
6348
457
471
6116
6446
1487
2385
1784
4388
4866
429
142
454
1489
2272
2619
2624
2626
2636
2632
2635
2634
2633
2637
2631
2629
2630
2628
2627
2625
2621
2560
2077
1281
266
98
278
1028
2093
2942
3872
3881
3894
3895
3898
3897
3902
3903
3899
3900
3893
3896
3901
3879
3876
3450
2692
1754
1429
5140
2305
5786
6321
6320
543
237
706
1648
2254
2443
2454
2457
2458
2459
2456
2455
2451
2387
2104
1468
413
136
426
1249
2323
3173
3821
3839
3844
3843
3842
3837
3823
3452
2745
1939
1756
3360
3359
290
424
2588
1665
5154
5153
4284
5623
1500
5463
6221
5802
5624
1819
3597
4182
5385
4005
5859
714
747
5267
748
712
2798
2367
2442
768
713
3
8323
8322
5931
4375
7652
7651
7653
6048
7544
7542
7543
5506
4240
6131
7126
4004
6086
6554
5790
6150
5562
6151
5563
5533
4273
79
371
389
903
2215
2240
2256
1862
2230
2095
3356
301
2235
2330
3920
1793
2241
2067
2281
2062
2213
2246
1856
1504
1549
1547
1501
1522
1786
304
5782
7088
6452
6553
6036
6704
6552
5653
6461
5960
6462
5961
7238
512
7237
2712
1326
4494
1334
1815
1678
1425
1849
1226
2364
1952
1054
1788
629
753
1439
1185
1392
1313
1357
1080
321
1250
743
750
811
1004
1049
1285
1790
668
6190
5388
6422
5617
4357
5906
7236
6162
5375
6514
5632
1817
7197
7210
2068
1612
5946
5950
5949
5948
5947
5945
5951
5942
5943
5944
5986
2585
4202
2584
491
6239
2066
8775
8776
8777
8778
8779
8780
8782
8790
8783
7590
7589
7586
7588
7591
7592
7593
7594
1308
7595
7596
7611
7597
7598
7599
7600
7601
7602
7603
8784
8785
8786
8772
8787
8788
8789
8773
8781
8771
8770
8766
8767
8792
8768
8769
8774
8791
8800
7604
7605
7606
7612
7607
7608
7609
7587
7610
8801
8802
8793
8799
8798
8797
8796
8795
8794
6159
5869
5600
5301
1301
1063
1113
1150
1086
1557
1327
5313
4242
2437
1891
1217
1167
5252
4360
1087
521
6341
7850
5697
6319
6195
6647
5294
4362
1799
1000
3931
7181
5858
4097
4416
6853
4125
5610
7128
3910
7129
1395
5619
1906
8503
8502
8504
8490
8501
8500
8499
4392
5260
8498
8497
8496
8495
8491
8494
8493
2829
8492
3237
1001
270
481
125
480
482
5674
5409
7130
6909
7127
6496
6228
2808
6602
6837
5718
5650
7065
5582
2371
4791
5583
5584
1667
2933
511
3805
5300
4266
4535
4792
650
4131
3334
2368
1431
1432
2369
3333
4132
5686
5687
2085
1303
1263
248
497
6833
2603
18
28
144
1814
2
24
168
1233
2730
2973
2981
3115
3112
3111
3110
3109
3108
3107
3106
3105
3104
3102
3081
3080
3054
3053
3052
3050
3049
3048
3047
3045
3051
3060
3061
3062
3077
3075
3074
3073
3072
3069
3068
3043
3091
3063
3065
3070
3071
3046
3057
3058
3078
3079
3090
3036
3022
3009
3012
3018
3099
3114
3103
2975
3119
2960
3283
3517
4464
3519
3284
2959
3120
2974
3006
3082
3117
3118
3020
3019
3017
3015
3008
3007
3021
3023
3024
3040
3038
3037
3035
3034
3041
3033
3031
3030
3004
3029
3027
3032
3003
2991
2982
2987
2983
2985
3002
2989
2990
2988
2992
2993
2995
2996
2997
2998
3116
3100
3113
3101
3056
3076
3067
3066
3064
3059
3055
3097
3083
3016
3014
3013
3011
3010
3039
3028
3026
3025
3005
2986
2984
2994
2999
3000
3001
3042
3098
3044
3096
3095
3094
3093
3092
3089
3088
3087
3086
3085
3084
2976
3121
2961
3282
3518
4463
3514
2777
2147
534
91
4
1
5
87
591
1895
3589
3594
3640
3641
3642
3623
3643
3622
3620
3601
3602
3603
3605
3606
3607
3608
3618
3679
3687
3691
3600
3724
3633
3598
3599
3705
3672
3635
3632
3625
3624
3714
3715
3716
3717
3718
3719
3721
3722
3723
3726
3712
3720
3700
3703
3704
3692
3707
3706
3728
3727
3708
3690
3592
3733
3586
3813
3855
5215
5214
3856
3815
3588
3732
3595
3731
3637
3638
3639
3604
3644
3665
3664
3663
3662
3661
3660
3659
3658
3657
3656
3655
3654
3653
3652
3651
3650
3649
3648
3647
3666
3668
3689
3669
3688
3686
3685
3684
3683
3682
3681
3680
3678
3677
3676
3675
3674
3673
3671
3670
3646
3667
3645
3621
3619
3617
3616
3615
3614
3613
3612
3611
3610
3609
3636
3634
3631
3630
3629
3628
3627
3626
3713
3725
3711
3693
3694
3695
3696
3697
3698
3699
3701
3709
3702
3710
3730
3729
3593
3734
3587
3814
3854
5213
5203
3845
1904
1076
160
89
67
1912
51
139
1010
2206
3924
3933
3936
3988
3963
3961
3960
3958
3957
3951
3964
3941
3948
3943
3945
3946
3940
3944
3947
3967
3990
3989
3983
3968
3969
3971
3974
3975
3956
3962
3979
3978
3952
3986
3984
3981
3976
3973
3949
3985
3937
3965
3959
3987
3955
3954
3977
3982
3970
3972
3953
3942
3939
3950
3938
3980
3966
3935
3934
3927
3735
1847
565
94
12
85
295
1453
2678
4019
4024
4059
4058
4057
4056
4055
4054
4053
4052
4051
4050
4049
4048
4047
4062
4046
4045
4044
4043
4042
4041
4040
4039
4038
4037
4060
4061
4064
4076
4078
4079
4063
4077
4075
4073
4035
4071
4068
4066
4072
4074
4065
4067
4069
4070
4036
4034
4027
4028
4029
4030
4033
4032
4031
4026
4025
4023
4021
3172
2239
1133
546
238
211
2274
212
326
110
370
6056
6054
6639
6631
5952
5956
6487
6486
6643
6633
6637
6641
6338
5689
5941
4200
6210
2431
6488
7996
6211
5955
5736
5509
5510
6214
1670
9036
6492
5464
5324
6636
6635
6337
6335
6490
5953
4334
6212
6634
6489
6629
6640
8202
8201
6055
9039
9037
9038
6213
7766
5325
6217
7997
5730
6595
7002
4520
5371
5954
6491
6333
6632
6334
4205
6215
6216
6484
6485
6642
6644
6630
5913
6339
6336
4204
6638
210
9040
201
630
6174
3511
281
438
346
1691
247
881
1345
1686
4478
1161
1873
3504
5377
235
2688
2725
2706
2727
2366
2499
2665
2726
2728
2350
2502
2474
2501
1839
2331
2071
2140
2141
8200
2497
538
1659
1660
2011
2376
9083
9082
9080
9079
9078
9077
9081
9075
9059
9041
9055
9054
9076
9053
9052
9051
9050
9048
9056
9047
9046
9045
9044
9043
9042
9049
9057
9066
9058
9073
9072
9071
9070
9069
9068
9074
9067
9065
9064
9063
9062
9061
9060
2087
504
3928
2652
6665
771
5436
5434
6012
5435
5512
6013
6327
5437
6664
6007
6006
6009
6010
7144
5433
6011
6008
6014
537
5817
5664
5665
165
592
351
9711
5738
517
518
4723
1865
6651
162
164
1825
5245
2275
6449
7512
8634
8633
8632
8635
8647
8631
7513
8636
7172
1826
1570
7960
7959
7964
6969
7966
7965
7956
7962
7957
7967
7963
7968
7958
7969
7961
7953
7954
7955
6970
1828
1617
1796
223
108
6421
6104
6100
6098
6095
6101
6108
6102
6107
6106
6099
2492
6096
2490
2491
6097
6103
6105
6094
1827
446
1321
1830
8646
8645
8644
8643
8642
8641
8640
8639
8638
8637
7173
8157
7124
6374
7121
6494
1618
5891
4102
1482
2776
5884
5358
4313
2354
1378
5157
5384
5461
5957
824
7120
2468
2353
5714
6197
2060
5565
3788
6517
4813
4122
5263
6160
5868
5284
2689
6039
2711
2086
2682
1555
4459
3458
1779
3921
5255
6539
6538
6459
4299
654
655
619
1006
509
388
1174
486
6175
6877
6878
5763
5269
5656
1795
4289
4164
4288
498
4287
4246
4245
4244
1397
4162
4163
7123
1020
4428
6139
5320
5149
6140
6141
5308
5309
5442
252
5307
6591
6368
7122
6495
5764
5268
6550
6318
6264
5422
6271
382
640
573
367
478
1508
6270
4844
7537
7532
7533
7534
7535
7536
5348
6987
204
8071
8074
8072
8073
33
37
2363
2452
241
1190
1300
1703
1699
391
140
453
1484
2252
2589
2598
2605
2610
2616
2612
2611
2607
2615
2614
2613
2609
2608
2606
2604
2596
2500
2065
1278
262
97
277
1027
2091
2940
3871
3878
3882
3883
3885
3892
3887
3889
3891
3884
3886
3890
3888
3877
3874
3448
2690
1751
1426
5412
305
1845
1604
1605
390
231
681
1603
2134
2324
2333
2339
2340
2341
2338
2337
2328
2302
1960
1424
395
135
425
1248
2316
3156
3800
3807
3811
3812
3810
3806
3803
3430
2736
1924
1738
448
447
2620
423
3567
1740
2089
5826
6548
6529
3271
3850
2386
6413
2271
5679
2327
169
43
130
697
1759
2352
2388
2391
2406
2410
2407
2402
2394
2409
2417
2421
2420
2411
2416
2415
2392
2412
2419
2414
2422
2400
2405
2403
2408
2401
2399
2398
2397
2396
2395
2425
2424
2423
2413
2418
2393
2404
2390
2389
2357
2247
1361
339
75
20
99
344
1535
2482
3165
3178
3199
3205
3201
3206
3202
3203
3204
3213
3207
3208
3209
3210
3211
3212
3198
3200
3196
3183
3184
3189
3191
3197
3194
3188
3179
3193
3192
3190
3187
3195
3186
3185
3182
3181
3180
3174
3171
2496
1783
704
348
1151
1018
3918
4430
3917
7125
1110
4373
2555
4492
3912
4491
2037
5293
5425
5292
2623
5569
1649
4861
4862
4863
4864
3578
566
1544
369
901
466
551
1062
1197
1690
7207
5801
4898
5723
1694
6148
3170
2803
1433
2109
2374
3164
1760
1231
1025
2764
444
1380
1042
1515
1142
2299
1668
1203
6161
5867
4352
1246
3998
5794
488
500
4351
501
487
2266
2205
2220
516
489
8075
4419
6289
5996
9381
9370
9371
7630
9372
9373
9374
9375
9376
9377
9378
9379
9380
7618
9356
7636
9355
7627
9354
9353
9330
9328
9331
9332
9333
9334
9335
9336
9337
9338
9339
9340
9341
9342
9343
9344
9345
9346
9347
9383
9349
9350
9351
9352
9368
9382
9387
9384
7634
9430
9425
9417
9412
9433
9434
9420
9418
7615
9414
9415
9416
9419
9421
9422
7616
9423
9424
9426
9427
9428
7617
9429
9431
9432
9413
9409
9408
9385
9386
9410
7623
9388
9389
9390
9391
9392
7633
9393
9394
9395
9396
9397
9398
9399
7621
9400
9401
9402
9403
9404
9405
7625
9406
9407
9329
9348
9327
9288
9240
9241
7624
9242
9243
9244
9245
9246
9247
9248
9249
9250
9238
9253
9266
9254
9255
9256
9257
9258
9259
9260
9261
9262
9263
9264
9265
7619
9239
9252
9222
9219
9217
9223
9218
9220
9236
9225
9226
9227
9230
9231
9232
7614
9234
9237
9235
9233
9229
9224
9228
9221
9251
9267
9297
9269
9300
9301
9302
9303
9304
7620
9305
9306
9307
9308
7613
9309
7632
9310
9311
9313
9326
9314
9315
9316
9317
9318
9319
9320
9321
9322
9323
9324
9325
9299
9312
9298
7631
9282
9270
9271
9272
9273
9274
7635
9268
9275
9276
9277
9278
9279
9280
9281
9283
9296
7629
9284
9285
9286
7628
9287
9289
9290
9291
9292
9293
9294
9295
7622
9411
7626
9369
9367
9366
9365
9364
9363
9362
9361
9360
9359
9358
3233
3231
3232
9357
1843
5305
6891
6890
6889
6892
6126
6127
9165
9173
9159
9084
9127
9166
9155
9153
9158
9132
9137
9187
9154
9175
9144
9157
9160
9161
9164
9168
9169
9170
9138
9129
9131
9141
9189
9191
9192
9193
9194
9195
9126
9106
9101
9100
9109
9110
9111
9112
9113
9114
9116
9117
9118
9119
9120
9122
9123
9104
9124
9090
9091
9102
9085
9094
9103
9125
9105
9121
9115
9108
9107
9093
9092
9095
9096
9097
9098
9099
9156
9188
9198
9190
9185
9184
9183
9180
9179
9178
9177
9197
9199
9215
9214
9213
9212
9211
9209
6005
9210
9208
9207
9206
9205
9204
9203
9202
9201
9200
9176
9182
9174
9150
9148
9147
9146
9145
9143
9142
9140
9149
9139
9136
9135
9134
9133
9130
9151
9162
9152
9172
9171
9167
9163
9196
9186
9181
9216
9128
9089
9088
9087
9086
7386
7385
1913
6908
7813
8078
8077
7814
8076
8083
8084
8082
8080
5997
8085
8086
8079
8081
7119
5344
7492
7494
7493
5990
7078
6590
6369
2356
1149
1114
888
6522
6300
6955
4108
329
6945
6220
5717
1013
1128
1584
1173
1684
3175
6471
1763
6229
1140
1124
1118
1123
1122
1121
1120
1119
1125
6832
2590
6194
5892
5695
1855
1336
1349
1348
541
1335
1854
3905
6000
1706
104
112
880
1807
3355
4018
4134
4137
4144
4141
4147
4149
4139
4145
4148
4140
4143
4138
4146
4142
4136
4151
4150
4158
4194
5216
222
467
145
175
156
1015
1858
3510
4087
4160
4167
4178
4172
4174
4175
4168
4177
4179
4170
4171
4176
4169
4173
4166
4181
4180
4187
4199
5236
261
490
115
633
1735
3384
4109
4211
4213
4224
4227
4225
4226
4229
4228
4215
4221
4230
4217
4218
4223
4216
4220
4219
4222
4212
4233
4231
4238
4253
5266
167
437
286
1353
2103
2713
2846
2935
2941
2958
3157
4312
502
829
4380
6042
2545
4721
174
41
129
696
1774
2465
2504
2507
2540
2535
2542
2533
2531
2530
2529
2528
2527
2526
2511
2518
2543
2525
2512
2515
2520
2509
2521
2519
2517
2516
2514
2513
2510
2522
2532
2524
2541
2539
2523
2538
2537
2536
2534
2508
2506
2473
2298
1379
343
76
19
96
338
1524
2505
3278
3291
3296
3295
3312
3299
3318
3308
3309
3310
3329
3307
3306
3304
3303
3302
3297
3311
3313
3326
3322
3320
3317
3314
3316
3294
3305
3301
3300
3321
3327
3325
3324
3323
3328
3319
3315
3298
3289
3280
2552
1791
705
349
6505
5885
2261
6186
6893
9435
9436
9439
5932
598
1897
611
1886
1892
499
604
3331
605
5390
3330
4020
559
515
3847
9448
9446
9440
9437
9865
725
