9915 9532
9915 4136
9915 909
9915 5017
9915 6652
9915 4805
9915 8344
9915 5032
9915 4301
9915 7034
9532 9915 
4136 9915 
909 9915 
5017 9915 
6652 9915 
4805 9915 
8344 9915 
5032 9915 
4301 9915 
7034 9915
9916 9532
9916 4136
9916 909
9916 5017
9916 6652
9916 4805
9916 8344
9916 5032
9916 4301
9916 7034
9532 9916 
4136 9916 
909 9916 
5017 9916 
6652 9916 
4805 9916 
8344 9916 
5032 9916 
4301 9916 
7034 9916
9917 9532
9917 4136
9917 909
9917 5017
9917 6652
9917 4805
9917 8344
9917 5032
9917 4301
9917 7034
9532 9917 
4136 9917 
909 9917 
5017 9917 
6652 9917 
4805 9917 
8344 9917 
5032 9917 
4301 9917 
7034 9917
9918 9532
9918 4136
9918 909
9918 5017
9918 6652
9918 4805
9918 8344
9918 5032
9918 4301
9918 7034
9532 9918 
4136 9918 
909 9918 
5017 9918 
6652 9918 
4805 9918 
8344 9918 
5032 9918 
4301 9918 
7034 9918
9919 9532
9919 4136
9919 909
9919 5017
9919 6652
9919 4805
9919 8344
9919 5032
9919 4301
9919 7034
9532 9919 
4136 9919 
909 9919 
5017 9919 
6652 9919 
4805 9919 
8344 9919 
5032 9919 
4301 9919 
7034 9919
9920 9532
9920 4136
9920 909
9920 5017
9920 6652
9920 4805
9920 8344
9920 5032
9920 4301
9920 7034
9532 9920 
4136 9920 
909 9920 
5017 9920 
6652 9920 
4805 9920 
8344 9920 
5032 9920 
4301 9920 
7034 9920
9921 9532
9921 4136
9921 909
9921 5017
9921 6652
9921 4805
9921 8344
9921 5032
9921 4301
9921 7034
9532 9921 
4136 9921 
909 9921 
5017 9921 
6652 9921 
4805 9921 
8344 9921 
5032 9921 
4301 9921 
7034 9921
9922 9532
9922 4136
9922 909
9922 5017
9922 6652
9922 4805
9922 8344
9922 5032
9922 4301
9922 7034
9532 9922 
4136 9922 
909 9922 
5017 9922 
6652 9922 
4805 9922 
8344 9922 
5032 9922 
4301 9922 
7034 9922
9923 9532
9923 4136
9923 909
9923 5017
9923 6652
9923 4805
9923 8344
9923 5032
9923 4301
9923 7034
9532 9923 
4136 9923 
909 9923 
5017 9923 
6652 9923 
4805 9923 
8344 9923 
5032 9923 
4301 9923 
7034 9923
9924 9532
9924 4136
9924 909
9924 5017
9924 6652
9924 4805
9924 8344
9924 5032
9924 4301
9924 7034
9532 9924 
4136 9924 
909 9924 
5017 9924 
6652 9924 
4805 9924 
8344 9924 
5032 9924 
4301 9924 
7034 9924
9925 9532
9925 4136
9925 909
9925 5017
9925 6652
9925 4805
9925 8344
9925 5032
9925 4301
9925 7034
9532 9925 
4136 9925 
909 9925 
5017 9925 
6652 9925 
4805 9925 
8344 9925 
5032 9925 
4301 9925 
7034 9925
9926 9532
9926 4136
9926 909
9926 5017
9926 6652
9926 4805
9926 8344
9926 5032
9926 4301
9926 7034
9532 9926 
4136 9926 
909 9926 
5017 9926 
6652 9926 
4805 9926 
8344 9926 
5032 9926 
4301 9926 
7034 9926
9927 9532
9927 4136
9927 909
9927 5017
9927 6652
9927 4805
9927 8344
9927 5032
9927 4301
9927 7034
9532 9927 
4136 9927 
909 9927 
5017 9927 
6652 9927 
4805 9927 
8344 9927 
5032 9927 
4301 9927 
7034 9927
9928 9532
9928 4136
9928 909
9928 5017
9928 6652
9928 4805
9928 8344
9928 5032
9928 4301
9928 7034
9532 9928 
4136 9928 
909 9928 
5017 9928 
6652 9928 
4805 9928 
8344 9928 
5032 9928 
4301 9928 
7034 9928
9929 9532
9929 4136
9929 909
9929 5017
9929 6652
9929 4805
9929 8344
9929 5032
9929 4301
9929 7034
9532 9929 
4136 9929 
909 9929 
5017 9929 
6652 9929 
4805 9929 
8344 9929 
5032 9929 
4301 9929 
7034 9929
9930 9532
9930 4136
9930 909
9930 5017
9930 6652
9930 4805
9930 8344
9930 5032
9930 4301
9930 7034
9532 9930 
4136 9930 
909 9930 
5017 9930 
6652 9930 
4805 9930 
8344 9930 
5032 9930 
4301 9930 
7034 9930
9931 9532
9931 4136
9931 909
9931 5017
9931 6652
9931 4805
9931 8344
9931 5032
9931 4301
9931 7034
9532 9931 
4136 9931 
909 9931 
5017 9931 
6652 9931 
4805 9931 
8344 9931 
5032 9931 
4301 9931 
7034 9931
9932 9532
9932 4136
9932 909
9932 5017
9932 6652
9932 4805
9932 8344
9932 5032
9932 4301
9932 7034
9532 9932 
4136 9932 
909 9932 
5017 9932 
6652 9932 
4805 9932 
8344 9932 
5032 9932 
4301 9932 
7034 9932
9933 9532
9933 4136
9933 909
9933 5017
9933 6652
9933 4805
9933 8344
9933 5032
9933 4301
9933 7034
9532 9933 
4136 9933 
909 9933 
5017 9933 
6652 9933 
4805 9933 
8344 9933 
5032 9933 
4301 9933 
7034 9933
9934 9532
9934 4136
9934 909
9934 5017
9934 6652
9934 4805
9934 8344
9934 5032
9934 4301
9934 7034
9532 9934 
4136 9934 
909 9934 
5017 9934 
6652 9934 
4805 9934 
8344 9934 
5032 9934 
4301 9934 
7034 9934
9935 9532
9935 4136
9935 909
9935 5017
9935 6652
9935 4805
9935 8344
9935 5032
9935 4301
9935 7034
9532 9935 
4136 9935 
909 9935 
5017 9935 
6652 9935 
4805 9935 
8344 9935 
5032 9935 
4301 9935 
7034 9935
9936 9532
9936 4136
9936 909
9936 5017
9936 6652
9936 4805
9936 8344
9936 5032
9936 4301
9936 7034
9532 9936 
4136 9936 
909 9936 
5017 9936 
6652 9936 
4805 9936 
8344 9936 
5032 9936 
4301 9936 
7034 9936
9937 9532
9937 4136
9937 909
9937 5017
9937 6652
9937 4805
9937 8344
9937 5032
9937 4301
9937 7034
9532 9937 
4136 9937 
909 9937 
5017 9937 
6652 9937 
4805 9937 
8344 9937 
5032 9937 
4301 9937 
7034 9937
9938 9532
9938 4136
9938 909
9938 5017
9938 6652
9938 4805
9938 8344
9938 5032
9938 4301
9938 7034
9532 9938 
4136 9938 
909 9938 
5017 9938 
6652 9938 
4805 9938 
8344 9938 
5032 9938 
4301 9938 
7034 9938
9939 9532
9939 4136
9939 909
9939 5017
9939 6652
9939 4805
9939 8344
9939 5032
9939 4301
9939 7034
9532 9939 
4136 9939 
909 9939 
5017 9939 
6652 9939 
4805 9939 
8344 9939 
5032 9939 
4301 9939 
7034 9939
9940 9532
9940 4136
9940 909
9940 5017
9940 6652
9940 4805
9940 8344
9940 5032
9940 4301
9940 7034
9532 9940 
4136 9940 
909 9940 
5017 9940 
6652 9940 
4805 9940 
8344 9940 
5032 9940 
4301 9940 
7034 9940
9941 9532
9941 4136
9941 909
9941 5017
9941 6652
9941 4805
9941 8344
9941 5032
9941 4301
9941 7034
9532 9941 
4136 9941 
909 9941 
5017 9941 
6652 9941 
4805 9941 
8344 9941 
5032 9941 
4301 9941 
7034 9941
9942 9532
9942 4136
9942 909
9942 5017
9942 6652
9942 4805
9942 8344
9942 5032
9942 4301
9942 7034
9532 9942 
4136 9942 
909 9942 
5017 9942 
6652 9942 
4805 9942 
8344 9942 
5032 9942 
4301 9942 
7034 9942
9943 9532
9943 4136
9943 909
9943 5017
9943 6652
9943 4805
9943 8344
9943 5032
9943 4301
9943 7034
9532 9943 
4136 9943 
909 9943 
5017 9943 
6652 9943 
4805 9943 
8344 9943 
5032 9943 
4301 9943 
7034 9943
9944 9532
9944 4136
9944 909
9944 5017
9944 6652
9944 4805
9944 8344
9944 5032
9944 4301
9944 7034
9532 9944 
4136 9944 
909 9944 
5017 9944 
6652 9944 
4805 9944 
8344 9944 
5032 9944 
4301 9944 
7034 9944