9915 4456
9915 7838
9915 5645
9915 8067
9915 8423
9915 6753
9915 8572
9915 1751
9915 4173
9915 1032
4456 9915 
7838 9915 
5645 9915 
8067 9915 
8423 9915 
6753 9915 
8572 9915 
1751 9915 
4173 9915 
1032 9915
9916 4456
9916 7838
9916 5645
9916 8067
9916 8423
9916 6753
9916 8572
9916 1751
9916 4173
9916 1032
4456 9916 
7838 9916 
5645 9916 
8067 9916 
8423 9916 
6753 9916 
8572 9916 
1751 9916 
4173 9916 
1032 9916
9917 4456
9917 7838
9917 5645
9917 8067
9917 8423
9917 6753
9917 8572
9917 1751
9917 4173
9917 1032
4456 9917 
7838 9917 
5645 9917 
8067 9917 
8423 9917 
6753 9917 
8572 9917 
1751 9917 
4173 9917 
1032 9917
9918 4456
9918 7838
9918 5645
9918 8067
9918 8423
9918 6753
9918 8572
9918 1751
9918 4173
9918 1032
4456 9918 
7838 9918 
5645 9918 
8067 9918 
8423 9918 
6753 9918 
8572 9918 
1751 9918 
4173 9918 
1032 9918
9919 4456
9919 7838
9919 5645
9919 8067
9919 8423
9919 6753
9919 8572
9919 1751
9919 4173
9919 1032
4456 9919 
7838 9919 
5645 9919 
8067 9919 
8423 9919 
6753 9919 
8572 9919 
1751 9919 
4173 9919 
1032 9919
9920 4456
9920 7838
9920 5645
9920 8067
9920 8423
9920 6753
9920 8572
9920 1751
9920 4173
9920 1032
4456 9920 
7838 9920 
5645 9920 
8067 9920 
8423 9920 
6753 9920 
8572 9920 
1751 9920 
4173 9920 
1032 9920
9921 4456
9921 7838
9921 5645
9921 8067
9921 8423
9921 6753
9921 8572
9921 1751
9921 4173
9921 1032
4456 9921 
7838 9921 
5645 9921 
8067 9921 
8423 9921 
6753 9921 
8572 9921 
1751 9921 
4173 9921 
1032 9921
9922 4456
9922 7838
9922 5645
9922 8067
9922 8423
9922 6753
9922 8572
9922 1751
9922 4173
9922 1032
4456 9922 
7838 9922 
5645 9922 
8067 9922 
8423 9922 
6753 9922 
8572 9922 
1751 9922 
4173 9922 
1032 9922
9923 4456
9923 7838
9923 5645
9923 8067
9923 8423
9923 6753
9923 8572
9923 1751
9923 4173
9923 1032
4456 9923 
7838 9923 
5645 9923 
8067 9923 
8423 9923 
6753 9923 
8572 9923 
1751 9923 
4173 9923 
1032 9923
9924 4456
9924 7838
9924 5645
9924 8067
9924 8423
9924 6753
9924 8572
9924 1751
9924 4173
9924 1032
4456 9924 
7838 9924 
5645 9924 
8067 9924 
8423 9924 
6753 9924 
8572 9924 
1751 9924 
4173 9924 
1032 9924
9925 4456
9925 7838
9925 5645
9925 8067
9925 8423
9925 6753
9925 8572
9925 1751
9925 4173
9925 1032
4456 9925 
7838 9925 
5645 9925 
8067 9925 
8423 9925 
6753 9925 
8572 9925 
1751 9925 
4173 9925 
1032 9925
9926 4456
9926 7838
9926 5645
9926 8067
9926 8423
9926 6753
9926 8572
9926 1751
9926 4173
9926 1032
4456 9926 
7838 9926 
5645 9926 
8067 9926 
8423 9926 
6753 9926 
8572 9926 
1751 9926 
4173 9926 
1032 9926
9927 4456
9927 7838
9927 5645
9927 8067
9927 8423
9927 6753
9927 8572
9927 1751
9927 4173
9927 1032
4456 9927 
7838 9927 
5645 9927 
8067 9927 
8423 9927 
6753 9927 
8572 9927 
1751 9927 
4173 9927 
1032 9927
9928 4456
9928 7838
9928 5645
9928 8067
9928 8423
9928 6753
9928 8572
9928 1751
9928 4173
9928 1032
4456 9928 
7838 9928 
5645 9928 
8067 9928 
8423 9928 
6753 9928 
8572 9928 
1751 9928 
4173 9928 
1032 9928
9929 4456
9929 7838
9929 5645
9929 8067
9929 8423
9929 6753
9929 8572
9929 1751
9929 4173
9929 1032
4456 9929 
7838 9929 
5645 9929 
8067 9929 
8423 9929 
6753 9929 
8572 9929 
1751 9929 
4173 9929 
1032 9929
9930 4456
9930 7838
9930 5645
9930 8067
9930 8423
9930 6753
9930 8572
9930 1751
9930 4173
9930 1032
4456 9930 
7838 9930 
5645 9930 
8067 9930 
8423 9930 
6753 9930 
8572 9930 
1751 9930 
4173 9930 
1032 9930
9931 4456
9931 7838
9931 5645
9931 8067
9931 8423
9931 6753
9931 8572
9931 1751
9931 4173
9931 1032
4456 9931 
7838 9931 
5645 9931 
8067 9931 
8423 9931 
6753 9931 
8572 9931 
1751 9931 
4173 9931 
1032 9931
9932 4456
9932 7838
9932 5645
9932 8067
9932 8423
9932 6753
9932 8572
9932 1751
9932 4173
9932 1032
4456 9932 
7838 9932 
5645 9932 
8067 9932 
8423 9932 
6753 9932 
8572 9932 
1751 9932 
4173 9932 
1032 9932
9933 4456
9933 7838
9933 5645
9933 8067
9933 8423
9933 6753
9933 8572
9933 1751
9933 4173
9933 1032
4456 9933 
7838 9933 
5645 9933 
8067 9933 
8423 9933 
6753 9933 
8572 9933 
1751 9933 
4173 9933 
1032 9933
9934 4456
9934 7838
9934 5645
9934 8067
9934 8423
9934 6753
9934 8572
9934 1751
9934 4173
9934 1032
4456 9934 
7838 9934 
5645 9934 
8067 9934 
8423 9934 
6753 9934 
8572 9934 
1751 9934 
4173 9934 
1032 9934
9935 4456
9935 7838
9935 5645
9935 8067
9935 8423
9935 6753
9935 8572
9935 1751
9935 4173
9935 1032
4456 9935 
7838 9935 
5645 9935 
8067 9935 
8423 9935 
6753 9935 
8572 9935 
1751 9935 
4173 9935 
1032 9935
9936 4456
9936 7838
9936 5645
9936 8067
9936 8423
9936 6753
9936 8572
9936 1751
9936 4173
9936 1032
4456 9936 
7838 9936 
5645 9936 
8067 9936 
8423 9936 
6753 9936 
8572 9936 
1751 9936 
4173 9936 
1032 9936
9937 4456
9937 7838
9937 5645
9937 8067
9937 8423
9937 6753
9937 8572
9937 1751
9937 4173
9937 1032
4456 9937 
7838 9937 
5645 9937 
8067 9937 
8423 9937 
6753 9937 
8572 9937 
1751 9937 
4173 9937 
1032 9937
9938 4456
9938 7838
9938 5645
9938 8067
9938 8423
9938 6753
9938 8572
9938 1751
9938 4173
9938 1032
4456 9938 
7838 9938 
5645 9938 
8067 9938 
8423 9938 
6753 9938 
8572 9938 
1751 9938 
4173 9938 
1032 9938
9939 4456
9939 7838
9939 5645
9939 8067
9939 8423
9939 6753
9939 8572
9939 1751
9939 4173
9939 1032
4456 9939 
7838 9939 
5645 9939 
8067 9939 
8423 9939 
6753 9939 
8572 9939 
1751 9939 
4173 9939 
1032 9939
9940 4456
9940 7838
9940 5645
9940 8067
9940 8423
9940 6753
9940 8572
9940 1751
9940 4173
9940 1032
4456 9940 
7838 9940 
5645 9940 
8067 9940 
8423 9940 
6753 9940 
8572 9940 
1751 9940 
4173 9940 
1032 9940
9941 4456
9941 7838
9941 5645
9941 8067
9941 8423
9941 6753
9941 8572
9941 1751
9941 4173
9941 1032
4456 9941 
7838 9941 
5645 9941 
8067 9941 
8423 9941 
6753 9941 
8572 9941 
1751 9941 
4173 9941 
1032 9941
9942 4456
9942 7838
9942 5645
9942 8067
9942 8423
9942 6753
9942 8572
9942 1751
9942 4173
9942 1032
4456 9942 
7838 9942 
5645 9942 
8067 9942 
8423 9942 
6753 9942 
8572 9942 
1751 9942 
4173 9942 
1032 9942
9943 4456
9943 7838
9943 5645
9943 8067
9943 8423
9943 6753
9943 8572
9943 1751
9943 4173
9943 1032
4456 9943 
7838 9943 
5645 9943 
8067 9943 
8423 9943 
6753 9943 
8572 9943 
1751 9943 
4173 9943 
1032 9943
9944 4456
9944 7838
9944 5645
9944 8067
9944 8423
9944 6753
9944 8572
9944 1751
9944 4173
9944 1032
4456 9944 
7838 9944 
5645 9944 
8067 9944 
8423 9944 
6753 9944 
8572 9944 
1751 9944 
4173 9944 
1032 9944