1699
3396
1682
2196
33
2305
1667
4003
5752
374
2790
908
4474
971
3568
5871
1539
2528
970
3104
2326
5739
3237
3338
9114
1622
1650
4232
8977
6958
155
845
8943
139
2905
1205
5039
5928
2993
2060
4085
4078
5889
9032
339
2340
1442
8011
1479
9297
854
6497
1004
3193
1915
5067
9278
2296
595
7914
8465
3893
6037
6621
9368
1441
750
644
8125
334
6580
370
6579
2424
1485
1103
2515
953
5977
272
3359
1922
9196
829
3057
2300
2323
440
3609
1183
607
1690
498
715
718
7776
5224
1946
1512
67
5013
2459
48
4725
9236
3849
446
1450
4863
2949
542
8253
4247
4722
227
2055
8231
1303
204
5698
884
288
4774
3661
1245
361
6556
14
386
175
316
77
252
198
625
10353
2194
717
2885
7201
231
1793
6119
4836
5608
4142
28
44
425
41
2094
1009
5924
5269
3783
373
10295
2099
4904
1551
6654
134
1711
10433
2306
16
4334
124
162
3472
456
15
4063
6735
326
1113
1134
426
762
8670
1192
4273
1057
2145
947
39
466
966
10392
1508
494
5855
930
3884
3773
2585
6636
7556
2499
1207
146
3631
422
4133
2255
25
1910
5649
4880
3212
10186
5100
10177
1617
6706
7428
3383
276
6116
6698
68
2049
2302
610
2276
2000
4130
4735
4981
2534
2368
6366
667
2264
1590
4246
2485
674
1561
910
1754
319
4256
1509
1162
1177
3981
3422
2474
2259
128
3647
1074
6032
2502
5260
2122
4163
4148
10722
85
11
1250
17
2547
444
559
377
3350
7720
560
10657
2679
2175
6682
724
3886
1879
7474
6650
3006
3136
874
10747
6512
3506
2947
3501
220
3298
257
4878
2181
1747
7507
4036
74
10766
5958
6317
4817
1503
2927
4237
3169
3763
6333
3244
1235
859
3898
754
10544
3865
669
1061
2426
2427
4202
348
2869
7185
2531
154
6956
1082
130
1845
1132
8
184
6122
1987
3605
8093
508
8395
6224
6623
5828
244
10638
896
275
98
21
263
313
72
3459
332
4929
4523
7879
645
3872
1242
10605
4546
5862
2004
6256
7223
7218
5101
2901
8718
1724
10591
3850
7320
3210
4879
4081
512
1452
4982
7825
38
973
6589
354
302
6258
5884
1643
3576
5005
990
4950
711
4770
1750
427
3214
2916
492
174
9626
781
4942
4160
1200
3323
8029
148
9595
5
34
2217
12
567
61
2672
9586
6341
2817
8062
6656
8057
6139
2545
2311
3100
1190
9713
2823
4581
3118
1194
605
1838
2763
1381
9723
6585
1199
141
3154
2549
986
9666
4184
122
1811
3797
5552
1417
4588
8161
5859
3382
9685
13
551
1832
278
7546
4671
242
7398
6371
9427
1955
4649
8440
460
1652
2444
1487
285
9390
8293
3165
3642
3340
3051
3997
1705
3204
3061
31
5030
2987
4564
5002
1876
1102
3213
4578
6358
961
4893
2190
1947
76
5357
746
2195
2376
291
6313
2632
2299
3851
187
3078
4312
5836
7921
2821
4943
413
6793
9987
740
2058
1427
4948
5341
84
335
7889
6823
4574
10006
3353
2742
6004
9992
8101
4558
5851
3058
511
4190
6090
1819
195
5038
1717
9964
649
6559
1737
1087
1584
1597
1305
4745
2123
1432
7251
8129
3994
10058
3774
8398
2011
7264
177
622
205
5442
463
69
75
308
79
1065
1186
6015
1696
7545
1892
5466
1263
1429
3265
7584
2165
1654
1260
1182
7593
1831
6080
4054
4008
5960
1900
2622
570
673
4056
2246
1409
3557
297
8173
1181
3558
1537
3108
2966
1903
1211
10086
1828
7755
1129
3439
6755
1552
380
1060
2285
2508
4759
6533
811
999
5901
1488
54
3989
1544
3273
57
6826
223
1406
5210
671
2883
3958
1290
920
258
2243
301
1840
627
482
238
8524
447
1673
160
810
1456
9922
2346
2345
815
9796
8508
2635
2650
2889
1605
617
9824
1706
111
1933
2867
7210
4484
163
2829
4480
1145
3834
1447
569
6319
277
3682
1524
1489
7364
9758
3101
3453
2019
1202
197
2948
6349
7374
2946
1756
225
268
29
118
212
228
40
414
1210
2100
1402
6074
2101
4437
7133
5625
1656
1212
2715
6741
3679
443
9893
5630
2164
3276
2223
299
1973
1962
2961
2295
6779
1428
1628
6089
6085
540
2139
3274
3964
368
140
1146
9902
2723
5869
4465
4010
93
541
3563
6332
2770
8360
5745
6013
1857
9858
968
894
1237
6853
609
389
3847
791
2659
53
643
19
3257
117
439
9854
3299
8635
8639
6448
298
7417
2132
7579
6097
3973
9918
6761
9885
369
3972
7467
483
6260
192
2711
1588
1589
2025
2324
4242
1977
104
575
311
1526
4250
7425
6397
962
7191
1774
325
9779
7724
6287
6476
3961
4211
3767
6
9743
5907
234
8455
9746
9749
71
3684
3934
4331
728
312
3390
1700
2843
6472
3329
3373
6052
1658
590
269
1455
6800
2178
1385
3008
729
2275
3180
6966
4209
8619
1558
2786
6384
3005
1042
1095
1745
2529
1546
941
1446
4391
5292
2956
94
6495
4221
1666
2106
789
3141
65
6887
4105
450
2267
6955
8276
531
3364
6953
8223
6206
6207
1671
10807
4885
2040
6954
2270
2435
2458
4969
112
2940
2944
2396
398
3885
485
4639
2135
6323
7282
778
914
3760
411
1611
3859
5538
2801
548
5890
489
1613
2173
2291
6532
9938
4589
6737
9943
3238
1195
1384
3342
709
4610
1791
3980
3352
501
3251
3730
1423
1659
1513
194
1410
8337
281
2591
1727
3979
2980
863
2037
9986
106
1470
1213
2759
488
7302
7331
1615
4064
5426
2866
3748
2747
350
8509
3256
349
9493
2865
2892
1301
780
3290
5184
4971
64
3403
3518
905
7431
774
351
1607
524
6347
6196
2807
3
1420
182
520
203
22
46
30
3633
8590
1458
108
7824
9509
796
7819
2877
9536
8075
2383
9548
768
2406
529
340
7873
1875
585
7870
656
5893
6836
471
632
1426
4595
3356
3675
279
320
2086
9514
1443
1566
516
3867
9516
6830
3641
537
8037
7155
6302
9529
2810
248
9439
467
8019
1548
699
9407
8014
1404
6736
2882
4680
897
158
6973
3363
821
1
7
0
638
172
7955
1493
2561
459
5801
9424
3619
8725
2469
8270
1714
2951
6142
1223
1578
3411
1767
5707
1834
207
923
3170
9664
3159
5956
3603
4933
2201
2665
594
1571
985
49
4991
270
6144
6463
8853
7369
8865
806
5041
1789
842
513
7414
1467
6493
1595
2214
790
3009
2330
2337
4669
329
3221
99
945
1296
7169
10822
3412
4957
4350
10821
4832
6117
8284
4345
8285
2390
10823
7040
8199
2729
3413
4872
1988
7170
10824
3071
315
3315
185
2914
1843
2367
9636
5803
9640
5040
224
2238
3397
3813
232
584
2067
1886
3010
1691
6904
8563
10586
47
437
1951
3386
1649
1567
10588
2131
1439
10590
7263
743
102
3148
3998
2808
4695
10596
3187
2422
3624
406
105
7926
1112
10564
1939
3601
3468
5422
1234
6049
328
2999
9
2224
8190
3638
1641
1196
3056
662
8807
701
8826
7296
1830
1098
6283
7896
4572
7900
2002
133
1888
2972
10560
5888
4045
1475
3554
4062
3267
5026
2486
616
1180
1562
1386
1722
2853
2408
3495
10519
6693
3246
744
4819
3178
2189
703
5528
4506
2262
43
3249
8140
4940
1472
10533
2744
176
8378
4095
514
702
7526
487
3892
4696
4067
6719
4069
3846
2716
3395
8574
8570
1598
8165
2735
3400
6262
8218
474
1569
1382
1847
23
3852
8770
5137
6403
8726
2377
5309
7718
3697
5247
4424
819
1564
5925
6664
10712
546
3577
10710
7774
5915
1520
3147
1229
6667
1740
2373
1353
2550
6671
4195
2464
885
3423
1848
2477
3052
286
4162
496
51
457
1153
7088
515
1992
10225
880
10227
3416
3469
1860
7056
1941
6657
1712
4224
388
1556
1675
10214
3485
964
10217
776
4302
4310
7409
7402
2938
1221
1989
8773
254
3740
10247
1579
10249
4560
2805
5134
4188
217
7387
1655
1890
2136
5567
10129
3301
2169
4275
2479
5973
2633
4258
4730
5126
5655
712
10176
3296
825
2043
5651
4038
6554
10188
1482
5623
3310
10156
1084
3513
6481
70
3996
1405
1790
7394
6480
6152
3195
2381
6211
229
1188
2791
419
1157
10408
2394
3417
473
1527
5822
3241
10389
1395
4907
3414
1808
3048
3229
6402
1887
1777
1799
8685
2227
2109
8262
2144
8642
8736
8732
3946
545
1726
6711
3724
3696
7308
4447
7656
3918
3233
2620
588
5906
5241
3659
1529
87
7904
2605
620
6128
2536
5866
4750
4373
5385
7856
2343
3983
1174
4073
1540
931
4125
1821
1695
5834
4055
10312
10363
247
5856
10375
481
7506
5932
4088
495
5295
2774
10346
287
6451
3713
4440
4824
5016
7461
9373
3584
2576
143
123
159
636
8905
80
8442
6808
2899
8913
5397
1120
3470
4140
4102
2669
5598
3922
8935
4012
5028
3555
7583
9220
2539
1019
55
317
161
280
7410
635
193
86
97
2
60
1079
9256
5666
5942
6917
4412
6321
3317
3578
784
1748
2220
327
56
458
230
7663
1912
3522
7626
3604
9205
4165
3586
658
4945
6292
3482
6653
9189
563
7598
681
346
4582
9185
324
1307
9247
9331
5857
338
1746
3017
3188
1484
2520
3800
2456
9369
2551
2199
3341
5418
1895
1302
9318
707
4719
3328
26
5823
1603
3651
7828
1938
2446
788
1208
1729
3943
4154
5876
1869
4111
883
434
8934
181
9311
9307
3831
6503
4664
3742
5944
8450
1421
1609
4101
5093
4089
928
5974
353
998
1604
1104
1678
6777
3223
1594
6897
6437
5284
2597
6534
8972
3116
899
507
8971
8967
9042
504
9112
2084
1507
2082
136
2200
384
2623
4244
7317
1171
1160
1606
294
580
7736
1858
445
9146
7753
1931
9141
3088
2713
3753
3235
8301
4052
5830
2964
4404
9087
2611
7589
1287
4495
3999
5867
3583
2389
9074
5835
9072
4980
602
2478
165
421
1518
8386
7543
4129
4956
3069
9073
390
4758
3385
305
2741
2104
600
4460
1215
519
1672
2070
4501
2248
1078
3993
1634
543
8698
4291
2537
1163
1882
1433
2612
847
8441
8419
8181
7470
4065
2097
1801
240
3919
653
1758
3769
2198
901
6750
8486
2066
249
2513
9061
7685
1090
6181
3072
2617
2308
1984
7666
3701
2127
771
623
1974
6492
5279
213
1138
1094
2410
792
1576
4452
2581
239
333
7443
3230
3678
3156
6766
7582
1407
3021
1780
2298
402
2884
3494
8720
4944
2439
592
6197
963
694
3137
3252
6547
1514
9117
7314
1806
1179
1863
3703
1460
8970
3523
7888
2750
1394
6833
2012
675
430
3687
2934
7271
6792
8981
634
6801
1894
2968
7187
8940
2332
6138
2212
5065
5987
157
1495
4265
3303
2471
3915
1874
2076
6754
5233
1889
1994
2490
6749
3766
1911
756
3245
4837
7376
35
2482
5097
621
4271
1026
5896
3367
91
7978
9030
6140
1238
173
9037
4106
2819
684
9038
9039
9015
8991
8992
8993
2822
8997
4555
8999
700
769
8887
1156
5159
6310
9294
915
5913
2928
1983
8027
8032
5948
5087
5926
2320
265
9304
2838
1877
362
405
9310
1525
9312
3089
597
2261
5812
5539
4147
2005
6404
6391
169
911
5376
760
4
1498
3285
1115
9264
1379
4789
1629
2879
3646
394
1897
110
2903
235
4712
2559
4672
1246
2907
5406
100
7839
5400
1502
5886
5432
739
7928
9353
8184
1089
5860
2548
9355
9361
1218
32
304
6136
92
103
1130
8108
6303
4724
137
385
1348
42
7257
1768
624
2777
5854
8076
6096
8089
7285
2909
4059
2374
2680
564
6348
2397
1739
6162
9334
9337
7328
3787
6378
797
2073
3289
2915
7253
8831
5111
1422
8879
4193
2952
619
509
7600
6505
241
1161
7475
853
1049
6647
6290
1949
107
5312
7740
3636
2057
5287
4347
5310
2450
5265
942
2757
7723
626
9203
6663
1445
6892
9157
1081
9160
3621
4701
8541
5949
3935
2571
290
9164
9165
2353
7307
2988
6217
3770
1133
7657
7659
4532
3549
428
7670
2908
6426
1651
5716
1504
7682
2542
2637
1837
3959
5045
3707
6461
4468
282
764
3448
5766
2400
3708
6046
7089
3714
4320
5762
3688
1716
1164
178
1425
1424
480
4239
7100
2552
9243
96
4159
2855
5118
7010
8269
2483
5132
8818
8785
9248
1990
5081
7712
9252
3807
1454
611
9211
2929
1954
2965
5668
2108
5599
3284
7501
2256
3019
4126
9213
1231
2197
8738
4251
2056
2890
3366
8716
4243
8714
2434
925
8707
1391
2894
3900
1856
1148
1072
2579
7522
8363
5749
7537
1227
206
2814
929
6731
4048
1077
8932
3143
4769
7787
3334
7151
8931
2015
1451
7941
6599
179
4240
8550
8910
5846
6943
4754
2749
37
3142
18
7068
895
1919
5419
7274
8701
742
8897
523
8921
401
2245
888
3224
6788
138
156
186
1510
10356
7147
6851
5847
2798
1070
7809
5768
2685
4122
4423
5793
975
365
2297
7419
82
6489
1766
5192
8854
2852
1062
7277
284
1052
10345
1011
3146
10344
7784
266
1619
1980
6743
2516
6786
1753
4099
2645
2335
2378
2258
801
10343
1956
188
4577
4699
3976
7209
2281
1930
7117
10338
2998
7143
6780
2572
579
1719
1818
4692
2638
7411
4284
27
10365
5964
630
7141
5914
6957
606
4183
2432
2662
10309
5714
3544
554
3801
3781
4541
330
10300
404
5606
8836
1621
4182
201
4272
3309
4281
8049
8053
4457
2701
3887
5929
1765
307
8426
10298
6191
10297
4483
3725
6941
2161
974
3599
7214
5315
4521
2423
2095
1943
3446
2218
149
6972
10294
1792
3524
10293
4220
4416
7114
10332
10331
886
3255
5023
10329
8539
3628
3345
2922
5885
2532
1209
2603
1626
4157
2871
1531
704
4870
912
2369
841
10324
4854
2334
6312
3153
2720
8354
1959
10323
3671
2919
3161
126
469
8151
1904
5515
10382
4332
6518
6728
10447
6314
6524
6502
8855
2309
309
1415
3355
10440
1575
2314
5174
5020
1092
1782
708
4201
3862
7211
2842
2686
1197
120
10435
1665
7109
2425
10431
6471
1468
2307
10450
5976
5554
3938
1581
3062
6124
1002
3331
3721
1143
1948
4741
5568
2872
2806
2449
7009
7788
4298
1958
7729
6490
6569
6392
3436
1214
5105
412
7590
1122
10468
3126
3532
2351
640
7542
7406
3716
647
7533
7540
409
2666
6609
3720
3226
3722
1490
3266
2274
1965
1982
1870
10458
4666
4656
2833
3680
8397
10456
608
2062
3848
168
7403
2240
823
5985
6564
3024
6871
5711
486
6311
7516
7517
6158
1960
135
52
1952
3869
10397
3937
4753
2216
2613
2873
3940
1491
3545
2017
6382
2702
8207
8612
2234
8618
618
131
3764
7433
6410
1000
2775
3368
4007
1418
2802
3493
2496
561
2182
10385
732
4084
4860
5769
10384
6633
5767
1923
1914
10419
7391
2447
1614
1261
10418
3103
5787
3065
10415
4756
7577
2500
5978
921
7557
5887
2065
6243
4681
10410
4227
6161
1396
865
3260
5845
1728
4848
8447
4314
1466
2386
10290
7502
465
438
6616
5022
1944
1820
464
4134
7377
6572
3067
10169
10168
7452
6219
2626
652
6299
1340
7488
1440
4017
7183
3662
4144
3203
5880
7492
2803
10161
3992
2494
10159
431
10158
1522
2573
6586
271
2642
10157
727
6584
751
2142
8846
8848
8871
6132
5143
7498
10194
10192
1776
1996
1800
407
4352
10191
5821
1743
1668
2967
6575
984
5056
6874
4249
2303
3293
1155
2733
525
916
7738
2249
1001
4795
7744
7748
3198
8339
208
2146
10152
6294
4790
2107
10127
3802
7213
5632
4720
10123
591
3809
1535
381
1862
1144
8224
2301
6477
6484
7354
7728
655
7732
1469
7794
824
3046
10115
1272
7390
6396
2481
4255
7388
1865
599
7797
5927
5995
10112
6692
4413
2769
2557
795
2755
1393
6697
8343
6709
2923
6411
1099
10145
10139
274
1511
6919
7706
10132
2096
536
7632
7635
6729
535
4637
3880
7643
2283
1314
2691
2824
3217
10260
10256
4127
3528
3105
5018
4925
256
10255
2896
10254
1638
10252
4647
10250
1054
7605
1041
5792
10287
5983
2117
293
10286
1416
7617
10280
4838
2555
2752
499
8885
3300
3488
5162
10276
10275
7084
7690
7692
1139
3248
1464
10271
3242
8479
2203
720
4931
5920
3357
4504
1574
372
5921
1744
4026
8457
2960
2402
7702
7212
787
6460
363
8251
2090
1872
4385
4471
3705
4955
4340
1999
3055
4001
170
10213
7664
7665
2812
5706
2372
2525
533
5897
3738
1073
1436
1453
191
10200
4492
5744
10240
7031
1191
1810
7265
6651
3044
399
7240
693
10239
2286
7106
2130
6649
1763
5185
8638
4215
147
171
7321
8660
1167
4764
6433
4276
553
4113
8477
10705
3270
4932
1039
3036
6683
455
451
3050
3049
4011
6156
3640
3658
6679
1639
898
59
2391
78
253
8827
1966
3166
4496
7286
119
6450
761
3936
2959
152
10695
7781
2827
1083
2699
6996
528
1125
4173
245
5017
4123
4441
2695
3354
8341
562
1306
3175
1563
3107
3889
2472
3751
4023
261
6959
3099
2370
10724
2526
10723
7805
1752
5307
593
397
10691
3569
10690
7290
7283
1010
2244
6669
5900
4231
2762
127
2333
8211
8623
1059
6531
7174
1063
8833
1883
2035
4087
6676
4846
5036
4798
4223
2443
2233
2237
7315
4254
6125
2134
8687
449
3710
4091
2257
6336
3250
1935
2288
8567
1928
2321
816
236
6069
5275
344
1741
5969
1198
10672
10671
5061
10764
45
1252
3176
2760
7471
4375
2745
7464
4238
2651
6977
3712
10762
10767
360
534
1141
1240
1168
4746
2180
1431
1142
3965
4394
3016
2113
10475
7207
331
2725
2271
3960
10757
3435
2382
5438
5095
6094
1044
5474
4060
10749
2289
3600
2543
4661
3928
7594
3407
8425
10754
5898
3023
2290
5477
10755
1664
4977
10736
4632
6714
4061
342
10751
7270
6717
10739
6105
7148
4006
2636
1528
6135
8677
7511
7509
2183
10778
3500
1755
976
7186
2848
6517
101
3150
2910
2706
4678
601
1885
3264
2704
211
2185
4094
3408
5963
6494
393
24
6723
2115
7536
8158
8682
2263
215
1786
4888
6205
3699
2518
8142
6725
646
2717
808
352
1505
5955
7179
7093
5813
2344
775
6727
4772
10524
8404
2970
10551
8847
1533
1670
7069
6691
2348
2830
1119
5044
4002
2912
1387
3184
6103
3765
871
8806
2942
2088
1608
166
8100
2554
813
965
2764
1853
2092
7306
10549
10518
838
6179
2143
7327
4315
3040
3424
3776
7024
5009
7176
8763
3984
10490
3083
2565
8099
2120
3225
937
10487
6708
6072
6699
8580
2121
4947
1165
1216
6703
2897
3734
6705
10479
2191
2673
5010
7036
8078
2670
5518
4857
222
7260
1206
470
4070
8121
1519
10516
8118
10507
3463
10503
3181
8112
8170
1662
4344
10501
1795
8695
7245
5203
7269
4621
10499
2841
2569
3077
7310
1593
8107
1253
3254
10562
3952
400
4623
3253
8127
3081
2962
1478
1797
3909
3020
2567
8116
10624
3629
3618
8084
8147
8138
10609
7906
2511
475
10607
4145
7903
6364
7902
7901
8432
2112
4351
1254
6620
3857
6872
4563
6626
259
980
1601
3665
3941
4156
10642
6615
6635
7883
1375
1572
4528
8902
10637
1538
1045
4131
8296
6500
10633
1905
1383
2902
1085
3929
10631
1517
2503
3090
10628
6330
4556
10577
2260
7939
4557
3190
4297
1991
3645
2664
6192
7043
755
2663
1759
1971
8536
5420
7937
3220
1233
6412
1496
5852
10572
7933
1623
5423
3404
6325
3535
6369
4875
2562
10570
2748
7932
62
2033
391
992
993
2631
783
6601
716
10563
10580
10582
5437
1841
2689
3562
3144
2268
6602
705
4638
568
503
3895
5182
7261
3899
800
6200
2125
6169
2232
2292
1185
4309
3405
10594
6604
4527
1937
7262
5390
668
8255
255
5196
3393
539
7875
6606
6530
1950
1736
3471
497
1414
2451
3806
1121
2213
2110
8644
383
782
2850
3487
988
5096
4960
3814
6926
10584
5820
10104
2171
8864
233
429
2149
9617
4535
5337
6190
6622
4307
3904
109
7436
5991
3461
2913
2042
6618
6617
9611
9610
1632
3216
5872
2560
9609
2342
7115
6577
2640
2038
250
3902
7816
9604
9603
5361
9602
6583
5510
3370
907
237
5049
3496
7055
812
8747
5544
1203
9642
8473
7872
6689
1486
9638
1842
1723
4300
1680
5525
654
5814
8208
2293
1449
9632
4367
4786
7105
7395
1587
1438
3507
4216
7392
927
3866
9629
4365
3914
3189
3582
9627
3076
3211
556
306
3096
375
4458
7853
7852
785
5249
697
9571
1230
7848
1308
5251
1945
1140
4793
8288
1893
4448
3092
9570
9568
3206
7909
9567
1772
7006
8039
7370
2312
1434
7382
3491
7044
8286
1149
10781
6129
7435
6360
745
6359
687
8025
2153
631
2119
9578
9597
2671
9596
4417
2937
8751
1172
2925
7171
3504
9587
4928
6734
1731
2465
218
5895
5213
6672
3882
9585
3478
3782
741
6315
4454
8042
794
1480
3788
9582
8289
752
8291
9581
500
9579
4851
3602
2008
6662
1625
4376
8767
7228
358
7386
4032
2480
7421
1086
478
379
7038
1014
442
1435
918
10784
1550
6929
8171
2630
9647
6173
2887
4703
9710
2816
4706
3921
3792
4803
3790
3066
8055
3437
4762
3438
4994
3853
376
3084
3327
3785
3466
4952
9704
9702
8048
6713
1880
9701
1788
1787
6395
2077
2476
6385
9698
8041
9696
833
5584
3799
1003
441
5014
7967
9735
1093
9733
3003
7961
3920
1932
3854
2719
2219
522
5156
2380
6695
6925
8444
4093
763
6120
7958
1600
1813
660
2163
9728
5633
1967
3445
1541
9726
2461
1778
1764
4248
2111
7384
1917
2521
1412
1401
4146
5947
452
3982
6483
2860
7945
4333
2540
9719
3810
9718
5677
9693
5875
2072
589
3304
8706
6949
5117
7977
8006
1805
2315
5853
7161
9665
3815
1516
9661
9660
2563
5858
1624
9657
7997
6625
8358
9652
1773
2405
7992
6997
7000
1568
8381
3132
9650
6614
6150
7990
2491
3911
7203
3374
3319
5873
5750
6600
3133
566
6608
2294
6610
9677
3135
9676
4683
9673
2415
552
3401
4021
6399
3510
5807
7982
6449
1560
9671
453
3321
1224
9691
142
9508
836
6862
8380
1101
5775
4153
5177
4841
8719
8744
7423
1222
5190
1390
6434
8699
6475
6459
322
8372
6388
2653
2693
6213
129
2316
2014
8377
3222
1107
7343
7393
8743
88
5966
6772
4852
5688
4631
4143
2384
3119
972
2911
6295
7960
2158
9454
9444
9443
7975
5594
3205
4640
5595
4670
9417
2154
1953
6478
2462
8044
1902
4708
5777
9391
1835
8280
2162
3591
3336
8059
3534
5917
5903
1016
5968
9381
5951
6742
8066
3531
917
8069
938
8073
7205
1388
3652
1100
1963
8347
830
2800
5222
803
6193
9399
2627
9396
1018
8026
8324
9462
8028
8031
3031
410
877
4538
6562
3643
50
9527
8034
8036
90
9525
639
4776
2041
1088
9524
5221
5899
6339
7942
9518
3043
2359
3378
4293
1796
7847
596
5083
1408
6844
1823
1612
3059
3060
2732
1925
2868
3861
7862
2641
2991
5481
3530
5482
5912
7863
1761
3033
1648
2792
3541
677
9513
9511
336
3207
3032
2493
9530
2990
5450
7867
1352
2339
300
5085
3670
933
4161
2087
4598
7869
1647
4965
7339
9552
3666
5824
5832
9550
4599
1226
1957
1351
3219
4611
6840
8462
1549
416
7874
3086
1483
1972
5843
6542
9545
9544
6541
9543
9542
420
9541
6819
9538
1646
2031
4015
2488
4571
2192
5371
2986
6818
1159
5870
8595
6386
2846
7175
2403
689
1610
4580
9510
2030
295
8515
1582
2399
4319
5818
9485
7826
9483
7113
3607
7830
5043
2677
765
9480
4711
2589
9479
7837
9475
2639
9474
6911
6557
1824
9466
2187
6546
3199
3344
2974
1189
2418
1043
2973
1473
867
7416
4236
9484
6540
2697
1076
3855
1116
2028
9486
3625
1697
3969
10
5091
4765
1220
749
3890
4615
648
6147
8647
4287
983
3517
4283
8648
9487
9505
9504
9501
9500
9498
9497
9494
809
1592
9492
6933
7915
4648
6805
153
2193
1849
2776
3258
2688
6816
7918
7254
5183
216
2615
4150
1645
2329
2610
3874
2588
3747
6802
1929
5868
8470
3745
4217
6797
7920
2492
6796
3261
5436
3380
692
5060
9554
8581
2116
2676
2582
6794
9739
1993
4827
1618
1602
2976
8544
1715
6183
7326
6986
4766
6991
4552
2977
510
2979
1471
267
81
3433
6838
9978
2599
3933
4736
4559
1839
3927
9977
6525
3102
5414
5386
6415
58
125
6329
4923
2347
9973
7281
906
8480
9969
1241
5346
3985
7062
1859
5808
6210
6326
10011
9991
6824
3858
2898
6301
3963
3093
1158
5819
1762
5816
3731
2327
454
3091
1701
3465
190
10005
4806
3281
436
10004
2129
1184
1846
4924
4323
1419
7003
2013
4075
8356
10003
2118
7162
10002
1378
6820
2032
2727
3951
1366
10001
5381
2595
1868
2083
355
6414
8074
9998
3987
8091
4603
6753
9994
6748
8511
5367
347
3026
5211
5982
6942
7250
2413
2222
3590
1178
786
1785
6126
779
8802
9939
3039
4108
2813
2900
7246
6762
6763
722
4866
5981
2783
9934
9933
9932
2992
987
3768
4235
7180
9923
1995
5972
2205
3041
9963
3053
6770
2785
221
8092
1357
2388
2578
7096
8095
1663
8097
5520
6401
1481
2939
1545
8126
6278
8148
1459
8146
8144
6950
2172
5802
4074
6879
6194
6861
2997
2365
6306
3761
2607
9950
518
9948
7318
3335
8133
7204
5825
2690
8150
3561
7075
3754
582
3546
4305
6561
4537
10885
6389
2385
2758
251
6856
5131
8674
628
6551
2126
3908
3548
7230
7541
7548
7139
710
6852
1318
900
719
3155
1871
2870
5967
1940
4097
7518
6137
2519
5486
3157
6322
527
10066
1633
922
5078
6869
10064
5478
89
8415
6765
6511
3174
2277
1131
10080
3691
1749
4847
5471
2068
7575
3419
1465
6768
73
7564
10082
2598
3120
6507
6214
3690
10103
10083
5261
4709
408
3117
6774
5263
392
10100
3970
7500
2454
4268
7463
6928
7459
2596
2514
5073
5904
2845
10096
7476
4801
10094
3109
5272
5937
7490
4975
4296
8597
3594
7027
666
6305
7126
1403
4901
5327
8594
2018
8613
10089
10088
7735
10085
7743
4625
10084
10060
3681
10081
10059
10035
10033
10031
10030
10028
3944
7733
4922
2170
10027
8322
1071
1313
936
2705
1173
7714
4668
10026
5218
10024
4665
8392
2375
262
4663
967
6377
7758
6398
5202
5165
1055
10017
2445
5178
1347
1565
3140
4650
2864
3138
1684
5037
846
734
6354
4891
3841
10036
1734
1688
4361
659
10037
6825
7295
5931
7783
2707
10055
6952
4358
8804
7289
6229
7060
5318
2743
7631
2421
1532
2504
7634
10049
4983
1968
7644
7646
8488
3718
10047
1924
4058
4382
6357
10046
10045
6841
10041
6951
10040
1704
10039
3479
3844
3291
848
1474
6831
9921
1232
1725
5975
1310
1285
2051
8268
6406
8643
1891
9801
6479
9800
2587
4383
4384
3125
3995
7698
2657
2176
5731
4917
9797
2282
3014
9793
7660
2505
1918
1111
4346
3706
4804
4472
2722
4225
3160
2654
10782
4009
1344
9791
9790
7674
7677
4976
4013
6813
8651
5905
2074
7676
6812
283
1802
1506
869
468
9786
7671
7679
1430
7668
6157
4453
2784
9823
1721
1770
9820
5719
1377
2250
4839
2781
2053
4260
8838
2818
6989
7695
6201
9813
7655
9812
2103
7621
629
8178
4818
7360
8828
3877
1521
7229
9809
2730
9808
114
767
7347
3953
4039
1816
2614
9756
6842
8752
36
3277
4482
9755
9754
9752
5585
9750
5953
210
4016
2102
8193
5950
6468
4420
577
2186
121
4973
7648
1176
7107
1616
2512
7639
759
3311
820
3460
378
3700
1707
7708
2387
1457
4410
7116
7780
2226
4407
2618
3240
9744
3728
2692
7381
2016
4292
4264
6829
1826
5575
2455
3332
657
4398
7772
7766
9741
7764
8584
9740
2430
2674
1557
9748
3074
6374
7383
9759
881
4092
678
1341
5660
6185
9761
9780
5104
3520
909
6143
7351
8755
6233
2917
3458
3572
2468
989
356
9778
4953
587
2036
6491
4937
9777
1807
2467
314
9774
6756
9773
1262
8765
4253
2364
9772
7140
2780
7752
3574
4426
2621
978
9770
777
7150
6884
9767
9765
5954
4985
6215
144
9764
3891
6740
753
9762
9805
9828
63
9895
3308
10872
4755
6416
604
10873
1742
1075
10875
10874
1338
3512
7415
3182
6482
7481
3302
4326
5054
1844
9890
3901
3579
805
5837
3236
944
9887
9886
3128
367
3945
6375
7499
5149
6963
8585
3630
3632
1463
9882
8870
8840
1779
5035
7049
2236
9881
4451
7482
9880
4174
5661
6011
2766
3570
7442
7451
6781
9896
9898
1698
2160
2756
1851
5993
3358
3881
2969
3917
164
7448
7134
8578
3172
2155
9912
9911
5553
9910
9909
9908
9907
9906
9905
9904
6878
9901
1053
9900
9876
9897
9875
9851
9849
9848
9847
9846
9845
9843
6764
9841
9840
2995
9839
6307
9837
4114
9836
4469
4792
9835
6854
4294
9832
9831
3271
6848
3269
826
4357
7553
8212
5722
9853
9871
6340
6859
4377
403
4787
4301
6456
8728
8727
8722
2473
1591
9864
7504
7503
9860
6066
7549
7547
9859
5197
1069
6447
4379
5084
843
5826
2228
1817
2009
4388
433
2835
2527
2788
8680
7034
8668
4313
4733
6915
4120
9855
4359
1585
6866
3588
2279
7529
1815
1494
2789
9372
7330
1757
3481
6870
6017
4355
2034
6441
1154
4360
4936
2247
8669
3509
2721
7426
8634
66
2629
1005
4019
1499
1751
5809
5755
9856
9857
3649
7099
757
6373
1676
6134
8649
7020
5199
2091
2700
547
4115
5069
2393
1942
9861
7527
9862
3606
226
9863
2779
3654
6453
5882
3068
2254
9865
9866
5102
9867
946
9868
3262
7514
9869
2604
6238
7515
2771
2078
3294
5999
6324
5850
6228
9870
7521
4295
8737
5180
6044
9872
448
9873
4393
9852
359
2644
2709
3292
6408
7357
851
6428
9850
2924
4449
2024
9833
9834
8196
3042
5770
2044
1108
5849
6845
9838
2825
5781
3047
4466
7342
2647
5175
7366
8689
6430
1170
8713
8609
8591
8603
8602
8605
8606
8604
8600
9842
4462
9844
3566
6767
4461
5591
6199
7576
7554
3185
8435
3272
4299
7558
642
6102
2667
7559
6261
7226
5160
1969
2048
2272
4938
2608
8656
6773
2609
415
549
9903
1861
6776
8852
4030
2054
4213
949
4961
3587
5555
939
4477
7154
1627
7163
1497
9913
2098
6457
7551
9914
679
4499
9915
9916
747
2215
951
9917
5569
493
9899
9919
2523
2963
9877
5669
9878
8428
8407
682
4487
3124
7449
9879
2159
3122
7439
5658
5656
3835
7438
3656
1620
7032
6787
3905
4422
4208
1151
3275
6548
2156
9883
7432
5683
3110
571
3622
9884
2433
8422
4408
6198
6293
3592
2061
1128
2836
5800
9888
9889
7121
5635
2148
2453
2522
1328
7404
3145
5799
9891
2202
2668
2616
4855
9892
4794
615
3134
9894
4783
4442
4738
8877
8878
9830
9829
4438
318
8890
8882
8883
3425
9763
3580
4339
4825
6485
737
4963
2920
5092
2349
9766
4226
9768
6487
3232
9769
7737
2684
3975
4431
7750
1389
7756
4035
7711
9771
5064
8782
8783
2487
3906
1400
3038
2209
7017
2179
3974
8586
9775
3771
5653
9776
3034
7363
1852
3492
5151
7731
1217
2093
2304
8753
7220
4775
3004
7127
4049
2736
8325
8761
8762
5685
20
7790
7792
7389
2921
4439
844
343
7796
9760
3863
7159
2366
8573
1225
1964
612
8892
6465
7808
4443
5090
5103
1934
799
4179
2188
3080
3950
7768
6282
1127
1804
9742
3018
521
6827
4805
200
2950
3567
8794
6123
1201
5548
2211
7782
4080
5082
8302
6153
1523
5098
7654
3247
9745
7189
714
5559
9747
7636
2926
7097
7637
7638
2772
8788
8553
7104
6372
1476
2728
296
766
1732
2085
2231
7341
8817
8813
8812
2746
804
3098
7652
9751
6376
4343
310
9753
650
904
424
725
7039
8459
7606
4927
4485
9757
3723
2602
7607
9781
9782
7610
9783
9784
5789
2600
3719
7612
2834
5771
6146
8901
6003
2128
7168
7434
8279
10883
6254
10884
6413
6390
7041
2225
870
6253
8164
6255
2726
9810
9811
3007
7625
875
1730
9814
7687
3011
9815
6286
6041
7688
6795
9816
8466
9817
8200
3840
7696
3409
4478
7700
9818
4210
7199
7401
9819
5050
5051
2580
5923
3709
9821
6045
7658
9822
3029
8659
2022
1596
9825
9826
5021
9807
9827
9806
9804
9785
5705
2050
2507
637
8162
4459
1760
4100
721
6814
9787
9788
3521
3305
5089
5725
9789
7603
4464
4810
4198
5911
3856
2431
491
7672
6810
4899
9792
6809
8506
395
5962
5080
7077
7661
4919
3828
9794
6799
7699
9795
502
4356
9798
4068
3228
9799
1325
3430
5892
1812
6033
1636
9802
9803
3112
8525
9874
4387
4915
7624
9920
4916
4066
6436
7623
1397
7045
1775
10038
3715
3337
1854
7608
2820
10042
5971
5075
7227
2795
10043
6837
1689
6343
10044
1118
3967
7202
6270
7023
1117
364
2880
3875
4090
5238
2675
7653
10048
8475
2007
10050
3369
7633
10051
10052
6834
10053
5902
4967
2318
2089
6318
10786
2133
10054
598
1998
3333
1686
8791
4894
5935
357
3384
10056
5329
8332
1175
4829
7071
5276
2501
1783
8350
7767
10057
3326
3526
3377
10034
5226
5918
10015
2506
3988
4655
4883
10016
8424
7801
243
7798
1864
10018
10019
10020
10021
10022
6538
1978
2811
6789
7791
2484
2026
6012
8588
10785
7730
5331
10023
7276
8403
1543
83
857
3263
8265
8672
1679
10025
1334
2265
934
5223
7715
4644
1586
2891
8886
8764
2857
4747
5033
2409
1855
8801
2660
10029
4828
2832
10032
1336
4263
2419
8710
4214
7025
4053
7749
6751
2831
145
4341
5289
6746
6745
10825
7042
3597
1687
10826
6178
4958
10087
6002
665
6939
6425
113
7446
10090
10091
4641
1901
8545
462
4634
10092
8538
6739
685
8834
1850
858
3683
1399
4853
2592
8888
8771
5129
7247
8510
10093
3913
2593
8489
5908
7478
2235
1322
10095
5229
4700
8823
1147
5071
8523
1219
2655
2221
3115
3025
7252
6946
10097
10098
7454
10099
2682
8587
6782
5266
8330
872
4286
10101
3259
10102
2943
7571
2167
7570
982
1027
1319
7569
3280
837
1570
3121
8779
7319
6930
5468
5469
2075
3371
3451
4194
8768
2517
8310
8583
10833
8227
10834
7184
4072
6239
2863
1577
7592
10061
3171
7334
1031
8411
10062
10063
578
6553
926
6992
10065
7523
4037
2168
3693
3694
1769
4020
4688
10067
1878
8675
8679
8683
7512
860
835
10068
6847
10069
3186
10070
10071
3428
5441
10072
1236
1068
10073
943
10074
5444
10075
3339
10076
996
8667
2619
6798
1873
6149
10077
6864
6863
5952
5452
2039
1064
7064
6405
214
3429
2586
10078
3727
10079
878
6962
8401
6849
2475
8362
10014
3152
5817
8160
5460
4543
8141
396
2778
8145
10013
6526
726
3757
9966
3758
9946
3316
9947
3759
1152
8153
6860
9949
1674
7145
3312
9951
1022
1228
3762
6550
2530
9952
9953
8136
3173
7333
9954
2996
6850
9955
9956
9957
3387
1462
4530
9958
8633
3318
3045
2606
9959
1814
6427
6881
10783
6880
5542
5543
4335
9960
4079
9961
2583
2878
4513
4515
4877
9962
337
2047
633
9945
8088
9965
6900
1444
9944
9942
1640
5500
5501
1637
5503
5504
8086
6898
7192
6245
10828
10829
10830
9924
9925
9926
9927
9928
9929
5052
6296
2417
5121
706
6783
4524
6010
9930
9931
6988
321
2287
366
9935
1040
3907
9936
9937
3457
2859
686
2584
4954
6760
6361
8080
4768
9940
303
8113
5811
5411
9941
2652
8123
4185
4859
7144
5011
8504
2470
9967
3239
5366
4594
1738
3772
2416
9989
8111
9968
1150
6121
864
5839
8109
6747
3379
9993
4613
8476
8120
4602
8569
9995
4083
7325
8861
7329
6876
5032
8357
9996
9997
4809
1110
8008
7131
9999
4606
7128
2059
6758
6759
6775
5810
10000
2594
3525
7897
7895
2071
1976
1294
3306
7892
8876
3903
6886
3227
2875
260
2401
10007
3968
1784
882
10008
733
2241
6304
1683
913
10009
10010
1047
2021
9990
3732
7881
7232
3733
1542
7908
2985
5878
2854
8745
9988
3589
3097
5012
7911
6835
9970
6047
5353
9971
4987
7081
9972
1961
6931
3449
2141
9974
4739
4609
9975
4608
9976
4318
4913
5861
2045
9979
9980
9981
1899
9982
9983
9984
6920
9985
4348
2027
2953
2895
8717
2177
8665
651
2661
2052
7268
2932
6309
7931
7008
2495
7930
5161
2975
994
723
1038
9738
9737
2063
7092
5877
9488
7924
7923
1580
7304
8729
3508
4689
9489
5874
1380
9490
2354
4311
2601
3073
4158
2114
7919
3726
3179
2793
6804
6241
9491
3476
7916
4164
1975
5204
2080
6537
4241
6236
2184
1267
5076
7877
3620
7259
5395
9495
9496
2646
4317
8497
9499
4505
292
9502
9503
2029
6846
979
9506
1794
2773
2498
2893
8645
7029
1642
7424
183
9507
5546
3001
4979
2069
3627
3617
7074
6811
4128
3197
9465
4914
7838
2856
9467
4597
9468
6316
9469
3613
5412
9470
9471
461
5434
7078
7065
9472
8532
6807
9473
3612
1573
2840
6208
8543
9476
9477
7835
9478
5029
2452
1534
9481
7408
5348
9482
2945
2978
6008
4999
3085
3611
3833
3635
8469
695
4029
3215
1066
7822
1033
862
5829
418
9531
8201
4897
9534
8899
5986
202
1204
7030
2438
573
6226
4289
6520
7361
8241
9535
6803
4585
3871
9537
2698
4118
4262
5364
8495
9539
4566
6914
7087
9540
3399
8216
7178
10827
1553
2079
8775
199
2398
7085
4018
8513
5506
8514
1114
4743
4005
9546
9547
2724
7193
6566
2731
3595
7237
9549
3514
6231
8758
8784
5997
8786
3200
7871
2767
1337
6839
861
2989
7111
2166
9551
4939
5074
3667
850
4342
3035
9533
9553
6337
7868
9532
1771
544
6370
7866
1713
5449
2341
5063
3028
9512
4749
641
4526
9515
4303
2356
3209
8534
7079
4132
4519
7859
5072
8795
3954
2284
9517
1660
7851
3360
5910
4516
7846
4138
7944
9519
9520
9521
432
2273
6298
9522
6086
3527
5225
9523
7165
6821
2931
2568
2157
3027
1477
9526
6791
6790
4778
2206
4540
9528
4116
2718
9464
6195
4890
4930
9463
3389
2124
3484
8024
2463
8022
3648
9397
9398
4121
9400
893
6757
9401
6342
9402
4791
9403
5220
2466
7396
9404
9405
5919
9406
2497
9408
9409
6444
9410
9411
9412
2338
9413
9414
9395
4935
8346
9394
9393
2137
8012
6752
6454
4682
9382
3653
5236
5235
8043
9374
1398
9375
8071
9376
8070
6744
2904
9377
8313
8067
9378
9379
4137
3878
3660
9380
5248
3616
6352
7119
9383
5737
7122
5741
3455
2971
7132
9392
9384
9385
3539
8873
7028
8880
9386
9387
6738
4921
4723
8058
9388
3297
9389
952
8051
8050
3218
8047
1866
6054
4151
8010
9415
6785
4155
9416
5690
6784
2046
9418
2687
2658
5593
9442
4861
4180
8431
3149
6778
9445
8631
5616
7970
9446
9447
9448
9449
9450
9451
9452
9453
2404
10842
10841
4986
10840
10843
10838
2826
10837
4197
10836
10839
10835
691
6418
3434
5687
9455
6771
9456
150
8439
7957
7956
9457
3873
9458
3991
7080
7953
8192
8433
7950
5645
7948
9459
2734
7946
1985
7367
6552
9460
9441
1926
9461
9440
2319
2643
6110
9438
6865
8596
8627
9419
6868
9420
2006
4781
9421
9422
9423
4657
3623
6165
4651
8007
5848
9425
8370
680
576
5024
9426
8002
7999
6284
3295
4645
6432
1536
8361
3755
6855
2837
9428
9429
9430
2851
2849
4889
6063
2574
9431
5796
4653
9432
2708
9433
9434
9435
6331
1326
7206
3593
9436
586
9437
3824
7988
9555
7986
2371
7984
9556
5701
273
3820
7983
7110
6230
1827
9672
1798
4707
7400
2379
5062
4771
7981
7197
9674
7980
8384
9675
3794
477
3791
9678
9679
9680
5734
9681
10799
10798
8204
8389
3191
5079
4233
5833
5758
9682
9683
876
9684
688
9686
6906
479
7985
9687
9688
6935
9689
9670
9690
7987
5715
9669
115
7021
3131
9667
5025
4752
7057
8399
9648
4845
1979
2703
3444
8402
9649
3106
4308
583
1898
9651
4949
5891
3196
7993
5815
3129
9653
9654
9655
4612
7996
9656
5612
3013
5842
435
7998
1006
8000
4135
9658
8001
7153
9659
219
3559
731
9662
8368
8004
9663
8005
3816
1248
4731
8163
822
4583
9668
4171
6896
4734
8686
9692
3372
4518
9714
5662
7350
8708
3516
7976
1692
2553
2862
5004
5676
9717
2541
6242
517
5636
1635
6000
2941
6101
9720
9721
6571
9722
3805
7947
4782
7949
6100
4112
7951
6141
892
7952
5622
8217
9724
9725
417
6488
5142
1091
8678
3977
9727
3897
4046
484
2847
4328
4844
839
1492
9729
7959
2242
3330
4744
8702
8774
8851
7371
6464
9730
5088
6688
7964
9731
9732
4934
4812
9734
4596
8452
5581
7012
7966
4592
9716
5578
9736
4071
6467
2253
9715
6381
1288
9694
9695
6250
7972
3818
2839
4522
1936
9697
6721
3427
1677
6036
1547
9699
1867
9700
3894
8046
3784
4777
1342
6712
558
6383
8052
9703
5187
3307
7346
8842
3551
9705
9706
9707
7812
7217
8843
7001
4288
8845
8056
8608
8611
9708
9709
955
1836
6227
7136
9711
8060
2625
9712
8893
8896
856
6466
7412
8061
5695
6891
5747
1829
3075
7429
4622
8179
9646
6646
730
8300
3208
8063
8064
8065
4619
8304
4618
9645
1411
5946
6435
3827
9622
3158
167
8068
3162
2918
3990
5240
8628
1981
3966
4740
9580
3130
4304
3789
8072
1907
6680
9583
8317
4455
9584
3477
6439
6455
2322
3474
4076
5237
2566
6014
2510
5323
4490
538
4481
8015
1376
1274
9588
9589
9590
8351
5283
9591
8017
8018
9592
7231
7138
9593
2881
9594
868
6670
4419
8318
8319
8020
4415
3168
6027
8023
4411
2429
6681
9577
9576
6171
7344
9565
3896
1169
9557
8030
9558
5277
9559
4903
4104
9560
8331
5316
8035
9561
4446
9562
9563
3931
2930
5135
2436
5136
5140
4849
4435
7156
9564
8267
3456
2239
6499
9566
8820
5155
2152
4425
8333
9575
7943
4428
735
7225
8342
4192
1693
9569
6093
7375
3803
3924
3095
3398
2556
3348
7850
852
3421
6277
3962
5472
5916
9572
9573
7855
9574
9598
7857
9599
3957
9600
5475
5480
9601
7861
6715
9625
3450
8799
1437
3192
9628
6563
3949
5488
9630
9631
4959
8808
7865
2313
6724
6521
5057
1124
5453
3793
2544
9633
9634
6523
3565
9635
5490
8557
5139
7340
991
2210
246
9637
423
9639
4479
9641
3432
6690
4117
3817
4990
1166
4176
889
4433
505
4830
5495
7348
1312
2558
9643
9624
7845
7844
5114
5507
7843
10105
7827
4186
1599
9623
3947
9621
3164
4418
3798
7091
3114
9605
8769
5363
9606
3571
9607
2437
7817
8841
7359
3795
9608
289
4103
3825
7818
8884
6961
4269
3480
5379
9612
8500
3826
2229
4636
9613
8900
5179
2440
2710
3201
7821
6024
9614
9615
6631
8461
5334
1007
6875
2648
9616
7215
3094
9618
7842
7829
9619
5827
1298
4966
6498
8257
6965
9620
4850
2269
10012
8169
8168
4964
10866
10868
10863
10862
10861
10860
10859
10858
10857
10856
10855
6209
10854
10864
10853
10852
10851
10850
10849
10848
10847
4989
10846
10845
10865
10867
10844
2460
10802
10801
713
1021
7072
8653
10585
8229
8636
5171
2634
663
6417
6611
6543
2317
10587
3194
6607
834
8741
10589
1461
7249
4833
7063
5399
2081
6998
2696
7876
1644
5393
2150
7878
4605
10593
6605
5391
3926
7913
7244
10602
2280
3821
3000
10876
8626
10877
6220
3910
10793
10790
2955
4149
10595
7255
5066
3511
4285
690
10597
10598
6603
8589
1583
10599
8205
4726
6990
4760
6527
6272
7305
10600
10601
7922
10583
1050
5433
10581
3864
2828
4972
1193
5429
7925
4624
1300
2740
10565
10566
5428
6908
5427
10567
323
5425
8662
10568
7322
1354
10569
2140
3391
3839
2906
95
8263
10571
5086
8531
3287
3674
7934
995
1702
3876
3410
3676
7935
7936
3163
1920
4290
8250
6598
10573
2358
4168
5027
10574
10575
7938
10576
3845
5415
1653
10578
10579
7940
5383
10592
10603
10604
1906
6596
1515
6595
1036
10629
8825
6496
8790
4031
10630
3639
10632
5356
2624
3888
10634
1374
7073
7880
10635
7173
698
7200
2753
4882
4951
890
5343
4970
1373
10646
6172
5342
7887
3550
1370
10639
5338
10640
10641
5336
7890
6945
5335
6937
3542
5344
6387
3668
6634
10643
7893
3664
10644
8625
6629
10645
10627
798
2023
3402
8252
948
10636
4028
8221
4573
1909
2564
10626
7208
4200
7120
6619
4136
7234
7019
10614
10606
3543
3608
3392
7905
5804
10608
6248
1286
3610
7907
382
6877
5380
2575
7273
5378
10610
5377
8225
6519
10611
10612
6592
3614
3634
10613
817
10615
6613
4139
4896
8281
6893
10616
10617
8282
10618
10619
4175
10620
614
10621
10622
6981
5370
10623
4617
10561
6114
8106
1781
977
10517
10498
2794
4529
676
8740
5193
8235
2570
4336
10500
1555
3533
2147
772
2844
6576
10502
3743
2001
8114
10871
4218
10870
10869
8203
8624
5003
7142
10504
10505
3883
2448
6883
3585
8119
1913
10508
6582
10509
10510
10511
3426
10512
5360
10513
3741
1025
8087
8077
3365
7033
10514
8079
5058
6420
10515
603
1720
10497
10496
8796
7222
10495
10494
10477
8314
10478
3737
2983
10480
10481
8287
8185
6091
10482
3735
8345
5844
6087
1080
6700
10483
6170
4107
6544
4567
10484
4908
3729
10485
10486
4562
10488
3063
10489
4561
4587
8321
2737
341
10491
8090
10492
4926
6095
4601
5494
8094
10493
3473
10506
3388
4593
4274
565
6504
696
10541
7267
8249
7256
10809
8277
8278
1136
3054
10542
8303
5536
10543
387
8149
10545
4517
5863
5534
10546
1554
6104
4509
6281
7248
6513
6710
4507
5531
10547
5529
3462
1916
10548
7182
10550
8131
5798
10559
5526
6732
2538
7160
8186
8453
10552
10553
10648
10555
10556
10557
10558
10540
10539
10538
10537
8135
8406
10520
1028
10521
5521
10522
8373
5492
7015
10523
1029
2815
10525
5461
8733
506
6346
8730
10526
8177
661
10527
10528
5458
10529
8134
1266
10530
818
10531
1030
10532
6944
3322
7167
4542
532
3498
3860
6320
3464
8175
10534
7813
8494
10535
476
8283
10536
5447
10625
6903
7534
3268
4014
3499
10647
10649
2739
6910
7301
5445
3552
10765
5940
827
8156
4892
2958
4679
8365
10772
4920
10771
6720
3123
8232
7280
1032
828
10746
1630
5465
873
8650
10763
5068
5489
10768
10769
180
3560
4057
10773
10774
1304
5487
8448
5484
10759
8856
8857
8860
10737
5938
7580
3440
773
3349
10740
5209
2861
3556
10758
3971
1500
2420
8245
8414
1501
4628
4109
5476
10753
3702
1371
1921
10752
10750
7266
4652
10748
3939
1362
4646
5473
10734
6508
10745
10744
6168
5470
4047
10743
10742
7561
10741
4797
7563
6279
5250
10738
10735
6658
5257
10756
6655
7573
5262
8759
7297
2858
8760
10770
2524
10777
3505
8810
4978
5264
7457
5930
264
7441
2933
1833
10776
7456
10775
3930
5106
4374
7479
4222
8792
6163
5894
3177
5217
6300
10761
956
4865
7258
10760
1809
7477
6297
957
10732
5227
10721
209
550
4843
4463
5270
10673
10674
10675
10676
6355
4773
7243
10677
5939
7491
10678
10679
7486
10680
6075
8472
7484
7460
10681
4868
5317
10682
6645
6644
1881
6643
6509
8663
10733
5286
6244
7444
3832
7602
6640
6648
6660
6661
4813
5285
3231
10683
10684
1694
557
5288
1273
8555
5290
10685
10686
10687
5943
10670
10688
5298
4831
7751
3503
8734
3325
8705
802
3486
7316
3596
10669
3564
6675
10667
10650
10651
2874
10652
10653
10654
7710
8348
3320
8781
6528
5108
5228
10655
6673
4414
5219
10656
683
5992
8652
8704
8709
1822
5215
3695
10658
10659
10660
1023
10661
2428
7721
10662
10663
10664
10665
10666
5256
7725
5120
3986
7022
8731
5157
8715
8696
2888
5189
7759
10668
7789
2174
960
7793
6535
10689
8681
7287
3030
7291
4399
4918
7221
919
4840
8575
10713
10714
10715
10716
10717
10718
10719
10720
1631
8427
6380
10731
3012
5195
3234
4196
10725
10726
10727
7771
10728
7298
10729
3948
10730
3581
4432
10711
6665
7770
6666
4434
2714
4022
10709
10692
2328
10693
10694
4421
7294
5998
4267
4873
8803
5001
4406
4409
5099
6257
1685
8789
5311
10696
5305
6059
5273
672
6452
7284
7640
10697
10698
8507
8582
7279
4259
4727
7278
10699
10700
5909
6677
1718
10701
10702
10703
10704
4306
7112
5201
8673
7300
670
3415
5216
4353
5239
10706
6902
3286
6431
4381
10707
10708
5959
10476
10554
6964
10474
5242
8547
345
2310
7627
5941
4370
10289
10222
10223
5077
10224
6029
3064
10226
6642
2678
10228
5253
4321
1096
10229
7686
1316
10230
10231
7689
10232
10233
7224
8482
5652
10234
10235
3663
2577
7701
10236
6659
7693
8460
7103
10237
10238
5743
6025
5756
7058
6368
4338
4354
4349
6018
3644
10106
959
5748
1106
10221
10241
6038
10220
10218
4456
10199
2230
5059
4324
6652
7745
6424
10201
10202
8562
10203
7678
10204
7675
10205
6288
5696
840
10206
8529
4436
10207
10208
5704
10209
3978
10210
4807
4082
10211
10212
793
2656
4051
116
10215
10216
2886
5047
8537
8535
10219
4096
7703
1277
10242
10243
10244
10268
5055
4658
5721
10269
10270
1327
1530
4614
3376
2694
10272
10273
5786
3394
7705
6684
10274
189
7691
8487
4203
8844
1317
2331
5791
3243
4219
10278
7683
6280
10288
10279
6733
7622
7181
6970
2361
5761
6050
7620
6308
4098
8829
7358
5778
10281
10282
1058
6167
7618
2982
7356
10283
10284
7614
10285
3749
6058
613
8503
4549
6716
866
6022
10267
3775
10266
5788
7609
7349
10265
10264
6473
10245
10246
10813
2738
10812
10811
10779
1413
6469
8756
7018
5042
4660
7629
10248
7630
6393
3452
7651
2363
10251
8485
855
10253
5600
6726
1048
4862
4785
3842
7108
7338
8556
10257
10258
10259
879
6328
10261
3347
7647
7645
10262
4629
7642
4510
6335
10263
5605
10198
5604
10197
10196
10150
10130
10131
3786
8549
5558
3808
1239
3779
10133
3796
10134
10135
10136
5549
4685
6235
10137
10138
4025
7779
7778
10140
5576
10141
7380
10142
10143
10144
7773
6184
2761
10146
2994
10147
10148
7769
3537
1986
2981
3361
4467
7763
8352
5922
8336
10149
10128
7785
5664
8821
10126
7807
10107
10108
7800
4427
10109
10110
10111
3804
10113
4400
8327
10114
3836
5657
7385
807
3406
6694
6350
1299
7795
6696
1825
4369
3822
8297
5686
1013
7118
10116
7337
5115
3823
981
10117
10118
4643
10789
10788
8202
10787
2105
887
7727
10119
7726
10120
6240
4705
4000
10121
7362
8750
2414
4278
1908
10122
8748
6701
4110
2138
10124
5629
5628
2681
5961
7716
6702
5624
6174
6071
10125
4895
903
10151
6704
7709
758
10173
7336
8777
3015
3519
3515
3202
6166
924
1008
8344
10178
6707
8292
4141
8295
7747
7407
4525
7742
10179
3279
5644
3956
7422
10180
10181
10182
10183
6099
6486
10184
10185
7450
4662
5642
5639
954
10187
5641
1315
2804
3626
1448
10189
10190
4325
1020
6994
6588
4633
4842
4710
10193
3278
10175
10195
10174
7497
958
3650
10172
5631
7462
10153
4690
7469
4693
6574
7472
10154
10155
5674
4763
4536
5675
8423
7480
3868
8421
2357
3777
7496
8418
3655
8182
8183
5682
3657
8416
4004
3672
10160
2768
4591
4252
8244
2457
7054
6968
10162
10163
5881
2533
5673
6581
8839
8246
4569
10164
6189
5671
4207
1279
10165
10166
7053
3547
3454
5667
10167
6570
4887
5619
8429
4330
5618
5566
4946
10170
10171
472
6573
6259
7447
2799
5580
5574
490
7397
8859
8858
6882
526
4124
10277
3079
5564
5550
10462
5560
10291
5582
3540
10407
7061
5053
3669
7574
7373
5200
2064
3082
3932
7568
10409
6624
4674
7567
4228
6924
7566
8454
8443
4533
7565
5883
7378
7562
7560
6108
5034
3346
6016
770
10411
10412
8197
10413
8436
8640
1392
5176
6627
2350
7037
1109
6628
10414
6630
4547
10416
4737
10417
3475
4732
8723
7578
3942
3351
10420
6285
7597
10421
10422
2535
7595
10423
10424
10425
5776
10406
1710
5212
6334
6429
10426
10405
5865
10403
5840
371
7601
4811
4086
10386
7588
5015
10387
6043
10388
1270
10390
10391
4514
6612
736
5782
7581
1311
3925
4508
4027
4551
10393
6023
10394
3916
10395
10396
6438
3431
8742
5046
7538
10398
10399
6974
5718
10400
10401
10402
2957
10404
6048
7188
1333
4676
4230
4715
3912
5710
5709
5703
5700
10814
1884
4041
6980
8620
8622
6232
5699
3111
2649
7016
10427
6061
6064
7524
10428
7002
6995
5746
10429
10453
3923
10454
6247
10455
4234
10457
7544
7050
5754
2509
1280
10459
5757
4389
10460
10818
7048
5738
5736
3362
2395
7098
7550
6160
10461
10463
1669
10473
6031
10464
8391
8390
4380
7532
6001
10465
7531
5188
7530
5730
5729
5728
8658
8657
8417
1332
4050
10466
1015
10467
4368
6423
1297
10469
2712
7124
5759
8167
10470
6932
4900
8379
4802
4473
5794
5708
3489
10471
5672
7489
6590
6115
8891
8259
3467
6558
10472
6975
5806
8307
5945
10452
10451
8349
2208
5681
4962
1735
6252
3313
3002
10831
4898
1733
10832
849
1681
7707
8561
5590
3685
3698
10449
10430
4033
10432
6065
3756
5170
1321
5094
10434
6251
8174
2151
3151
4820
10436
2362
6927
10437
10438
3442
4395
5293
8338
7802
6591
10439
7292
3483
10441
4279
2787
5990
8655
3139
5304
5320
10442
10443
10444
7495
1323
7458
1324
3677
4788
10445
7070
10446
4402
6718
8254
7312
10448
8434
7508
7539
5454
10383
8132
8688
8724
5996
5523
4403
4796
3573
5527
8430
8152
6940
5535
5541
8096
10381
10335
8323
6685
4152
10315
10316
5369
10317
5372
10318
10319
4494
4500
10320
6632
5340
10321
10322
3673
10795
10796
6177
4729
8226
6539
6164
6536
4199
4864
2984
1708
7102
5405
10325
10326
4378
6057
6916
10327
10328
5424
6204
7047
4229
2876
572
10330
3324
3037
4444
6594
3736
6593
7082
10333
7823
10314
10334
10313
6345
10311
10292
8481
2809
5485
4702
3830
7860
7858
1282
7854
5936
7849
151
1264
8329
10296
8021
8621
1559
7196
3288
1970
7427
5205
4876
4322
1657
1661
902
4489
8054
10299
4835
7026
4654
4600
8045
5790
5588
7971
2252
5573
4191
6938
7962
5934
10301
10302
10303
4539
6578
6960
10304
8735
7190
5181
10305
10306
10307
10308
8396
4626
7418
2266
10310
5191
8661
4392
7989
7076
10336
1329
5879
10358
4429
10337
5571
10361
8413
10362
4430
5207
1330
5294
6443
4166
6267
10364
3343
5324
2751
6394
7013
8815
8260
6832
10366
6522
5006
7352
6289
7814
5374
6516
7820
8559
10367
4554
10368
4742
10369
6462
10370
8501
10371
10372
5394
8483
8526
10373
10374
2782
10376
10377
5352
10378
581
8484
10379
10360
10380
8533
7164
5509
10359
10357
6084
3615
5499
4974
7129
4784
5797
7303
10339
6817
10340
6867
10341
8130
2407
7177
10342
4270
4570
6857
1927
8832
8837
1331
1265
6889
4673
8822
7242
7453
4675
4667
7757
8546
6529
6118
7734
5234
2590
4881
3183
6828
4397
1345
4245
6155
8849
3502
8739
5206
8666
7616
4450
10347
7083
10348
4808
2336
10349
6806
2278
4780
748
8881
6458
7216
8800
5130
7775
4498
7799
7717
7445
5760
10350
8299
5648
7485
10351
5626
10352
6407
5989
7372
2442
8451
196
10354
6266
7101
6545
6409
8697
7345
4371
4119
3070
10355
7552
8364
7519
4366
6271
7510
5724
6274
5805
7528
2683
9644
9371
9313
2765
1335
7368
4968
2954
5637
5547
3497
6913
7628
7288
8928
8920
6009
8926
8909
4816
932
8908
8933
8922
530
4584
8103
7910
8491
4988
3314
5169
4941
4372
4544
7841
8568
7836
7834
5965
8033
4187
8927
1339
5601
8911
5684
4992
8614
8209
3441
8266
8641
6344
6053
8917
8915
8925
7090
8449
8632
4486
6212
8918
8930
8916
8929
6987
969
5368
8492
6035
8478
4997
4445
8914
1343
7399
8240
6202
5409
8907
6597
2355
4396
6159
8180
8906
6133
6514
8463
8115
5516
6637
8903
10816
1295
5456
7332
7587
8923
6687
8904
6560
5297
4748
8912
4659
6668
6327
7680
7238
8712
8654
8895
5112
7195
7194
3420
2412
8919
7719
8776
8875
6400
7586
8359
8924
6445
5735
6442
9152
3443
7535
4761
9231
9230
6446
9229
6007
5751
3843
9228
7059
9227
7525
7505
9226
4545
5717
4511
9225
7239
7130
3752
9224
9223
5783
8700
7219
4834
9222
7585
4905
9221
4869
9219
8376
6151
9218
5795
5763
4261
5772
4684
7596
1709
6067
9217
9216
9215
8598
9214
1284
7555
3282
6985
6993
1309
8446
1046
5561
9212
5572
6421
8866
5570
8592
4757
6419
5665
5659
2204
8355
9210
9209
10879
10880
10881
10794
10882
7493
6922
7494
9232
6107
6567
8869
6073
5634
9233
7123
9234
4386
9235
9259
9258
9257
5646
7046
4728
6899
5643
9255
5647
8312
7810
5650
7739
8315
9254
7754
9253
3167
2352
9251
9250
8754
5145
5147
1320
5679
8320
5680
9249
9260
7760
3686
4212
8809
8816
8271
2754
3490
2010
3127
7803
9246
4034
7761
7762
4390
8340
9245
9244
1278
9242
9241
7379
7777
9240
5565
6934
9239
5551
9238
9237
6730
5556
5563
6078
8798
8797
8793
5984
4470
5607
6936
6474
4266
664
8264
3447
5615
5031
8811
8519
7649
7650
9208
8234
5148
5150
5589
9207
6470
574
9206
9179
9177
9176
4874
8198
8502
8772
1803
7355
5119
5172
5186
4475
2003
9175
6686
5979
8464
2546
9174
6040
8220
6947
7413
7172
3717
9173
1037
5048
5208
7681
2392
5173
2936
1097
5723
9172
5702
7669
7673
9171
9170
7420
3692
5694
5726
8237
8233
8496
5070
8554
4718
9169
9168
3838
4867
6237
3870
7697
9167
7694
2360
9166
1024
4800
9163
3739
4687
6639
4697
7094
7619
7613
7611
9162
9161
8560
7615
7641
6221
10878
1187
5007
6223
8630
3022
6222
5008
8629
9159
8157
132
5933
9158
5303
6969
5278
4024
7765
9156
9155
6351
8290
1034
7786
7804
9178
9180
5328
5321
7007
5330
7198
4993
2251
9181
9204
1292
891
738
8215
7722
9202
8388
4677
9201
8400
9200
9199
9198
7713
9197
6674
8757
7324
4713
1275
5970
9195
5296
9194
9193
7746
2797
1283
5302
7437
6246
5314
7487
4206
9192
5306
8780
4257
2796
6263
7465
5232
4534
3780
9191
4565
7483
9190
10817
7440
6268
4553
8219
6234
3812
5252
7275
8353
5333
5467
6907
832
7599
4586
9188
4635
9187
9186
4856
4491
9184
5479
8410
9183
4488
5483
3829
9182
1997
9261
6249
9262
10815
9263
9341
6082
4607
8367
831
5443
5446
9340
6113
8387
7811
5448
6971
9339
9338
5128
7095
3575
3811
5459
5462
8143
5491
5493
9336
9335
3087
8438
1346
9333
9332
8445
5524
5831
4204
8610
4996
1271
9330
9329
9328
5530
9327
9326
9325
7066
5537
9324
7235
8098
5152
9323
7323
5517
9322
9321
4704
4814
9320
7052
4911
4550
5498
5841
6148
5124
8083
8082
9319
5514
2325
9342
8311
9343
4751
3778
5439
8124
7125
8191
5019
8122
6353
1368
814
8117
8458
8521
9344
10805
10806
1137
8154
4691
9345
8110
4181
4642
8522
10791
7241
10792
8105
8104
6506
8664
5158
1355
5373
6510
5375
9367
9366
9365
8128
6265
8139
6264
6034
9364
8711
8236
8239
1017
7894
9363
8420
9362
7891
4548
1126
5339
2489
7884
8335
5345
6365
9360
9359
7233
5347
9370
9358
5350
9356
8471
6921
8499
5384
4590
7051
935
8520
2935
8518
3819
9354
4717
9352
9351
7929
3538
7927
9350
3113
8552
8566
4858
9349
6979
5410
9348
9347
1123
9346
5387
4620
8516
5388
5389
1276
8228
6005
4627
6363
5404
9357
9317
5408
1067
6379
2411
4714
5194
7405
5198
9302
9286
9285
9284
5864
9283
9282
9281
9280
9279
1291
9277
9276
9275
9274
9273
9272
5351
7833
6338
7831
9271
9270
9269
6039
1896
9268
9267
9266
5359
5382
9265
4520
6978
4189
6982
4767
9287
7815
5362
6587
8498
8210
9288
6638
4779
4337
4604
9289
5533
9290
5532
9314
3598
6923
4282
8564
5957
5464
1281
997
4575
6515
3637
6901
8548
9309
8412
9308
8306
4277
9306
9305
2020
8159
8273
8272
4512
1350
6088
9315
8326
1349
9303
4327
9301
3381
4871
6070
9300
5281
3553
6030
6678
9299
9298
8749
2441
8577
1056
6176
8576
7146
5299
9296
9295
1135
3536
3746
4042
6154
9293
9292
6019
8298
5259
6641
4826
9291
9154
9316
7137
5779
9153
9097
9012
9011
9010
9009
9008
9007
9006
9005
9004
5689
8009
9003
1269
9002
5610
7135
9001
9000
8214
3955
3375
8998
7965
4902
8996
5654
8995
6187
8189
7954
8994
8405
6568
4821
4576
7974
8374
8703
4884
7353
7011
5116
8694
8990
9013
8003
6440
8366
9014
8572
8571
6967
3529
5691
7995
9016
9040
6909
5780
5784
4579
4040
4822
9036
9035
5712
8394
9034
9033
4568
4044
1356
9031
8385
3283
7979
8383
4077
6722
6203
7335
5740
6858
6006
6056
8676
8393
6912
9041
7430
9029
9027
6042
7991
1051
5773
9026
7994
9025
5603
8274
5122
8238
5110
5980
9024
9023
5678
9022
1358
5141
8692
8690
5127
6769
5627
4886
6565
6948
6145
10820
10780
10819
5663
9021
6976
7067
7963
10804
6131
10797
10803
10800
6130
6092
8187
9020
7968
3750
4177
5133
7969
1359
1035
9019
7973
8607
8601
5597
7166
6188
9018
7152
8243
5168
8894
9017
6060
6180
8989
6291
5545
7158
8988
8222
4995
4205
950
4531
8040
5271
8013
6055
8987
5332
1360
5282
8960
8958
8957
4912
5301
8956
8016
8955
5245
5254
6225
1361
8954
8953
1364
5291
4984
7005
6216
6999
8952
8951
5319
8950
8949
8038
8819
8948
6175
5267
4616
8947
8617
8206
7864
8527
8946
4694
6112
8945
8558
5455
8944
6873
8616
8195
5497
5838
8517
6083
6843
1012
1703
6555
8942
5440
8941
5365
4686
8939
8889
4280
7035
8938
10887
6273
6026
8937
4698
7832
5349
8936
6269
8959
8961
5421
8551
5164
5163
8671
5435
8986
8530
5392
5398
7236
5407
8962
8985
6815
7840
2207
5403
5402
8984
5401
6028
8983
8982
1268
4167
5396
8980
8176
7912
10888
7917
8979
5413
7086
5431
8978
5430
4721
8766
5167
8248
1363
8976
4716
5417
8528
8975
5416
8974
8579
6127
8973
8490
5355
5354
555
4630
4823
6501
7882
7885
7886
3689
6822
8316
8155
5988
4169
5358
6888
7898
7899
6895
8382
6068
6079
8294
8969
8968
8172
8505
3418
6076
8966
8102
8965
8309
8081
8964
5513
5512
5511
5113
6367
8963
5508
9028
4906
6186
5505
8328
9043
4503
8085
9044
5502
9122
9121
9120
9119
5496
8334
9118
5519
4363
5540
6106
9116
9115
8137
1367
8409
8408
6081
7149
9113
4364
9111
7313
5138
5522
8375
9110
5125
5457
940
8646
3879
8261
4170
9109
9108
6275
5451
9107
8369
9106
9105
7520
4362
9104
9103
9102
7591
5107
4910
9101
9100
8615
5258
7572
9123
3704
6109
5268
7157
9124
9125
5230
7466
9126
5326
7455
9150
1293
5994
8721
7309
4815
9149
7741
9148
9147
10886
8542
4502
4497
9145
9144
5280
5274
5325
9143
6894
8684
7299
7272
5246
5243
5231
8437
9142
7293
8863
8242
8898
7806
3711
9140
5300
3837
9151
9139
5322
9137
5313
5166
5308
9136
8787
8512
9135
8565
9134
9133
9132
5214
9131
9130
9129
9128
7311
5255
9127
9099
7684
5244
5463
9138
5727
5732
5733
4493
1369
7704
5742
5753
6549
9098
9083
6062
5693
9067
5697
9066
5000
9065
5692
1105
6051
5713
9064
4316
7662
7667
8540
5720
8830
8474
5785
9063
4401
5764
9062
6983
4043
6984
8493
6020
8256
8778
5109
6021
9060
5596
6362
8467
8468
5587
5586
4329
9059
5609
5602
9058
9057
5557
5579
9056
8805
8824
9055
5670
9054
8814
8275
7014
5154
8230
5146
6098
7365
5144
9053
8456
8166
4909
7604
9052
8308
8305
6890
9051
5638
5640
9050
4799
9049
9048
9047
9046
9045
6182
5620
5621
1365
8874
8872
9068
7473
4178
6218
10808
10810
7468
3744
1289
9069
5153
8835
8247
5123
4998
8599
8593
9070
5617
8868
8850
8867
8862
9071
9095
5577
9094
6885
5562
9093
9092
9091
7004
6077
8188
5583
8746
6422
8258
2628
5611
6111
5613
6905
5614
9090
5592
8194
9089
8213
8637
8691
8693
5774
9088
4405
4476
9086
5765
9085
9096
8371
6918
4172
9084
9082
9081
9080
9079
9078
9077
7513
6276
9076
9075
1372
6356
1244
1249
1251
1259
1258
1257
1256
1255
1247
1243
