1689
3386
1672
2163
33
2281
1654
4007
5695
383
2782
913
4481
978
3542
5866
1535
2495
974
3057
2316
5736
3223
3334
9034
1608
1651
4252
9036
6978
156
850
9038
140
2878
1211
5055
5921
2935
2049
4164
4165
5922
9116
348
2338
1431
7681
1469
9091
871
6498
1007
3226
1885
5116
9103
2292
603
7699
8307
3909
6122
6883
8948
1434
756
651
7516
341
6603
379
6732
2418
1484
1125
2493
942
5997
279
3352
1899
9033
842
3053
2288
2287
448
3683
1183
615
1678
507
723
729
7605
5733
1936
1510
67
5083
2449
48
4745
9236
3869
455
1440
4888
2987
550
8270
4271
4742
231
2059
8255
1294
207
5400
889
298
4793
3788
1268
367
6578
14
396
176
325
77
257
200
633
9281
2162
728
2898
7218
235
1780
6139
4856
5235
4072
28
44
434
41
2114
1042
5881
5342
3808
381
9052
2087
4922
1541
6790
134
1701
9104
2301
16
4303
124
163
3492
465
15
4134
6889
335
1105
1134
435
768
8812
1194
4350
1060
2136
951
39
475
969
8994
1498
503
5827
936
3910
3774
2618
6686
7984
2464
1210
147
3779
430
4090
2251
25
1895
5467
4901
3202
9210
5059
9195
1613
6646
7440
3373
286
6042
6728
68
2039
2296
618
2266
1990
4128
4765
5001
2523
2352
6385
673
2250
1584
4345
2472
681
1557
916
1744
328
4344
1503
1162
1173
4001
3442
2479
2248
128
3731
1077
6080
2468
5699
2084
4071
4104
9260
85
11
1266
17
2577
453
569
386
3347
7581
567
9283
2662
2159
6769
733
3907
1857
7746
6811
2989
3052
880
8942
6481
3524
2964
3514
224
3282
264
4899
2152
1736
7615
4056
74
9122
5951
6302
4809
1493
2919
4257
3055
3686
6324
3232
1223
855
3925
760
9087
3881
676
1064
2415
2417
4230
357
2859
7205
2521
155
6976
1085
130
1835
1132
8
186
6142
1977
3625
7949
518
8355
6244
6639
5986
249
9274
901
285
99
21
270
322
72
3478
343
4943
4623
7587
652
3903
1264
9088
4475
5844
1994
6276
7238
7239
5052
2883
8720
1714
10363
3872
7390
3242
4898
4166
520
1442
5002
7782
38
973
6880
363
311
6278
5940
1627
3538
5025
988
4970
719
4792
1741
436
3213
2899
497
175
10373
787
4962
4178
1213
3313
8001
149
10372
5
34
2207
12
580
60
2664
10369
6358
2808
8095
6624
7839
6161
2544
2284
3161
1189
10314
2813
4583
3160
1192
613
1820
2752
1371
10310
6729
1203
142
3159
2541
989
10342
4204
122
1825
3660
5791
1407
4556
8181
5911
3372
10332
13
556
1824
290
8132
4632
244
7421
6392
10328
1949
4641
8396
469
1643
2433
1479
295
10393
8372
3151
3667
3318
3149
3979
1695
3254
3148
31
5054
2938
4454
5021
1861
1126
3266
4439
6367
965
4913
2188
1937
76
5310
752
2182
2335
303
6346
2622
2286
3870
189
3143
4300
5852
7885
2811
4965
421
6591
10479
746
2060
1417
4975
5599
84
342
8164
6622
4714
10441
3317
2728
6028
10415
8078
4700
5960
3171
519
4210
6123
1812
197
5058
1704
10406
656
6580
1727
1094
1573
1587
1295
4764
2116
1424
7321
7594
3978
10429
3693
8310
2000
7364
178
629
206
5751
472
69
75
317
79
1068
1186
6035
1686
7727
1901
5251
1262
1419
3190
7765
2177
1645
1243
1179
7777
1816
6053
4076
3989
5945
1897
2575
574
680
4079
2235
1399
3576
306
8207
1177
3546
1527
3096
2997
1898
1205
10420
1801
7669
1129
3459
6785
1542
389
1062
2275
2506
4788
6456
823
1002
5823
1483
54
3995
1538
3220
57
6862
226
1397
5230
679
2884
4014
1290
933
266
2238
310
1830
635
502
243
8371
456
1663
161
824
1450
10178
2344
2339
818
10190
8390
2630
2639
2880
1595
625
10185
1697
111
1927
2847
7227
4703
164
2821
4707
1145
3680
1429
579
6349
289
3681
1515
1475
7395
10124
3078
3482
2011
1207
198
2961
6379
7405
2960
1750
229
275
29
118
215
232
40
426
1212
2112
1392
6106
2115
4709
7089
5662
1648
1209
2706
6804
3687
452
10115
5540
2196
3244
2211
308
1963
1943
2951
2289
6872
1418
1601
6110
6111
548
2129
3192
4022
377
141
1146
10146
2713
5849
4719
3981
93
552
3586
6342
2760
8575
5639
6032
1859
10262
971
899
1237
6875
617
398
3867
800
2649
53
650
19
3186
117
449
10255
3284
8699
8879
6453
307
7425
2122
7659
6086
4041
10283
6799
10249
378
4027
7679
491
6281
194
2701
1585
1583
2017
2315
4330
1967
104
590
320
1506
4324
7281
6413
966
7211
1762
334
10211
7670
6328
6478
4029
4231
3750
6
10244
5856
239
8499
10233
10230
71
3745
3964
4298
730
321
3380
1690
2833
6455
3349
3363
6045
1642
598
276
1445
6777
2184
1375
2979
743
2265
3030
6986
4220
8619
1547
2776
6407
2975
1045
1100
1737
2467
1528
963
1437
4417
5752
2974
94
6448
4241
1658
2098
795
3111
65
6924
4142
462
2257
6975
8298
539
3354
6973
8243
6226
6227
1661
10830
4906
2030
6972
2260
2428
2448
4994
112
2948
2970
2388
406
3912
494
4399
2123
6308
7315
783
919
3726
420
1615
3887
5679
2799
563
5859
501
1614
2194
2303
6531
10685
4423
6881
10666
3210
1195
1374
3343
717
4449
1778
3996
3320
180
3216
3732
1413
1650
1504
196
1400
8427
291
2596
1711
4008
2983
857
2027
10711
106
1460
1206
2745
498
7297
7299
1605
4083
5391
2846
3670
2734
359
8413
3195
358
10734
2840
2910
1296
786
3280
5222
4999
64
3393
3598
910
7359
780
360
1606
532
6378
6219
2792
3
1410
184
528
205
22
46
30
3651
8610
1448
108
8167
10665
799
8165
2892
10680
8136
2375
10682
774
2396
538
349
8106
1865
594
8101
663
5894
6596
481
637
1415
4645
3346
3668
288
329
2073
10774
1438
1553
526
3880
10746
6602
3628
545
7845
7106
6332
10751
2791
252
10763
477
7875
1529
707
10702
7869
1394
6698
2900
4594
902
159
6995
3353
828
1
7
0
646
173
7802
1480
2617
468
5912
10549
3629
8679
2459
8272
1706
2996
6163
1233
1570
3401
1766
5766
1826
210
929
3091
10539
3094
5890
3622
4951
2142
2655
602
1561
996
49
5018
277
6162
6489
8763
7287
8769
803
5080
1781
841
521
7276
1457
6490
1578
2203
796
2990
2320
2327
4546
336
3217
100
949
1284
7189
10843
3402
4977
4370
10842
4852
6137
8304
4365
8305
2380
10841
7060
8219
2719
3403
4892
1978
7190
10844
3157
324
3305
187
2903
1832
2364
10562
5867
10560
5042
228
2228
3388
3859
237
584
2046
1877
2939
1681
6945
8564
10522
47
446
1940
3376
1646
1558
10509
2124
1433
10508
7417
748
102
3168
3997
2801
4581
10501
3191
2412
3835
414
105
7915
1106
10495
1930
3620
3488
5263
1229
6062
337
2991
9
2210
8204
3846
1630
1196
3105
668
8765
708
8759
7397
1828
1101
6318
7855
4622
8130
1992
133
1880
3009
10521
5981
4086
1465
3529
4087
3247
5071
2520
624
1172
1555
1376
1717
2852
2398
3535
10519
6667
3188
750
4800
3032
2154
712
5509
4574
2254
43
3184
8138
4959
1462
10634
2736
177
8430
4096
525
709
8112
492
3915
4558
4099
6679
4102
3866
2705
3385
8591
8592
1588
8185
2726
3389
6282
8232
479
1559
1372
1839
23
3871
8797
5191
6416
8817
2361
5422
7910
3789
5426
4637
822
1551
5820
6715
10655
555
3587
10661
7962
5850
1512
3116
1235
6735
1730
2355
1341
2570
6730
4215
2454
890
3443
1849
2484
3125
296
4147
505
51
466
1153
7149
522
1982
10620
885
10608
3405
3490
1867
7145
1934
6702
1702
4244
397
1546
1665
10589
3504
967
10588
782
4349
4348
7342
7340
2957
1221
1979
8800
259
3771
10583
1572
10580
4620
2805
5179
4208
220
7362
1649
1879
2126
5512
10616
3298
2155
4339
2514
5993
2623
4337
4751
5176
5442
718
10611
3300
831
2036
5437
4059
6573
10600
1472
5397
3301
9597
1087
3512
6515
70
3994
1395
1791
7332
6548
6172
3277
2337
6233
233
1188
2777
428
1157
9586
2384
3406
487
1508
5988
3179
9585
1385
4924
3404
1809
3166
3248
6414
1876
1753
1792
8887
2218
2088
8274
2133
8855
8864
8690
3966
553
1716
6772
3832
3825
7375
4500
7764
3946
3261
2550
596
5871
5775
3813
1519
87
7633
2531
628
6148
2526
5917
4770
4524
5642
7682
2369
4009
1180
4135
1531
935
4108
1813
1684
5963
4075
9566
9562
250
5843
9561
490
7505
5916
4098
504
5767
2764
9627
297
6518
3811
4484
4851
5119
7517
9693
3575
2545
144
123
160
643
9692
80
8565
6839
2914
9689
5448
1115
3489
4094
4095
2670
5234
3948
9684
4003
5099
3585
7492
9682
2584
1036
55
326
162
287
7434
642
195
86
97
2
61
1082
9679
5352
5845
6914
4490
6304
3307
3601
790
1734
2213
338
56
467
234
7755
1909
3554
7694
3621
9720
4137
3607
662
4964
6360
3502
6758
9719
571
7621
696
352
4522
9716
333
1297
9722
9712
5906
347
1735
2968
3178
1478
2481
3799
2445
9702
2532
2158
3325
5584
1888
1299
9677
714
4739
3322
26
5913
1593
3812
7627
1925
2434
793
1198
1719
3943
4119
5889
1870
4121
888
443
9648
183
9646
9643
3831
6465
4502
3828
5864
8567
1411
1607
4113
5062
4133
927
5994
362
1001
1594
282
1667
6760
3252
1580
6926
6523
5371
2607
6517
9636
3071
904
515
9635
9634
9633
511
9632
2075
1497
2072
136
2174
393
2597
4354
7308
1171
1160
1618
302
585
7472
1858
454
9631
7576
1922
9653
3042
2703
3821
3224
8416
4145
5985
2937
4407
9664
2585
7558
1289
4422
4032
5958
3519
2360
9659
5959
9657
5000
611
2508
166
424
1516
8424
7547
4124
4968
3070
9655
400
4780
3375
314
2730
2105
608
4448
1215
527
1664
2048
4440
2239
1081
4005
1625
551
8892
4336
2527
1163
1872
1422
2592
869
8493
8497
8197
8037
4118
2080
1776
248
3949
660
1746
3773
2179
906
6631
8502
2058
255
2513
9405
8170
1092
6200
3063
2616
2307
1973
8163
3834
2081
777
631
1961
6479
5569
216
1138
1096
2397
797
1571
4617
2593
247
345
8113
3215
3770
3029
6628
7861
1398
3011
1770
2313
409
2867
3534
8794
4963
2430
600
6220
964
699
3037
3262
6568
1517
9434
7346
1796
1182
1842
3768
1446
9432
3528
7890
2740
1384
6703
2003
682
439
3764
2923
7265
6696
9424
641
6692
1884
2958
7206
9421
2322
6158
2202
5046
6009
158
1477
4283
3293
2509
3947
1856
2067
6727
5466
1875
1984
2488
6722
3777
1904
762
3249
4858
7377
35
2503
5033
630
4276
1010
5839
3357
91
7950
9361
6160
1238
174
9359
4107
2807
684
9353
9352
9351
9349
9348
9346
2812
9345
4552
9366
706
775
8801
1158
5213
6351
9387
920
5953
2917
1974
7883
7886
5955
5088
5956
2311
272
9386
2826
1866
371
415
9385
1514
9384
3158
605
2245
5941
5395
4097
1995
6423
6412
169
915
5396
767
4
1489
3275
1113
9388
1369
4826
1598
2895
3781
403
1893
110
2908
236
4536
2533
4576
1265
2907
5498
98
8094
5524
1492
5929
5521
745
8070
9375
8211
1090
5927
2571
9371
9370
1218
32
313
6156
92
103
1130
8031
6322
4744
138
394
1332
42
7401
1752
632
2769
5980
8151
6056
8140
7413
2885
4084
2353
2663
572
6372
2387
1729
6187
9438
9508
7408
3842
6400
812
2063
3279
2876
7391
8661
5198
1412
8672
4213
2995
626
516
7999
6539
245
1161
7797
867
1048
6683
6299
1941
107
5239
7954
3853
2041
5258
4366
5253
2424
5249
943
2746
7990
634
9495
6660
1436
6905
9493
1084
9492
3836
4579
8522
5961
3961
2556
137
9496
9509
2374
7380
2956
6237
3838
1133
7924
7926
4589
3573
437
7917
2881
6445
1653
5318
1494
7898
2549
2628
1798
4019
5121
3843
6464
4528
292
770
3469
5741
2390
3845
6041
7110
3849
4265
5685
3848
1705
1165
179
1414
1416
489
4258
7170
2581
9454
96
4136
2848
5150
7052
8266
2471
5139
8780
8776
9451
1980
5111
7814
9446
3645
1444
619
9444
2918
1948
2981
5771
2090
5764
3264
7828
2243
2978
4117
9441
1227
2153
8755
4285
2047
2871
3356
8717
4291
8683
2432
926
8680
1381
2888
3918
1851
1148
1075
2539
7788
8577
5568
7799
1228
212
2795
934
6693
4085
1080
9460
3114
4791
7867
3345
7160
9461
2005
1443
7873
6701
181
4260
8562
9482
5920
6966
4774
2739
37
3122
18
7176
900
1903
5560
7347
8655
749
8685
531
9480
412
2240
893
3187
6636
139
157
188
1507
9479
7092
6630
5900
2787
1072
7891
5667
2674
4144
4662
5655
979
374
2312
7338
82
6485
1756
5147
8694
2855
1065
7357
294
1047
9474
1009
3083
9471
8096
273
1609
1970
6612
2497
6616
1742
4093
2635
2324
2341
2246
809
9466
1950
190
4628
4610
3977
7225
2272
1929
7129
9463
2993
7132
6625
2603
592
1709
1815
4602
2625
7367
4272
27
10056
5897
639
7107
5905
6977
614
4203
2422
2652
9981
5807
3531
558
3656
3659
4615
339
9977
413
5713
8856
1602
4202
203
4346
3283
4343
8004
8005
4375
2691
3911
5990
1764
316
8411
9969
6210
9967
4435
3712
6961
2164
980
3623
7234
5419
4428
2413
2103
1924
3465
2214
150
6996
9964
1777
3558
9963
4240
4456
7147
9985
10006
891
3189
5122
10004
8504
3730
3342
2897
5896
2522
1202
2615
1611
4069
2860
1521
711
4890
917
2377
844
9999
4870
2325
6312
3173
2710
8466
1946
10007
3728
2913
3106
126
478
7544
1890
5688
9992
4359
6512
6854
9988
6306
6553
6563
8844
2295
318
1405
3340
9961
1569
2294
5209
5098
1095
1772
715
4226
3879
7226
2835
2676
1191
120
9960
1655
7166
2420
9948
6541
1458
2297
9933
5996
5479
3942
1566
3090
6144
1005
3337
3724
1143
1938
4766
5753
2862
2803
2443
7034
7598
4362
1939
7600
6452
6865
6411
3461
1214
5125
422
7475
1111
9926
3081
3510
2343
647
7458
7361
3719
655
7512
7459
418
2657
6778
3717
3240
3716
1487
3253
2264
1955
1972
1854
9943
4507
4509
2819
3715
8507
9984
616
2052
3868
170
7373
2230
829
6005
6583
3014
6891
5506
500
6353
7701
7711
6179
1951
135
52
1947
3899
10077
3936
4773
2201
2589
2863
3937
1481
3544
2007
6398
2690
8228
8635
2227
8629
627
131
3748
7452
6430
1003
2765
3360
4004
1408
2802
3526
2469
568
2156
10065
731
4123
4883
5425
10062
6821
5497
1905
1900
10061
7285
2444
1599
1256
10068
3139
5242
3121
10092
4776
7616
2482
6001
932
7673
5888
2054
6263
4471
10100
4246
6185
1386
854
3211
5907
1715
4875
8432
4318
1456
2376
10098
7692
474
447
6798
5044
1923
1808
473
4184
7272
6800
3112
10097
10096
7666
6239
2614
659
6327
1353
7735
1435
3980
7203
3743
4125
3234
5944
7652
2810
10089
4031
2461
10087
440
10086
1513
2542
6746
278
2633
10083
732
6761
757
2130
8881
8787
8786
6153
5169
7606
10032
10030
1754
1986
1783
416
4372
10029
5949
1733
1659
2976
6882
987
5043
6893
4321
2279
3289
1154
2721
533
921
7752
2236
1004
4808
7751
7750
3209
8584
209
2135
10025
6305
4801
2093
10023
3737
7232
5537
4740
10021
599
3714
1526
390
1837
1144
8244
2290
6562
6559
7388
7713
661
7697
1459
7723
830
3124
10011
1251
7444
6421
2480
4342
7432
1846
607
7488
5919
6014
10034
6757
4729
2755
2551
798
2748
1383
6795
8536
6797
2879
6431
1102
10054
10053
284
1501
6944
7474
10051
2106
544
7515
7599
6890
543
4684
3897
7590
2273
1307
2681
2814
3273
10047
9915
4122
3579
3132
5063
4947
263
9818
2877
9792
1628
9791
4704
9789
1057
7522
1019
5246
9786
6002
2108
304
9784
1406
7566
9793
4857
2563
2742
508
8753
3290
3562
5201
9781
9779
7130
7510
7602
1139
3255
1455
9777
3256
8349
2143
726
4941
5933
3324
4710
1564
382
5936
1740
4046
8350
2962
2392
7736
7233
794
6554
372
8292
2100
1844
4690
4691
3671
4971
4277
1989
3079
4010
171
9774
7610
7611
2790
5252
2336
2511
541
5834
3709
1076
1426
1441
193
9773
4687
5586
9782
7051
1193
1805
7284
6792
3084
408
7259
687
9795
2276
7101
2118
6805
1768
5178
8917
4238
148
172
7266
8901
1167
4779
6557
4333
560
4065
8394
9812
3246
4939
1023
3095
6782
464
459
3097
3098
3998
6176
3703
3711
6781
1629
903
59
2381
78
258
8808
1956
3099
4678
7370
119
6522
766
3935
3004
152
9808
7504
2820
1086
2689
7015
536
1119
4183
251
5107
4103
4685
2687
3344
8315
570
1300
3103
1556
3104
3913
2504
3698
4043
268
6980
3142
2328
9803
2499
9802
7498
1743
5686
601
405
9801
3557
9798
7322
7305
1012
2237
6876
5831
4251
2753
127
2323
8231
8622
1063
6477
7191
1066
8838
1873
2024
4161
6856
4874
5117
4841
4243
2441
2225
2226
7320
4331
6145
2121
8819
461
3704
4170
2249
6356
3258
1918
2302
8321
1921
2280
826
238
6131
5260
354
1731
5837
1204
9743
9742
5030
9741
45
1271
3147
2751
8039
4695
2737
8016
4259
2638
6997
3672
9740
9739
369
542
1141
1240
1168
4756
2147
1420
1142
4016
4686
2931
2101
9729
7230
340
2715
2261
4012
9728
3457
2362
5547
5038
6103
1055
5619
4175
9745
2277
3619
2535
4718
3953
8019
3397
8343
9746
5931
3013
2299
5433
9748
1656
4998
9765
4737
6617
4181
350
9761
7366
6613
9769
6068
7123
4025
2624
1518
6154
8707
7858
7857
2197
9759
3508
1745
977
7207
2849
6468
101
3163
2889
2696
4523
609
1878
3204
2695
214
2181
4160
3398
5851
6467
402
24
6695
2096
7806
8177
8673
2247
218
1779
4916
6225
3735
2519
7810
6734
657
2707
820
361
1495
5884
7199
7079
5887
2358
781
6733
4789
9889
8375
2946
9820
8762
1523
1660
7097
6731
2372
2827
1121
5047
4002
2869
1377
3174
6091
3722
876
8771
3005
2078
1612
167
7892
2574
821
968
2754
1853
2094
7271
9887
9886
838
6205
2134
7379
4360
3034
3444
3733
7053
5095
7195
8722
3999
9881
3043
2580
7989
2086
3250
961
9880
6653
6074
6648
8601
2092
4966
1164
1216
6645
2882
3635
6644
9876
2157
2669
5120
7030
7938
2665
5612
4872
227
7393
1208
480
4174
7976
1511
9873
7956
9868
3481
9877
3025
7862
8191
1636
4279
9890
1786
8660
7404
5152
7410
4559
9901
2831
2562
3054
7415
1579
8015
1267
3245
9891
3972
411
4548
3263
8027
3061
2950
1468
1782
3928
3010
2560
8014
9909
3661
3758
8082
8087
8008
9904
7790
2478
483
9903
4162
7816
6388
7932
7922
8362
2083
4371
1270
6723
3877
6892
4568
6721
267
983
1591
3855
3957
4173
9893
6712
6689
7801
1293
1562
4585
8921
9892
1530
1052
4159
8395
6535
9867
1886
1373
2873
1088
3944
9865
1500
2465
3051
9839
6336
4545
9838
2256
8104
4551
3207
4292
1981
3785
2654
6212
7063
761
2653
1749
1962
8342
5526
8066
3218
1226
6432
1474
5848
9833
8169
1600
5276
3394
6314
3517
6389
4893
2598
9829
2738
8160
62
2025
399
993
995
2620
788
6736
722
9827
9825
9824
5774
1831
2679
3541
3047
2258
6850
710
4526
576
510
3904
5170
7329
3919
804
6218
2110
6184
2221
2291
1185
4353
3396
9822
6887
4447
1926
7309
5376
675
8263
260
5164
3383
547
7693
6748
6503
1952
1726
3491
506
1404
2439
3826
1120
2205
2107
8670
392
784
2841
3597
992
5090
4985
3829
6941
9861
5908
9860
2166
8775
240
438
2165
9856
4516
5661
6209
6770
4313
3917
109
7456
6015
3486
2875
2032
6849
6837
9864
9854
1622
3243
5877
2602
9850
2359
7122
6857
2629
2028
253
3922
7497
9848
9847
5809
9846
6830
5383
3359
912
242
5101
3521
7075
817
8749
5443
1199
9844
8326
7524
6877
1486
9845
1834
1713
4317
1670
5546
665
5984
8227
2282
1439
9849
4479
4831
7077
7426
1581
1428
3561
4235
7383
928
3878
9851
4468
3963
3194
3520
9852
3056
3222
559
315
3066
384
4461
7776
7749
791
5301
703
9855
1234
7637
1302
5604
1928
1140
4845
8353
1913
4511
3062
9857
9858
3212
7688
9859
1765
7054
7655
7289
2283
1425
7269
3580
7064
8306
1149
10801
6149
7455
6374
751
6370
688
7695
2168
640
2104
9862
9863
2658
9843
4459
2992
8664
1178
2865
7192
3588
9842
4955
6739
1721
2456
221
5974
5233
6764
3896
9841
3498
3820
747
6303
4442
7464
801
1470
3817
9840
8341
758
8339
9821
509
9823
4877
3624
1998
6864
1617
4427
8910
7249
370
7302
4052
2492
7293
1093
485
388
7031
1013
451
1423
923
10803
1540
6950
8189
2621
9826
6189
2901
4606
9828
2798
4603
3962
3767
4827
3766
3064
8022
3458
4784
3460
5017
3873
385
3067
3348
3763
3474
4969
9830
9831
8086
6594
1841
9832
1790
1785
6425
2066
2483
6399
9834
8057
9835
845
5505
3792
1006
450
5104
8069
9836
1097
9837
2982
8013
3932
1931
3874
2709
2209
530
5214
2367
6610
6925
8309
4168
769
6141
8123
1589
1829
667
2160
9853
5379
1957
3468
1533
9866
2453
1767
1757
4267
2082
7292
1883
2475
1402
1391
4179
5975
458
3983
6459
2845
7827
4280
2528
9894
3833
9895
5471
9896
5987
2062
597
3285
8833
6970
5197
7969
7964
1795
2285
5973
7159
9897
3857
1509
9898
9899
2578
5965
1620
9900
7985
6654
8360
9902
1755
2395
7897
7013
7017
1552
8385
3046
9912
6659
6170
7975
2487
3931
7222
3364
3310
5991
5332
6682
3069
575
6676
2300
6671
9905
3045
9906
4538
9907
2404
564
3390
3988
6426
3533
5862
8041
6505
1550
9908
460
3309
1236
9910
143
9911
834
6664
8336
1104
5773
4169
5163
4861
8688
8691
7394
1222
5158
1380
6528
8704
6525
6520
330
8316
6405
2641
2683
6230
129
2278
2004
8346
3229
1123
7403
7412
8668
88
5904
6675
4866
5640
4638
4171
2331
3050
975
2890
6333
7878
2150
9869
9870
9871
7967
5615
3233
4646
5628
4653
9872
2151
1945
6558
2452
7896
1916
4600
5710
9874
1803
8299
2180
3611
3331
7844
3527
5915
5910
1028
5857
9875
5863
6640
7927
3592
922
7935
262
7937
7216
1378
3634
1103
1953
8361
836
2794
5504
811
6215
9878
2567
9888
1025
7979
8352
9879
7983
7986
3021
419
879
4444
6582
3729
50
9882
7993
7996
90
9883
645
4796
2031
1089
9884
5297
5978
6315
7951
9885
3038
2354
3367
4361
1784
7959
604
5092
1396
6720
1797
1621
3033
3040
2723
1902
2851
3882
7813
2627
2934
5731
3515
5735
5893
7819
1751
3048
1647
2778
3548
689
9819
9794
344
3227
3059
2491
9749
2933
5303
7832
1339
2373
309
5123
3723
940
4163
2077
4513
7791
1638
4983
7264
9750
3753
5938
5942
9751
4517
1224
1944
1362
3259
4519
6697
8399
1536
427
7880
3074
1473
1964
5832
6514
9752
9753
6519
9754
9755
431
9756
6634
9757
1641
2016
4006
2516
4465
2192
5240
2945
6626
1156
5918
8620
6402
2834
7196
2393
702
1619
4486
9760
2018
305
8348
1567
2386
4319
5902
9762
8103
9763
7119
3742
8108
5118
2671
772
9764
4722
2540
9766
8147
9767
2632
9768
6929
6575
1818
9747
2183
6567
3181
3330
2932
1190
2408
1046
2942
1463
863
7301
4256
9726
6551
2686
1079
3875
1116
2015
9727
3685
1687
4021
10
5084
4781
1220
755
3905
4669
654
6167
8899
4263
986
3559
4293
8898
9730
9731
9732
9733
9734
9735
9736
9737
819
1582
9738
6956
8053
4688
6607
153
2193
1863
2771
3228
2678
6737
8006
7319
5166
219
2547
4172
1635
2319
2530
3889
2534
3708
6709
1920
5846
8323
3706
4234
6867
8092
2496
6869
3235
5399
3370
694
5089
9744
8600
2085
2667
2569
6878
9758
1983
4840
1610
1592
2955
8325
1707
6207
7323
7000
4783
7005
4736
2949
517
3000
1461
274
81
3452
6845
9770
2573
3950
4761
4720
1807
3960
9771
6492
3167
5787
5657
6436
58
125
6300
4934
2348
9772
7304
911
8344
9797
1241
5499
3986
7088
1855
5930
6234
6301
9799
9800
6829
3886
2872
6352
4017
3169
1159
5892
1761
5895
3696
2317
463
3140
1692
3475
192
9804
4846
3276
445
9805
2120
1184
1836
4953
4301
1409
7008
2002
4106
8312
9807
2113
7128
9817
1368
6780
2022
2717
3970
1298
9809
5329
2582
1840
2076
364
6434
7739
9810
4015
7766
4674
6753
9811
6754
8389
5282
356
3017
5231
6003
6962
7348
2405
2208
3609
1174
792
1788
6143
789
8893
9813
3093
4073
2800
2904
7351
6816
6820
724
4881
5998
2766
9814
9815
9816
3003
990
3705
4255
7200
9796
1985
5992
2145
3087
9806
3086
6791
2772
225
7691
1347
2346
2553
7174
7654
1637
7663
5765
6429
1471
2988
1532
7661
6307
7660
1453
7672
7690
6968
2169
5821
4140
6898
6213
6774
2965
2334
6359
3701
2554
9775
524
9776
7381
3326
7642
7217
5914
2680
7636
3574
7167
3679
587
3570
4284
6581
4692
10905
6409
2368
2749
256
6859
5212
8667
208
6574
2097
3929
3567
7250
7710
7696
7109
716
6842
1363
905
725
3077
1843
2861
5932
1935
4130
7720
6159
2517
5515
3075
6329
535
9778
1623
930
5076
6776
9780
5469
89
8404
6788
6521
3089
2267
1131
9783
3677
1738
4867
5286
2053
7466
3409
1454
6836
73
7582
9785
2564
3135
6530
6232
3678
9787
9788
5346
4702
417
3134
6841
5374
401
9790
4020
7551
2442
4269
7550
6947
7818
2561
2462
5060
5878
2832
9913
7554
4818
9914
3133
5725
5869
7536
4982
4264
8618
3616
7028
672
6340
7155
1393
4926
5793
8624
2008
8613
10035
10036
7525
10037
7528
4670
10038
10039
3684
10040
10041
10042
10043
10045
10055
10046
3945
7559
4956
2167
10048
8513
1073
1316
941
2694
1175
7560
4676
10049
5608
10050
4680
8531
2333
269
4683
970
6397
7508
6422
5144
5143
1058
10052
2425
5141
1325
1554
3130
4730
2844
3129
1674
5041
848
736
6376
4911
3863
10044
1724
1680
4380
666
10033
6752
7427
5861
7502
2697
10020
6974
4715
8773
7439
6259
7127
5363
2729
7457
2411
1522
2486
7722
10012
5003
1958
7726
7728
8517
3713
10013
1907
4105
4727
6377
10014
10015
6885
10016
6971
10017
1694
10018
3499
3861
3281
862
1464
6833
10019
1230
1712
5995
1308
1280
2051
8248
6427
8671
1892
10031
6555
10022
2572
4712
4726
3119
4038
7778
2647
2195
5281
4937
10024
2271
2980
10026
7743
2476
1912
1109
4367
3740
4806
4682
2711
4247
3113
2645
10802
3982
1356
10027
10028
7759
7631
4986
4033
6832
8657
5876
2065
7635
6763
293
1775
1496
874
476
10057
7645
7613
1421
7607
6182
4698
2770
10080
1718
1758
10058
5572
1291
2231
4859
2775
2043
4328
8878
2793
7019
7680
6216
10084
7683
10085
2099
7687
638
8216
4844
7429
8870
3891
1499
7248
10088
2720
10090
114
773
7437
3973
4055
1822
2546
10091
6831
8865
36
3200
4661
10093
10103
10094
5677
10095
5847
213
4026
2091
8200
5840
6500
4485
593
2189
121
4996
7665
1176
7144
1616
2466
7653
765
3288
814
3479
387
3744
1696
7689
2366
1452
4478
7094
7686
2216
4476
2606
3214
10099
3746
2682
7278
2006
4320
4322
6786
1806
5596
2446
3335
664
4470
7649
7646
10101
7620
8604
10102
2416
2673
1548
10082
3120
6396
7288
10081
886
4126
686
1351
5290
6202
10059
10060
5072
3523
914
6164
7267
8902
6252
2874
3485
3511
2458
991
365
10063
4976
591
2026
6472
4949
10064
1802
2457
323
10066
6808
10067
1260
8853
4329
2351
10069
7181
2774
7747
3547
4493
2612
982
10079
785
7140
6946
10070
10071
5829
5005
6235
145
10072
3908
6756
759
10073
10074
10075
63
10076
3297
10892
4775
6435
612
10893
1732
1078
10894
10895
1315
3539
7336
3022
6545
7705
3296
4296
5110
1833
10078
3924
3537
810
5937
3219
956
10010
10009
3136
373
3965
6395
7734
5202
6983
8603
3756
3754
1447
10008
8809
8807
1769
5067
7068
2224
9939
4512
7719
9940
4185
5244
6034
2756
3604
7718
7604
6779
9941
9942
1688
2161
2747
1868
6013
3323
3893
3007
3956
165
7467
7124
8598
3076
2178
9944
9945
5717
9946
9947
9949
9959
9950
9951
9952
6900
9953
1051
9954
9955
9956
9957
9958
9938
9937
9936
9935
9916
9917
6847
9918
9919
3001
9920
6334
9921
4148
9922
4495
4810
9923
6868
4332
9924
9925
3221
6873
3267
832
4418
7473
8239
5632
9927
9928
6341
6874
4416
410
4824
4355
6483
8828
8827
8825
2494
1577
9929
7574
7573
9930
6101
7569
7563
9931
5226
1074
6450
4409
5105
849
5833
2217
1819
1999
4405
442
2818
2500
2779
8830
7033
8832
4363
4753
6935
4138
9932
4420
1575
6861
3608
2269
7586
1804
1482
2781
9934
7331
1747
3501
6863
6037
4395
2023
6543
1155
4397
4938
2234
8840
3593
2712
7324
8842
66
2619
1008
4040
1488
1739
5926
5464
9962
9987
3725
7156
763
6393
1666
6152
8846
7046
5196
2111
2692
554
4074
5100
2383
1933
9989
7548
9990
3626
230
9991
2767
3727
6526
5868
3101
2244
9993
9994
5097
9995
959
9997
3198
7542
9998
2587
6249
8120
2761
2069
3292
6012
6313
5909
6258
10000
8102
4356
8798
5162
6082
10001
457
10002
4443
10003
368
2634
2700
3287
6428
7318
873
6527
10005
2894
4445
2014
9986
9996
8203
3156
5674
2035
1124
5971
6598
9972
2815
5362
3162
4451
7326
2637
5138
7328
8835
6560
1170
8886
8630
8631
8633
8636
8640
8642
8626
8625
9965
4424
9966
3560
6593
4425
5295
6217
8085
8083
3176
8419
3205
4341
8072
649
6069
2661
8071
6279
7237
5220
1959
2037
2262
4960
2605
8909
6590
2594
432
557
9968
1848
6608
8907
4050
2056
4237
946
4997
3606
5298
962
4496
7100
1603
7099
1476
9970
2102
6462
8021
9971
690
4621
9973
9983
753
2200
947
9974
5527
493
9975
9976
2515
2936
9978
5689
9979
8449
8447
691
4613
3155
8026
9980
2170
3145
8024
5777
5770
3648
8107
3646
1596
7036
6629
3927
4611
4228
1151
3196
6566
2172
9982
7453
5668
3102
578
3649
9725
2437
8443
4605
6221
6361
3615
2044
1128
2817
5854
9724
9675
7135
5734
2176
2438
2505
1326
7376
3092
5891
9464
2141
2656
2595
4876
9465
4807
622
3088
9467
4805
4629
4758
8882
8883
9468
9469
4655
327
8785
8686
8689
3445
9470
3583
4289
4802
6499
735
4993
2906
5040
2329
9473
4245
9483
6542
3225
9475
8129
2675
3992
4660
8125
1379
8122
4060
8119
9476
5034
8695
8716
2512
3926
1390
3123
2199
7039
2148
3987
8606
9477
3665
5663
9478
3137
7341
1838
3600
5151
7998
1217
2095
2306
8706
7246
4795
2953
7093
4153
2724
8560
8711
8712
5647
20
7849
7847
7354
2915
4633
851
355
7863
9481
3885
7184
2332
8590
1232
1954
620
8658
6561
7884
4631
5056
5057
1932
805
4192
2185
3118
3971
7877
6339
1127
1794
9462
2977
529
6699
4812
202
2973
3571
8665
6146
1201
5585
2204
7838
4078
5103
8589
6173
1502
5087
7837
3199
9459
7209
721
5564
9440
7809
2916
7113
7795
7794
2763
8677
8576
7117
6391
1466
2718
300
771
1722
2074
2222
7274
8718
8719
8754
2735
813
3115
7829
9442
6394
4287
319
9443
653
909
433
734
7059
8521
7823
4950
4549
9445
3657
2576
7820
9447
9448
7817
9449
9450
5781
2583
3654
7864
2824
5804
6166
8922
6023
2119
7188
7454
8300
10904
6275
10903
6433
6410
7061
2215
875
6273
8184
6274
2716
9452
9453
2928
7955
877
1720
10491
7953
2984
9455
6348
6044
7952
6713
9456
8574
9457
8222
3850
7970
3399
4541
7972
9458
4225
7221
7430
9472
5069
5113
2557
5865
3841
9484
6038
7994
9485
3019
8727
2012
1586
9486
9511
5108
9512
9513
9514
9515
9516
5732
2040
2473
644
8182
4534
1748
4111
727
6652
9517
9518
3569
3286
5064
5712
9519
7944
4530
4819
4218
5872
3876
2421
495
7913
6650
4919
9521
6649
8475
404
5874
5061
7173
7909
4946
3837
9531
6647
7901
9522
512
4560
9523
4127
3185
9524
1327
3450
5880
1800
6063
1626
9525
9526
3138
8566
9527
4591
4945
7941
9528
4944
4068
6506
7931
1387
7065
1763
9529
3860
3332
1850
7921
2809
9530
5923
5065
7245
2789
9510
6638
1679
6362
9520
1114
4030
7214
6289
7042
1112
376
2911
3902
4151
5341
2668
7942
9487
8518
1997
9488
3358
7895
9489
9490
6658
9491
5855
4981
2309
2079
6354
10806
2125
9494
606
1988
3341
1676
8781
4909
5968
366
3374
9497
5256
8537
1181
4804
7120
5261
2507
1773
8538
7963
9507
3333
3584
3368
9498
5236
5972
9499
2490
4035
4567
4903
9500
8519
7833
246
7807
1871
9501
9502
9503
9504
9505
6511
1968
2797
6678
7846
2498
2021
6033
8609
10804
8121
5267
9506
7416
8581
1534
83
856
3182
8257
8659
1669
9439
1313
2255
937
5375
8158
4382
1576
2891
8656
8684
2850
4754
5070
2399
1862
8715
2650
9413
4799
2823
9368
1311
4290
2409
8709
4236
7026
4088
8043
6670
2822
146
4274
5458
6669
6668
10846
7062
3617
1677
10845
6198
4978
9369
6022
671
6953
6446
113
8065
9372
9373
4573
1889
8434
471
4582
9374
8437
6663
693
8877
1869
858
3778
1389
4878
2566
8875
8874
5210
7433
8441
9376
3933
2548
8407
5935
8084
2223
1349
9378
5500
4529
8861
1147
5102
8409
1219
2644
2212
3152
3016
7423
6969
9379
9380
8018
9381
2672
8607
6674
5406
8421
884
4273
9382
3180
9383
2947
8117
2191
7854
985
1026
1365
7887
3268
837
1560
3165
8903
7445
6949
5388
5389
2064
3361
3483
4214
8896
2510
8488
8605
10854
8247
10853
7204
4081
6261
2854
1568
7900
9367
3041
7422
1029
8496
9365
9364
595
6576
925
7018
9347
7939
4058
2186
3786
3787
1760
3993
4557
9350
1852
8818
8820
8850
7914
859
835
9354
6651
9355
3175
9356
9357
3447
5417
9358
1225
1071
9360
945
9362
5414
9363
3336
9377
1000
8654
2579
6714
1847
6169
9389
6717
6718
5853
5496
2029
1067
7161
6424
217
3449
2552
9390
3793
9391
882
6982
8445
6725
2518
8478
9416
3026
5838
8180
5377
4652
7815
407
2773
7822
9417
6494
742
3759
9418
3760
9419
3306
9420
3761
1152
7812
6710
9422
1662
7104
3295
9423
1041
1231
3762
6569
2470
9426
9436
7876
3065
7350
9427
2985
6704
9428
9429
9430
3378
1451
4598
9431
8651
3308
3035
2529
9433
1827
6447
6897
10805
6899
5794
5792
4308
9435
4109
9415
2536
2893
4607
4608
4900
9425
346
2038
636
9414
7859
9401
6922
1432
9392
9393
1633
5548
5597
1632
5646
5645
8115
6919
7212
6265
10849
10848
10850
9394
9395
9396
9397
9398
9399
5091
6338
2407
5185
713
6621
4618
6030
9400
9402
7012
331
2304
375
9412
1017
3923
9403
9404
3484
2853
695
2590
4967
6623
6387
8144
4778
9406
312
8154
5828
5345
9407
2643
8156
4205
4885
7081
5031
8500
2460
9408
3238
5519
4593
1728
3775
2406
9409
8007
9410
1150
6140
853
5818
8012
6597
3369
9411
4437
8492
8081
4433
8490
9437
4194
7298
8811
7312
6896
5037
8487
9532
9533
4835
1118
8073
7153
9534
4438
7158
2045
6605
6606
6828
5939
9654
2600
3552
8109
8105
2055
1966
1288
3304
7543
8895
3921
6906
3231
2912
265
2391
9656
4028
1774
887
9658
739
2233
6316
1673
918
9660
9661
1050
2010
9662
3818
7532
7251
3819
1539
7589
2930
5982
2843
8915
9674
3610
3068
5106
7592
6844
9665
6059
5277
9666
5007
7179
9667
1942
6951
3464
2131
9668
4763
4398
9669
4403
9670
4364
4957
5976
2034
9671
9672
9673
1894
9663
9652
9639
6927
9630
4368
2020
2998
2868
8859
2173
8860
658
2651
2057
7334
2922
6331
7513
7040
2501
7486
5192
3002
999
223
1018
9637
9638
2042
7131
5886
9640
7725
7731
1565
7356
8701
3591
4458
9650
5875
1370
9641
2363
4307
2608
3058
4115
2117
7738
3827
3031
2783
6744
6264
9642
3497
7740
4082
1965
5137
2070
6449
4305
6262
2139
1249
5077
7773
3814
7343
5814
9644
9645
2636
4302
8587
9647
4505
301
9649
9651
2019
6814
981
9676
1789
2762
2485
2887
8676
7029
1631
7353
185
9699
5588
2972
4989
2050
3797
3798
7141
6827
4112
3208
9703
4954
7675
2842
9704
4510
9705
6343
9706
3800
5551
9707
9708
470
5670
7183
7143
9709
8547
6802
9710
3801
1563
2830
6228
8544
9713
9714
7651
9715
5036
2440
1524
9717
7451
5609
9718
2966
2959
6027
5019
3044
3804
3805
3806
8534
701
4049
3236
1069
7623
1040
870
5903
425
9721
8221
4917
9701
8768
6006
204
1200
7050
2423
582
6248
4326
6546
7406
8290
9711
6858
4466
3900
9700
2688
4195
4323
5516
8549
9687
4473
6930
7091
9678
3391
8237
7198
10847
1543
2068
8721
201
2389
7082
3991
8553
5331
8583
1108
4762
4023
9680
9681
2714
7224
6586
2722
3613
7257
9683
3550
6257
8735
8750
6019
8736
3251
7496
2757
1310
6794
866
2941
7085
2190
9685
4958
5124
3669
864
4316
3049
9686
9688
6310
7570
9698
1759
549
6390
7597
1703
5428
2370
5093
3018
9690
4769
648
4488
9691
4314
2371
3206
8406
7102
4157
4414
7545
5096
8747
3975
2274
9694
1652
7519
3351
5825
4487
7535
4091
7593
9695
9696
9697
441
2263
6309
9629
6084
3509
5711
9628
7080
6793
2921
2543
2187
3015
1467
9603
6807
6824
4848
2144
4480
9558
4101
2708
9559
6214
4910
4936
9560
3379
2089
3505
7714
2451
7712
3810
9563
9564
4070
9565
898
6843
9568
6363
9578
4833
9569
5416
2455
7411
9570
9571
5989
9572
2502
9573
9574
6547
9575
9576
9577
2365
9557
9556
9555
4935
8533
9554
9535
2127
7624
6766
6469
4462
9536
3807
5634
5694
7617
9537
1388
9538
7619
9539
7677
6755
2896
9540
8539
7685
9541
9542
4156
3898
3803
9543
5613
3802
6371
7165
9544
5654
7126
5653
3470
2940
7171
9545
9546
9547
3564
8758
7048
8757
9548
9549
6787
4940
4743
7647
9550
3302
9551
958
7614
7609
3230
7625
1860
6097
4114
7639
9552
6819
4116
9553
5575
6818
2033
9567
2677
2648
5747
9579
4887
4200
8582
3144
6783
9580
8653
5806
7745
9581
9606
9607
9608
9609
9610
9611
9612
2394
10862
10863
5006
10860
10859
10861
2816
10858
4217
10857
10856
10855
685
6437
3454
5309
9613
6741
9614
151
8548
7704
7733
9616
3894
9626
3985
7118
7721
8209
8509
7561
5337
7495
9617
2725
7483
1975
7365
6571
9618
9619
1882
9620
9621
2310
2631
6065
9622
6765
8616
8647
9623
6817
9624
1996
4847
9625
9605
9615
4413
3824
6192
4412
7601
5970
9604
8451
700
581
5066
9591
7572
7571
6298
3299
4408
6495
1525
8408
3822
6855
2828
10105
9583
9584
2839
2857
4912
6064
2568
9587
5280
4400
9588
2698
9589
9590
9592
6330
1321
7229
3614
9602
588
9593
3816
7527
9594
7534
2340
7520
9595
5510
283
3796
7552
7163
6253
1821
9596
1787
4450
7314
2342
5081
4790
7538
7231
9598
7834
8428
9599
3795
486
3794
9600
9601
9723
5402
10104
10818
10824
8224
8458
3237
5112
4253
5954
5386
10601
10602
878
10603
698
10604
6908
488
8048
10605
10606
6959
10607
10609
10618
8060
5441
10610
116
7044
3082
10612
5035
4771
7142
8491
10613
4865
1969
2693
3466
8494
10614
3080
4338
586
1887
10615
4973
5836
3241
8038
5841
3107
10617
10599
10598
4625
8155
10597
5372
2952
5830
444
8148
1044
8146
4110
10596
8172
7125
10579
222
3540
740
10581
8505
8111
10582
8098
3772
1269
4750
8183
827
4392
10584
4188
6915
4759
8802
10585
3362
4614
10586
5652
7337
8796
3536
8114
1682
2558
2858
5023
5529
10587
2555
6260
523
5581
1624
6020
2967
6119
10590
10591
6685
10592
3769
7850
4829
7842
6121
4154
7865
6157
896
7866
5322
8233
10593
10594
429
6471
5177
1091
8845
3990
10595
3920
4150
499
2836
4262
4864
846
1485
10651
7808
2232
3338
4760
8843
8841
8839
7275
6502
10621
5050
6688
7787
10643
10644
4942
4836
10645
4658
8482
5237
7043
7825
4656
10646
5265
10647
4143
6486
2252
10648
6406
1275
10649
10650
6269
7966
3776
2829
4650
1919
10652
6724
3448
1668
6130
1537
10653
1864
10654
3914
7960
3791
4794
1345
6716
566
6403
7957
10656
5167
3303
7443
8824
3594
10657
10658
10659
7997
7243
8834
7021
4266
8836
7988
8612
8611
10660
10642
952
1823
6245
7114
10641
7943
2538
10640
8848
8849
852
6470
7418
7916
5424
6921
5423
1817
3028
7409
4595
8195
10639
6643
737
8464
3201
7936
7934
7930
4555
8460
4553
10622
1401
5947
6550
3784
10623
3110
168
7923
3109
2866
4036
5439
8646
1971
4037
4768
10624
3117
4286
3783
7824
1911
6681
10625
8429
4550
10626
3496
6537
6508
2308
3493
4100
5382
2601
6031
2477
5378
4544
546
4543
8126
1292
1246
10627
10628
10629
8420
5403
10630
8090
8028
10631
7252
7172
10632
2905
10633
860
6666
4539
8412
8410
8049
4537
3127
6133
8056
4535
2419
6662
10635
10636
6195
7291
10637
3916
1169
10638
8003
10578
5507
10619
4923
4089
10577
8438
5517
8058
10533
4584
10514
10515
3958
2920
5206
2426
5205
5204
4869
4570
7146
10516
8254
3473
2229
6529
10517
8693
5203
2149
4389
8571
10518
8020
4565
738
7236
8568
4212
1683
10520
6124
7399
3823
3954
3108
3387
2591
3319
8157
868
3408
6319
4039
5472
5983
10523
10532
8168
10524
10525
8137
10526
4024
10527
5275
5272
10528
8091
6684
10529
3477
8662
1427
3239
10530
6584
3969
5283
10531
10513
4979
8675
7856
2305
6677
6513
5115
1122
5293
3844
2610
9343
10512
6510
3522
10511
5288
8524
5194
7450
998
2206
254
10510
423
10493
4563
10494
3453
6680
4189
3839
5010
1166
4199
894
4569
513
4822
5250
7428
1331
2609
10496
10497
7981
7977
5193
5247
7946
10498
7945
4206
1590
10499
3968
10500
3100
4577
3858
7115
3150
10502
8724
5344
10503
3602
10504
2435
7929
8730
7384
3847
10505
299
4120
3840
8000
8732
6981
4270
3500
5364
10506
8559
3852
2219
4588
10507
8738
5215
2431
2699
3260
7928
6058
10534
10565
6642
8572
5313
1032
6894
2640
10535
7235
3073
10557
7919
7918
10558
5882
1278
4992
6507
8294
6985
10559
4871
2259
10561
8190
8188
4980
10880
10887
10888
10886
10885
10884
10883
10882
10881
10879
10878
6229
10877
10874
10876
10875
10873
10864
10872
10870
10869
5009
10865
10866
10867
10868
10871
2450
10822
10823
720
1027
7116
8740
10563
8281
8739
5131
2626
670
6438
6655
6458
2298
10564
3193
6657
843
8731
10566
1449
7448
4853
7098
5684
2071
7006
2685
7995
1634
5690
2171
7973
4540
10575
6687
5701
3941
7947
7435
10567
2270
3647
2943
10897
8648
10896
6240
3930
10813
10807
2927
4066
10568
7442
5075
3566
4275
697
10569
10663
6719
8608
1574
10571
8225
4746
7025
4787
6487
6293
7268
10572
10573
7965
10574
1049
5811
10556
3884
2825
4988
1197
5808
7971
4547
1285
2731
10555
10554
5799
6912
5762
10553
332
5757
8764
10536
7290
1352
10537
2132
3381
3658
2870
95
8279
10538
5109
8552
3177
3637
7830
997
1693
3901
3400
3650
7786
7835
3085
1915
4282
8273
6635
10540
2330
4187
5085
10541
10542
7792
10543
3865
5571
1640
10544
10545
7798
5567
10546
10547
10548
1914
6690
1505
6691
1016
10550
8669
6480
8682
4051
10551
3636
10552
5587
2613
3906
10576
1367
7136
7868
10662
7197
705
7213
2743
4902
4974
895
5539
4990
1333
10766
6178
5530
7879
3565
1314
10762
5558
10761
10759
5557
7888
6965
5556
6952
3563
5553
6408
3643
6707
10755
7840
3639
10754
8644
6708
10753
10752
808
2013
3392
8271
944
10750
4048
8241
4635
1896
2604
10749
7215
4222
7096
6589
4152
7254
7041
10748
10747
3581
3627
3382
7860
5901
10744
6266
1287
3666
8011
391
6901
5659
2586
7339
5636
10776
5614
8245
6482
10793
10798
6615
3663
3662
10796
816
10792
6611
4080
4915
8302
6917
10688
10689
8303
10690
10692
4191
10700
621
10693
10694
7011
5626
10697
4651
10698
6107
8099
1771
976
10699
10683
2784
4657
683
8884
5142
8284
2588
4261
10681
1545
3506
2137
778
2837
6620
10667
3653
1991
8173
10891
4233
10890
10889
8223
8645
5024
7133
10672
10673
3895
2427
6902
3605
8145
1910
10674
6627
10675
10677
10678
3446
10679
5592
10691
3664
1035
8088
8023
3355
7035
10730
8025
5048
6440
10724
610
1710
10725
10726
8858
7244
10727
10728
10729
8450
10731
3631
2969
10739
10732
8433
8199
6090
10733
3633
8444
5967
6077
1083
6609
10735
6191
4092
6565
4436
10736
4925
3632
10737
10738
4434
10722
3128
10721
4431
4429
8417
2727
351
10720
8076
10719
4933
6071
4426
5470
8067
10708
3494
10709
3377
4430
4351
573
6549
704
10710
7296
8262
7295
10827
8297
8296
1136
3126
10712
8422
5728
10713
395
8063
10714
4441
5819
5533
10715
1544
6076
4453
6323
7330
6540
6595
4452
5786
10716
5333
3471
1906
10717
7202
10718
8074
5860
10687
5788
6601
2599
7154
8201
8489
10741
10707
10706
10705
10704
10723
10703
10676
10671
10670
10669
8040
8506
10668
1033
10696
5650
10695
8484
5544
7058
10664
1037
2804
10686
5772
8793
514
6366
8791
10684
8213
669
10701
10740
5789
10745
7541
1263
10742
815
10790
1014
10788
6964
3312
7164
4401
540
3603
3883
6326
3472
8196
10787
7555
8467
10784
484
8301
10783
5459
10782
6904
7521
3203
4000
3595
10780
10779
2733
6943
7327
5393
3589
10777
5822
833
8178
4914
2971
4404
8474
10795
4952
10786
6860
3141
8287
7310
1021
241
10778
1604
5434
881
8831
10781
5094
5617
10785
10791
182
3555
4141
10789
10797
1301
5353
8481
5339
10794
8826
8823
8822
10757
5924
7578
3462
779
3327
10743
5227
2856
3507
10775
4034
1490
2410
8277
8480
1491
4411
4146
5621
10756
3721
1343
1891
10758
10773
7307
4419
10760
3939
1357
4491
5651
10764
6475
10765
10767
6183
5598
4149
10768
10769
7507
10770
4816
7501
6357
5810
10771
10772
6767
5812
10492
6771
7490
5696
8789
7363
2838
8790
10570
2474
10490
3543
8792
4984
5715
7493
5870
271
7499
2924
1811
10297
7482
10227
3955
5126
4373
7463
4242
8799
6180
5885
3023
5248
6350
10228
953
4880
7368
10229
1810
7724
6321
950
10231
5268
10232
211
562
4863
4514
5462
10234
10235
10237
10247
6369
4797
7374
10238
5934
7698
10239
10106
7702
10240
6120
8495
7706
7707
10241
4879
5447
10242
6743
6745
1845
6747
6463
8810
10243
5429
6256
7769
3751
7771
6749
6750
6751
6738
4850
5494
3197
10245
10246
1685
565
5315
1248
8459
5326
10226
10236
10225
5824
10212
10203
5616
4832
7753
3549
8854
3315
8889
807
3553
7349
3612
10204
3551
6812
10205
10206
10207
2864
10208
10209
10210
7630
8426
3311
8900
6474
5190
5449
10213
6823
4464
5522
10223
692
6011
8904
8905
8918
1814
5266
3755
10214
10215
10216
1011
10217
2414
7612
10218
10219
10220
10221
10222
5365
7618
5128
3984
7045
8908
5217
8906
8888
2909
5160
7674
10224
7676
2175
960
7784
6484
10248
8912
7282
3020
7262
4477
4948
7240
924
4860
8595
10250
10275
10276
10277
10278
10279
10280
10281
1597
8452
6404
10282
2986
5218
3183
4216
10284
10285
10286
7662
10287
7263
10288
3967
10289
3518
4379
10290
6803
7667
6768
4586
2704
4042
10291
10292
2318
10293
10294
4673
7438
6007
4315
4894
8866
5020
4711
4731
5039
6277
1675
8885
5541
10295
5583
6099
5780
678
6454
7436
7684
10274
10273
8439
8602
7398
4325
4747
7392
10272
10260
5842
6775
1708
10251
10252
10253
10254
4311
7108
5174
8687
7382
677
3407
5495
4689
5493
10256
6920
3272
6473
4708
10257
10258
5964
10259
10261
6984
10271
5368
8556
353
2293
7634
5879
4665
10263
10264
10265
5082
10266
6098
3131
10267
6840
2666
10268
5573
4358
1098
10269
7748
1303
10270
10202
7741
10201
10200
7242
8588
5380
10152
10131
3738
2565
7774
10132
6851
7772
8580
7087
10133
10134
5323
6083
5797
7084
6386
4357
4734
4369
6079
3734
10135
955
5625
280
10136
10137
6075
10138
10139
4724
10141
2220
5053
4335
6886
7715
6444
10151
10142
8520
10143
7732
10144
7729
10145
6297
5485
847
10147
8514
4725
10148
10149
5259
10150
3976
10130
4803
4139
10140
10129
802
2646
4155
115
10116
10107
2886
5049
8542
8541
10108
4132
7484
1261
10109
10110
10111
10112
5029
4732
5535
10113
10114
1355
1520
4374
3366
2684
10117
10127
5620
3384
7460
6822
10118
191
7476
8550
4223
8752
1361
2321
5603
3269
4239
10119
7580
6347
10120
10121
6773
7596
7201
6989
2356
5648
6112
7588
6355
4129
8725
7389
5528
10122
10123
1061
6177
7530
2963
7396
10125
10126
7526
10128
3682
6089
623
8557
4668
6852
861
6039
10153
3689
10176
5687
7546
7431
10154
10179
6534
10180
10181
10832
2732
10833
10834
10799
1403
6536
8913
7027
5114
4706
7553
10182
7537
6418
3476
7518
2378
10183
8334
872
10184
5347
6853
1054
4882
4813
3864
7169
7414
8308
10186
10187
10189
883
6325
10199
3328
7468
7481
10191
4693
7503
4384
6311
10192
5482
10193
5484
10194
10195
10196
10197
10198
3676
8403
5460
3675
1239
3674
10188
3673
10177
10164
10155
5503
4671
6247
10156
10157
4045
7700
7703
10158
5407
10159
7385
10160
10161
10162
7768
6204
2750
10163
3006
10165
10175
7762
3578
1976
3008
3321
4387
7757
8366
5943
8363
10166
10167
7641
5427
8703
10168
7644
10169
10170
7608
4694
10171
10172
10173
3691
10174
4701
8354
10296
3692
5450
7400
806
3395
6810
6375
1281
7671
6825
1799
4705
3710
8374
5805
1024
7150
10298
7273
5184
3707
984
10489
10299
4666
10810
10809
8220
10808
2109
892
7648
10421
7622
10422
6250
4667
4011
10423
7277
8914
2402
4340
1917
10424
8919
6826
4077
2128
10425
5445
5328
2659
5946
7628
6815
5392
6181
6134
10426
4908
908
10427
6759
7744
764
10428
7345
8814
2994
3596
3577
3257
6193
931
1022
8383
10430
6742
8380
4067
8378
7603
7372
4677
7730
10440
3271
5308
4013
7369
10431
10432
10433
10434
6066
6533
10435
10436
7461
4681
5795
5815
948
10437
5782
1360
2806
3699
1430
10438
10439
4310
1038
7010
6762
4728
4862
4713
10419
3270
10418
10405
10396
7470
954
3757
10397
5305
7577
10398
4721
7575
4381
6888
7567
10399
10400
5744
4786
4716
5638
8337
7562
3892
8333
2345
3694
7591
8330
3695
8193
8208
5607
3697
8328
4018
3700
10401
2759
4679
4306
8288
2447
7066
6987
10402
10403
5977
2524
5476
6866
8788
8259
4672
10404
6211
5245
4221
1259
10416
10407
7074
3545
3487
5718
10408
6604
4905
5381
8324
4281
5420
5430
4972
10409
10410
482
6600
6280
7785
2786
5409
5398
496
7313
8890
8891
6903
534
4180
10411
3172
5302
5357
10412
5750
10413
5531
3599
10414
7175
5032
3688
8052
7300
5221
2061
3170
3959
8068
10417
6587
4723
8010
4248
6934
8002
8320
8332
4733
8035
5950
7335
8029
8089
6073
5068
3339
6036
776
10442
10443
8218
10468
8318
8872
1382
5146
6633
2347
7037
1117
6619
10469
6618
4675
10470
4757
10471
3495
4752
8751
8100
3952
3316
10472
6320
8093
10473
10474
2525
8118
10475
10476
10477
5325
10478
1700
5232
6345
6493
10480
10481
5925
10482
5952
380
7852
4849
4177
10483
7843
5051
10484
6116
10485
1254
10486
10487
4474
6705
741
5306
7881
1322
3938
4520
4047
4518
10488
6126
10467
3951
10466
10465
6451
3451
8674
5078
7793
10453
10444
6992
5257
10445
10446
10447
2999
10448
6046
7208
1320
4503
4250
4498
3940
5559
5666
5635
5602
10831
1874
4064
7001
8639
8637
6254
5451
3146
2642
7056
10449
6087
6085
7958
10450
7014
7007
5520
10451
10452
3934
10454
6268
10464
4254
10455
7948
7069
5726
2489
1245
10456
5593
4446
10457
10835
7070
5675
5271
3350
2385
7076
7980
6188
10458
10459
1657
10460
6070
10461
8358
8359
4432
7906
6021
10462
7905
5223
7902
5273
5296
5289
8745
8743
8367
1350
4158
10463
1015
10395
4612
6443
1277
10394
2702
7086
5589
8186
10345
6955
4921
8365
4811
4597
5783
5538
3516
10324
5800
7991
6661
6105
8774
8258
3480
6572
10325
6999
5898
8400
5899
10326
10327
8398
2146
5658
4991
1725
6272
3291
2926
10852
4918
1723
10851
865
1671
8133
8379
5550
3644
3642
10329
10330
4053
10331
6096
3640
5155
1317
5086
10334
6267
8202
2198
3153
4814
10344
2357
6948
10335
10336
3463
4554
5763
8345
8055
6665
10337
7447
3503
10338
4288
2780
6018
8873
3154
5796
5692
10339
10340
10341
8064
1329
8080
1330
3851
4817
10343
7186
10323
4533
6673
8250
7402
10333
8391
7872
7805
5719
10322
7826
8815
8813
6016
5320
4561
4821
3568
5360
8357
7911
6960
5361
5367
7920
10309
10300
8370
6641
4176
10301
10302
5373
10303
5358
10304
10305
4580
4592
10306
6656
5348
10307
10308
3854
10816
10815
6197
4749
8246
6476
6186
6491
4219
4886
2944
1698
7178
5299
10320
10311
4564
6114
6916
10312
10313
5468
6223
7073
4249
2902
577
10315
3314
3164
4386
6700
3780
6706
7185
10316
7853
10317
10318
10319
6364
10321
10346
8384
2796
5385
4390
3782
8124
8127
1272
8097
5957
8161
154
1257
8314
10347
8152
8615
1549
7228
3278
1960
7306
5189
4895
4278
1644
1639
907
4640
8046
10374
4854
7032
4648
4649
8062
5453
5477
8051
2241
5238
4211
6958
8050
5835
10375
10376
10377
4659
6599
6979
10378
8816
7210
5175
10379
10380
10382
10392
8322
4604
7378
2253
10383
5182
8897
4619
7556
7162
10384
1335
5826
10385
4527
10386
5490
10387
8335
10388
4525
5229
1336
5452
6501
4193
6286
10389
3329
5487
2741
6417
7038
8857
8278
6871
10390
6461
5026
7333
6317
7500
5284
6488
7494
8313
10391
4406
10371
4767
10381
6509
10370
8382
10357
10348
5312
8386
8387
10349
10350
2768
10351
10352
5473
10353
583
8392
10354
10355
10356
8393
7148
5703
10358
10368
6040
3815
5785
4987
7112
4842
5817
7279
10359
6796
10360
6801
10361
7668
2400
7193
10362
4299
4391
6784
1881
8777
8778
1340
1242
6923
4508
8782
7420
7640
4492
4460
7632
8364
6544
6138
7742
5570
2537
4897
3024
6848
4463
1309
4327
6175
8723
3513
8728
5224
8729
7737
4469
10364
7168
10365
4834
2326
10366
6813
2268
4830
754
8741
6524
7241
8742
5132
7595
4482
7585
7529
7523
5475
10367
8327
5518
7549
9344
5241
9582
6420
6017
7441
2436
8356
199
9043
6294
7152
6564
6415
8678
7352
4501
4167
3036
9092
7756
8388
7775
4457
6287
7770
5369
6283
5969
7491
2660
8949
8928
8930
2758
1342
7317
4995
2929
5324
5319
3532
6910
8079
7325
9013
8986
6024
8988
8991
4825
938
9270
9272
9273
537
4394
7836
7804
8376
5008
3294
5199
4961
4571
4575
7992
8351
7987
7912
5962
7899
4207
9326
1338
5370
9294
5716
5011
8634
8230
3455
8249
8862
6365
6092
9175
9176
9179
7187
8311
8652
4630
6231
9150
9153
9155
9214
7004
972
5601
8369
6109
8373
5014
4616
8923
1337
7386
8280
6222
5673
9188
6672
2349
4402
6194
8205
9228
6155
6504
8405
7831
5311
6711
9184
10837
1286
5474
7280
7803
9152
6694
9140
6579
5816
4755
9135
4467
6588
6337
8116
7258
8698
8697
8696
5165
7219
7223
3411
2401
9166
8159
8868
8867
6419
8045
8319
9300
6552
5678
6556
9315
3456
8143
4785
9330
9329
6532
9323
6026
5578
3862
9255
7139
9247
7469
7465
9242
4735
5501
4717
9279
7260
7137
3702
9132
9131
5729
8806
7247
4855
9006
7754
4928
8935
4889
8929
8377
6171
8924
5591
5534
4347
5748
4664
7658
1699
6127
8951
8950
9025
8621
9027
1273
7638
3265
7023
7024
1359
8347
1056
5384
9128
5401
6441
8760
5502
8641
4777
6439
5514
5456
2138
8397
9114
9113
10900
10899
10901
10814
10902
7489
6909
7506
9047
6055
6809
8734
6054
5287
9030
7151
9070
4697
9223
9055
9061
9067
5724
7067
4748
6907
5676
9029
5779
8525
7533
5562
7557
8512
9037
7579
9048
3060
2350
9080
9109
8779
5140
5216
1358
5532
8540
5682
9118
9120
7511
3690
4232
8770
8784
8256
2744
3590
2001
3072
7716
9124
4054
7708
7709
4378
8551
9081
9083
1255
9086
9090
7407
7760
9093
5697
6957
9097
5611
9099
9101
6838
5749
5721
6061
8666
8710
8708
6004
4699
5480
6954
6466
4312
674
8269
3467
5508
5074
8876
8440
7656
7657
8958
8265
5156
5225
5317
8962
6497
589
8964
8966
8967
8968
4896
8215
8455
8869
1793
7286
5148
5149
5154
4472
1993
8926
6806
5999
8415
2559
8931
6051
8240
6963
7355
7194
3747
8941
1030
5045
5228
7761
2382
5181
2954
1099
5723
9005
5523
7781
7780
8977
8981
7344
3752
5440
5435
8293
8285
8508
5079
8498
4738
8989
8990
3736
4884
6255
3888
7509
9276
7485
2379
9277
1031
4815
9262
3720
4497
6870
4376
7095
7477
7478
7471
9342
9253
8510
7564
7514
6243
10898
1187
5027
6241
8650
3012
6242
5028
8649
9291
8175
132
5979
9318
5270
6990
5740
4044
7540
9324
9325
6380
8462
1034
8135
8139
9332
9336
5665
5649
7047
5565
7220
5015
2242
9340
9317
1283
897
744
8242
8075
9292
8483
4455
9296
8425
9314
9304
9306
8047
9309
6592
8920
7303
4377
1253
5928
9310
5488
9311
9313
8009
2788
1274
5737
8034
6270
5707
8030
4227
9238
5803
8863
4294
2785
6295
8149
5664
4601
3652
9163
4599
8171
9164
10838
8166
6284
4644
8235
6251
3655
5622
7371
8457
5627
5631
6918
839
8131
4647
9180
4643
9159
9170
4868
4642
9144
5643
8561
9134
4636
5600
3638
9136
1987
9139
6271
9142
10836
9145
9147
6100
4627
8585
840
5582
5590
9149
6094
8578
7800
5579
6991
9157
9183
5157
7111
3525
3641
5768
5778
7821
5756
5759
9219
9221
3039
8545
1319
9225
9226
8535
5784
5858
4224
8627
5012
1250
9231
9232
9234
5704
9196
9189
9190
7121
5730
9198
7256
7978
5130
9200
7387
5742
9201
9202
4531
4820
9203
7072
4930
4542
5580
5873
6168
5136
7908
7907
9289
5243
2314
9207
8569
9205
4772
3856
5335
7894
7182
8194
5073
7933
6373
1318
825
7925
8563
8558
9186
10828
10829
1137
8174
4578
9233
7903
4201
4572
8528
10811
7261
10812
7982
7811
6538
8766
5195
1323
5291
6516
5269
9146
9156
9143
8134
6288
8162
6290
6060
9137
8705
8251
8252
1039
8077
9171
8435
9167
8061
4587
1107
5491
2463
8128
8456
5431
6381
9307
9305
7255
5404
9303
9301
5387
9293
8503
6940
8470
5415
4634
7071
939
8468
2925
8479
3790
9252
4639
9251
9261
7961
3582
7968
9248
3027
8477
8473
4873
9263
6993
5340
9284
9282
1110
9280
5330
4596
8463
5705
5745
1244
8260
6025
4609
6384
5683
8997
8996
5769
1070
6401
2403
4624
5172
7358
5171
8987
8984
8982
8978
5948
9023
9021
9020
9019
9017
1276
9015
9014
9011
9009
9008
9007
5405
8150
6335
8142
8975
8974
8973
6129
1908
8940
8936
8946
5463
5461
8932
4421
6994
4209
7020
4782
8927
7568
5294
6834
8454
8229
8963
6879
4837
4334
4415
8956
5356
8953
5349
8952
3618
6928
4309
8511
5883
5681
1247
994
4504
6460
3830
6932
8555
9100
8573
9098
8586
4304
9095
9094
2009
8176
8275
8282
4506
1306
6095
9106
8554
1324
9126
4297
9123
3371
4891
6104
9115
5629
3572
6108
6740
9110
9107
8783
2429
8597
1059
6196
8596
7177
5338
9046
9045
1135
3530
3809
4061
6174
9051
9040
6072
8523
5316
6884
4828
9065
9054
9076
7078
5802
9072
9068
9077
9066
9064
9060
9059
9056
9058
9062
9063
5454
7479
9069
1252
9071
5605
7134
9053
9039
8236
3974
3365
9042
7779
4920
9079
5672
9108
6208
8210
7650
9117
8543
6789
4843
4521
7664
8546
8767
4904
7283
7049
5153
8681
9129
9105
7643
6496
8579
9084
8593
8594
6988
3556
5813
7783
9102
9028
6931
5327
5314
4385
4057
4838
8954
8959
5254
8446
8965
8969
4410
4062
1328
8960
8418
3274
7565
8414
4131
6835
6224
7294
5279
6846
6029
6132
8916
8423
6942
8937
7316
8938
8945
6135
8042
1053
5413
9000
8044
8985
5412
8261
5173
8264
5180
6000
8992
8993
5595
9026
1304
5187
8805
8803
5186
6614
5633
4907
6585
6967
6165
10840
10800
10839
5561
9268
6998
7103
7851
10817
6151
10819
10820
10821
6150
6117
8198
9278
7889
3765
4182
5188
7870
1305
1043
9285
7789
8614
8623
5262
7105
6199
9246
7157
8267
5168
8852
9257
6115
6201
9288
6344
5432
7090
9319
8234
5013
4229
957
4383
7904
5418
7940
6136
9328
5446
1312
5444
9333
9334
9339
4929
5390
9298
7848
9299
5394
5410
6246
1334
9308
9312
1354
5492
5004
7016
6236
7009
9172
9177
5465
9178
9181
8153
8714
9141
6190
5278
4562
9151
8617
8226
7882
8526
9212
4566
6050
9222
8532
5255
9230
6895
8643
8206
5354
5966
8515
6057
6637
1020
1691
6577
9187
5366
9191
5336
4590
9199
8748
4268
7057
9204
10906
6296
6049
9206
4532
7974
5727
9197
6285
9194
9192
5708
8530
5134
5133
8726
5680
9211
8529
5693
5746
7253
5790
9227
9224
6726
7893
2140
5760
5758
9217
5755
6067
9213
9185
1258
4186
5566
9154
8212
7871
10907
7874
9148
5549
7138
5644
9158
5660
4741
8692
5145
8283
1366
9174
4654
5656
8436
9168
5594
9165
8599
6147
9160
8442
5671
5618
561
4626
4823
6457
8032
8033
8036
3630
6632
8453
8179
6010
4190
5513
6936
8017
8054
6938
8431
6078
6088
8486
9302
9316
8192
8501
3410
6081
9337
8141
9331
8461
7539
9322
5743
5706
5698
5129
6382
9321
5334
9320
4927
6206
5457
8469
9341
4396
7584
9290
5481
9259
9254
9250
9245
5630
8476
9244
5641
4494
5555
6113
9243
9240
7462
1364
8472
8471
6093
7083
9264
4499
9287
7360
5161
5798
8465
9275
5135
5709
261
8795
3890
8286
4197
9267
9265
6292
5343
9133
8485
8995
8998
7717
4515
8983
8980
8976
7767
5127
4931
9001
9016
8628
5511
7763
9012
3749
6118
5552
7180
9002
8947
5285
7629
8939
5455
7626
8933
1282
6008
8911
7270
4839
8925
7678
8934
8971
10908
8448
4483
4489
8972
8961
5483
5436
5292
8957
6939
8871
7449
7446
5300
5623
5307
8570
9130
7419
8702
8289
8663
7758
3741
9096
5761
3739
9089
9085
5720
9082
5801
5219
5525
9127
8756
8527
9125
8516
9121
9119
9112
5637
9111
9078
9050
9049
7424
5606
9041
9035
7583
5542
5536
9032
5563
5574
5577
4663
1344
7531
5776
5754
6570
9075
9073
6043
5304
9057
5359
9074
5022
9031
5350
281
6052
5264
9044
4352
7487
7480
8402
5486
8772
8368
5421
8955
4696
5691
8970
7003
4063
7002
8401
6128
8276
8894
5208
6048
8979
5722
6383
8338
8317
5543
5554
4295
9286
5669
5489
9249
9239
5702
5274
9256
8829
8847
9327
5738
9335
8804
8295
7055
5211
8291
5207
6125
7311
5200
9295
8329
8187
4932
8059
9297
8331
8340
6933
9237
5545
5438
9235
4798
9161
9162
9169
9182
9173
6203
5351
5411
1348
8713
8700
9138
7841
4196
6238
10826
10825
7796
3718
1279
9215
5159
8761
8268
5183
5016
8632
8638
9209
5624
8733
8737
8744
8746
9208
9193
5714
9229
6911
5610
9220
9218
9216
7022
6102
8217
5576
8880
6442
8253
2611
5700
6047
5739
6913
5321
9338
5355
8214
9258
8238
8821
8851
8837
5478
9241
4393
4388
9271
5408
9269
9266
8381
6937
4198
8999
9024
9022
9018
9010
9004
9003
8110
6291
8944
8943
1346
6368
3412
3439
3421
3440
3420
3436
3435
3434
3428
3427
3426
3424
3423
3438
3419
3422
3425
3429
3430
3431
3432
3433
3437
3418
3414
3416
3417
3413
3415
3441
