1689
3406
1672
2176
33
2309
1656
4015
5403
378
2796
913
4481
980
3535
5951
1536
2466
975
3070
2314
5424
3212
3343
8928
1614
1639
4242
8947
6967
155
862
8966
139
2925
1211
5056
5963
2990
2048
4059
4063
5906
9277
341
2337
1430
7924
1469
9020
863
6534
1028
3227
1882
5070
9155
2277
603
8129
8389
3903
6035
6767
9105
1436
756
651
8116
335
6707
373
6739
2414
1487
1106
2479
960
5990
274
3339
1915
9160
834
3078
2306
2302
445
3766
1183
615
1679
507
723
725
8122
5236
1936
1509
67
5065
2449
48
4735
9005
3859
455
1440
4877
2998
549
8259
4354
4731
228
2053
8270
1309
205
5486
889
290
4786
3752
1250
363
6561
14
390
175
317
77
253
199
633
9026
2196
724
2894
7208
232
1782
6129
4846
5352
4081
28
44
431
41
2080
1016
5894
5515
3779
377
9347
2081
4915
1541
6754
134
1701
9361
2307
16
4304
124
162
3482
465
15
4084
6749
328
1110
1134
432
768
8845
1196
4308
1060
2133
950
39
475
969
9332
1498
503
5915
941
3899
3825
2588
6585
7764
2508
1202
146
3755
422
4088
2253
25
1911
5618
4887
3297
9249
5096
9257
1620
6822
7414
3393
278
6052
6871
68
2039
2288
618
2266
1990
4069
4750
4991
2523
2351
6374
675
2250
1582
4321
2502
681
1551
915
1744
321
4320
1505
1162
1175
4025
3432
2483
2246
128
3739
1077
6034
2492
5429
2100
4107
4106
10351
85
11
1244
17
2572
453
567
381
3356
8114
568
10373
2695
2195
6797
730
3900
1847
7978
6676
3000
3100
884
10308
6455
3579
2996
3552
221
3317
258
4889
2171
1735
7554
4047
74
10452
5977
6304
4789
1493
2938
4247
3068
3800
6341
3255
1236
853
3912
760
10475
3872
676
1062
2420
2419
4217
351
2879
7195
2521
154
6966
1085
130
1835
1132
8
185
6132
1977
3615
7632
516
8338
6234
6733
5868
245
10429
901
277
98
21
264
314
72
3461
338
4940
4444
7610
652
3880
1248
10295
4442
5920
1994
6266
7228
7230
5053
2886
8838
1713
10196
3861
7317
3286
4891
4134
520
1441
4992
7544
38
977
6658
358
303
6270
5909
1627
3542
5015
989
4962
718
4782
1734
433
3282
2904
498
174
10141
783
4952
4116
1199
3333
7715
148
10268
5
34
2209
12
576
61
2687
10261
6336
2811
7738
6643
7766
6150
2604
2285
3115
1189
10283
2833
4604
3122
1195
613
1825
2772
1371
10211
6850
1205
141
3097
2612
999
10237
4194
122
1827
3759
5557
1407
4594
8171
5929
3392
10769
13
561
1828
282
7694
4592
239
7308
6382
10708
1949
4590
8426
469
1651
2435
1485
286
10691
8449
3140
3718
3373
3185
4004
1695
3209
3051
31
5060
2991
4585
5010
1861
1107
3281
4583
6360
967
4903
2194
1937
76
5690
752
2169
2360
297
6330
2642
2279
3862
188
3160
4310
5865
7491
2831
4954
416
6801
10776
746
2042
1417
4961
5726
84
333
8008
6751
4606
10539
3372
2750
6016
10530
7980
4632
5882
3174
519
4200
6093
1810
196
5081
1704
10499
655
6569
1727
1091
1573
1587
1302
4752
2112
1423
7329
8108
4001
10487
3750
8443
2001
7254
178
629
206
5249
472
69
75
309
79
1068
1186
6025
1686
8128
1901
5246
1258
1419
3238
7825
2138
1636
1251
1180
7847
1817
6085
4125
4002
5944
1904
2598
579
680
4130
2236
1399
3559
298
8197
1182
3572
1531
3191
2954
1913
1209
10628
1804
7815
1129
3451
6783
1542
384
1064
2275
2516
4777
6507
822
1002
5959
1476
54
3997
1530
3246
57
6705
224
1398
5220
678
2899
3970
1279
926
259
2233
304
1831
635
499
240
8469
456
1664
160
816
1447
10608
2376
2375
819
10607
8482
2651
2659
2928
1595
628
10582
1697
111
1924
2866
7207
4625
163
2841
4624
1145
3736
1434
580
6325
281
3725
1511
1477
7441
10601
3146
3464
2009
1208
197
2951
6359
7410
2965
1751
226
270
29
118
213
229
40
428
1200
2103
1392
6122
2089
4620
7078
5402
1650
1207
2726
6587
3826
452
9643
5390
2186
3274
2214
300
1964
1947
2997
2286
6599
1418
1618
6076
6077
547
2129
3213
3980
371
140
1146
9625
2731
5822
4607
3971
93
551
3574
6350
2780
8314
5257
6024
1840
9561
971
899
1237
6687
617
395
3857
812
2669
53
650
19
3260
117
446
9592
3302
8711
8757
6499
299
7384
2121
8083
6090
4011
9582
6589
9645
372
4024
7814
493
6271
193
2722
1578
1580
2018
2315
4282
1967
104
590
312
1516
4285
7323
6414
965
7201
1763
326
9714
7875
6323
6470
3978
4221
3633
6
9724
5826
234
8365
9662
9660
71
3675
3941
4290
735
313
3400
1690
2855
6463
3360
3383
6033
1646
598
271
1444
6852
2187
1375
2974
740
2264
3105
6976
4216
8615
1547
2800
6396
3011
1045
1098
1736
2462
1534
942
1433
4533
5747
2959
94
6515
4230
1657
2117
795
3131
65
6922
4132
459
2257
6963
8286
539
3374
6964
8233
6216
6217
1661
10817
4897
2030
6965
2260
2438
2447
4979
112
2947
2968
2387
402
3901
492
4528
2125
6351
7252
787
919
3649
415
1612
3869
5381
2818
558
5835
494
1604
2174
2310
6544
9412
4525
6773
9404
3268
1194
1374
3371
716
4523
1781
3974
3368
266
3210
3630
1413
1653
1512
195
1400
8330
283
2618
1718
4010
2950
859
2027
9514
106
1458
1213
2765
501
7284
7293
1596
4139
5333
2862
3663
2755
353
8309
3207
352
9550
2875
2920
1310
785
3300
5187
4980
64
3413
3497
910
7423
780
354
1599
532
6370
6207
2816
3
1411
183
528
204
22
46
30
3660
8600
1446
108
7791
9479
799
7789
2913
9477
7777
2350
9476
774
2396
538
343
7813
1868
589
7946
665
5853
6611
483
640
1416
4546
3346
3655
280
322
2073
9462
1435
1553
526
3876
9502
6646
3648
545
7969
7128
6334
9494
2824
249
9487
477
7864
1538
706
9738
8151
1394
6638
2889
4571
902
158
6987
3338
828
1
7
0
645
172
8060
1484
2638
468
5830
10013
3637
8768
2459
8253
1707
2957
6153
1225
1565
3421
1758
5362
1806
210
928
3153
9998
3163
5809
3614
4939
2191
2675
602
1561
1000
49
5008
272
6152
6447
8873
7336
8862
798
5035
1788
836
521
7428
1460
6494
1585
2206
796
3022
2320
2327
4568
329
3249
99
945
1281
7179
10833
3423
4967
4360
10834
4842
6127
8294
4355
8295
2380
10832
7050
8209
2739
3422
4882
1978
7180
10831
3099
316
3325
186
2918
1832
2348
9966
5945
9965
5112
225
2228
3407
3683
236
588
2046
1876
2982
1681
6899
8421
9960
47
443
1944
3396
1644
1558
9954
2126
1432
9953
7299
748
102
3180
4023
2815
4562
10096
3223
2412
3680
411
105
8146
1125
10082
1927
3612
3478
5322
1229
6095
330
2973
9
2207
8186
3679
1630
1191
3138
669
8780
708
8774
7408
1808
1102
6313
8072
4559
8045
1991
133
1875
3007
10100
5876
4085
1465
3529
4087
3269
5087
2506
624
1176
1555
1376
1711
2858
2397
3522
10032
6610
3200
750
4838
3129
2139
712
5800
4554
2245
43
3206
7506
4950
1462
10021
2758
177
8458
4074
525
709
7676
491
3904
4553
4070
6789
4077
3856
2725
3404
8584
8581
1588
8175
2746
3410
6272
8230
487
1559
1373
1839
23
3860
8683
5118
6410
8821
2371
5530
7667
3629
5534
4550
825
1556
5900
6827
10052
554
3541
10046
7761
5905
1510
3064
1230
6654
1730
2340
1361
2601
6619
4205
2454
890
3433
1845
2513
3059
288
4061
505
51
466
1153
7126
524
1982
9800
885
9799
3426
3481
1848
7175
1931
6590
1702
4233
393
1546
1665
9788
3495
964
9787
782
4278
4292
7377
7376
2946
1221
1979
8693
255
3658
9826
1566
9824
4371
2830
5184
4198
218
7325
1652
1877
2123
5539
9818
3306
2140
4276
2511
5983
2655
4287
4740
5209
5675
719
9745
3309
832
2034
5758
4049
6562
9740
1472
5766
3307
9762
1087
3503
6480
70
4005
1395
1789
7420
6451
6164
3215
2352
6226
230
1188
2802
421
1156
9779
2384
3425
480
1504
5864
3216
9774
1385
4918
3424
1799
3094
3273
6407
1879
1767
1787
8646
2217
2098
8244
2134
8769
8715
8741
3956
553
1715
6614
3848
3796
7272
4382
7521
3932
3256
2555
596
5967
5255
3840
1519
87
7762
2550
627
6138
2526
5943
4748
4379
5440
7452
2344
4019
1177
4108
1528
939
4091
1822
1684
5938
4101
9841
9840
251
5953
9836
490
7842
5955
4079
504
5489
2784
9854
289
6477
3734
4388
4791
5041
7991
9871
3545
2580
143
123
159
643
9869
80
8349
6661
2911
9868
5373
1115
3480
4100
4099
2679
5432
3928
9858
4012
5028
3578
7858
9859
2624
1013
55
319
161
279
7431
642
194
86
97
2
60
1083
9866
5371
5965
6896
4725
6328
3327
3528
790
1737
2210
331
56
467
231
7936
1910
3543
7867
3611
9838
4110
3597
666
4955
6314
3492
6696
9903
571
7639
687
349
4701
9907
327
1344
9916
9900
5884
340
1740
2948
3296
1478
2519
3770
2446
9775
2613
2165
3369
5678
1889
1339
9777
714
4729
3366
26
5867
1593
3788
7614
1929
2423
794
1210
1719
3950
4124
5875
1856
4177
888
440
9744
182
9747
9753
3691
6476
4710
3644
5914
8319
1410
1598
4080
5022
4161
932
5984
356
1001
1594
450
1667
6665
3280
1584
6920
6490
5652
2631
6473
10048
3150
904
514
10051
10053
10055
512
10056
2076
1497
2072
136
2178
389
2566
4296
7413
1171
1160
1605
296
582
7654
1862
454
10040
7673
1918
10037
3112
2721
3631
3218
8447
4078
5926
2975
4703
10030
2578
7451
1282
4705
4029
5861
3530
2374
10099
5877
10103
4990
610
2472
165
425
1501
8555
8024
4072
4963
3162
10074
394
4768
3395
306
2753
2083
608
4696
1214
527
1662
2061
4697
2235
1081
4026
1625
552
8647
4311
2527
1163
1872
1424
2594
867
8518
8505
8191
8109
4097
2106
1790
244
3926
660
1747
3697
2161
906
6792
8492
2056
250
2486
9925
7944
1093
6191
3109
2554
2299
1974
7888
3690
2099
777
632
1963
6481
5376
214
1138
1096
2399
797
1569
4717
2559
243
336
7953
3257
3696
3192
6627
7776
1396
3031
1770
2282
405
2892
3564
8753
4953
2444
600
6211
966
688
3154
3232
6558
1515
9981
7354
1796
1174
1870
3646
1449
9984
3501
8148
2759
1384
6677
2002
682
436
3647
2942
7382
6637
9481
641
6866
1888
3020
7196
9473
2322
6148
2205
5037
6003
157
1483
4334
3322
2501
3925
1858
2066
6868
5576
1880
1984
2488
6741
3634
1902
762
3277
4847
7306
35
2484
5097
630
4328
1015
5842
3379
91
8127
9511
6149
1238
173
9513
4144
2812
699
9516
9521
9523
9524
9460
9459
2832
9393
4715
9394
707
775
8744
1158
5206
6349
9411
920
5844
2939
1973
8063
8058
5841
5114
5810
2287
267
9380
2839
1846
365
409
9381
1500
9383
3066
605
2256
5848
5231
4131
1995
6418
6408
168
916
5316
767
4
1488
3225
1118
9452
1369
4828
1613
2890
3686
398
1897
110
2917
235
4670
2570
4672
1252
2906
5653
100
7786
5279
1492
5831
5609
745
7971
9657
8200
1092
5834
2596
9722
9736
1218
32
305
6146
92
103
1130
7973
6332
4734
137
388
1345
42
7371
1761
631
2787
5820
7824
6104
8155
7353
2896
4173
2334
2691
572
6369
2388
1729
6167
9558
9560
7360
3815
6397
800
2063
3299
2903
7367
8740
5144
1412
8726
4202
3026
625
517
7986
6503
242
1161
8020
871
1052
6635
6299
1939
107
5498
8134
3841
2060
5507
4357
5387
2441
5400
946
2769
7773
634
9612
6623
1438
6902
9613
1084
9614
3827
4718
8432
5979
3930
2592
176
10600
10602
2370
7392
3012
6227
3732
1133
7910
7906
4706
3591
434
7915
2921
6435
1642
5480
1494
7952
2557
2650
1807
3968
5058
3712
6520
4651
284
770
3459
5439
2390
3715
6081
7163
3698
4251
5357
3773
1706
1164
179
1415
1414
489
4248
7119
2569
10625
96
4126
2869
5154
7026
8271
2475
5165
8703
8698
10495
1981
5082
7770
10552
3702
1445
619
10564
2937
1950
3018
5340
2087
5339
3270
7994
2248
3027
4137
10533
1233
2183
8775
4351
2054
2888
3376
8771
4303
8721
2433
930
8732
1381
2935
3913
1852
1147
1073
2620
7490
8528
5743
7494
1226
207
2820
934
6828
4154
1080
10671
3186
4779
7501
3370
7115
10667
2005
1443
7448
6680
180
4250
8568
10716
5899
6955
4764
2760
37
3142
18
7141
900
1898
5755
7256
8905
749
8807
531
10760
406
2234
893
3202
6715
138
156
187
1517
10731
7107
6725
5932
2809
1074
7665
5555
2680
4158
4668
5545
973
370
2283
7335
82
6466
1760
5170
8694
2878
1065
7326
287
1054
10257
1034
3057
10262
7721
268
1616
1970
6632
2510
6595
1743
4122
2652
2324
2347
2255
811
10111
1941
189
4721
4722
3976
7206
2271
1928
7139
10125
2977
7135
6628
2626
587
1709
1805
4716
2656
7321
4262
27
10195
5918
636
7156
5934
6970
614
4193
2422
2672
10159
5527
3498
562
3821
3836
4665
332
10168
408
5588
8844
1610
4192
201
4261
3314
4270
7611
7612
4704
2712
3894
5895
1768
308
8308
10404
6201
10410
4683
3806
6951
2168
974
3613
7232
5722
4675
2413
2101
1935
3455
2211
149
6981
10455
1775
3569
10439
4231
4688
7162
10445
10446
891
3252
5085
10447
8387
3814
3351
2898
5972
2522
1201
2556
1602
4065
2881
1521
711
4880
917
2333
837
10333
4856
2325
6348
3113
2730
8569
1942
10300
3817
2927
3087
126
478
7483
1892
5449
10309
4267
6456
6616
10312
6310
6458
6504
8827
2308
310
1405
3365
10374
1571
2303
5195
5044
1095
1772
715
4220
3875
7204
2857
2696
1197
120
10352
1654
7153
2417
10353
6485
1456
2284
10357
5986
5411
3929
1568
3152
6133
1005
3359
3762
1143
1938
4760
5389
2882
2823
2439
7045
7663
4331
1943
7595
6532
6713
6406
3447
1215
5115
417
7566
1121
9178
3176
3537
2357
647
7734
7352
3760
657
7742
7662
413
2681
6737
3816
3279
3846
1480
3276
2265
1955
1972
1851
9342
4695
4690
2842
3709
8534
9313
616
2045
3858
169
7380
2230
829
5995
6574
3034
6881
5487
502
6333
7902
8094
6168
1951
135
52
1945
3888
9006
3933
4763
2201
2585
2883
3940
1474
3560
2007
6395
2710
8221
8608
2227
8604
626
131
3716
7443
6409
1003
2785
3380
3996
1408
2822
3517
2471
569
2144
9120
736
4093
4876
5325
9019
6756
5746
1907
1914
9346
7320
2425
1609
1242
9238
3046
5307
3084
8932
4766
7909
2463
5989
927
7774
5980
2055
6242
4391
8925
4236
6184
1386
861
3219
5947
1717
4862
8346
4273
1457
2369
8965
7469
474
444
6580
5042
1933
1829
473
4056
7302
6847
3042
9245
9185
7546
6229
2628
659
6331
1330
7510
1429
3993
7193
3785
4057
3233
5897
8106
2825
9031
3982
2469
9065
437
9011
1499
2584
6660
273
2646
9136
739
6657
757
2131
8885
8902
8685
6145
5214
8035
9104
9106
1756
1986
1786
412
4362
9091
5854
1733
1658
3002
6823
987
5047
6883
4263
2313
3323
1155
2742
533
921
7897
2242
1004
4795
7866
8126
3261
8390
208
2136
9135
6307
4822
2115
8995
3768
7223
5275
4730
9003
599
3774
1526
385
1853
1144
8234
2292
6491
6459
7311
7966
661
7905
1459
7881
830
3047
9052
1271
7268
6405
2482
4348
7305
1865
607
7834
5941
6005
9030
6878
4693
2777
2574
808
2768
1383
6652
8525
6625
2902
6421
1101
9291
9275
276
1508
6897
7477
9286
2114
544
7476
7503
6662
543
4698
3882
7464
2272
1340
2700
2834
3275
9345
9348
4083
3524
3119
5094
4929
257
9362
2934
9365
1633
9341
4653
9325
1057
7647
1038
5564
9330
5992
2113
294
9336
1406
7743
9217
4848
2586
2761
508
8871
3320
3534
5146
9203
9211
7116
7713
7716
1139
3293
1454
9174
3290
8335
2157
728
4923
5893
3363
4724
1564
376
5911
1741
4036
8408
2970
2392
7624
7222
793
6509
366
8285
2104
1837
4681
4691
3776
4958
4330
1988
3157
4017
170
8921
7487
8005
2828
5484
2364
2489
541
5958
3765
1076
1426
1442
192
8942
4709
5395
8939
7041
1192
1820
7269
6759
3164
403
7250
697
10361
2276
7066
2118
6851
1757
5173
8802
4226
147
171
7319
8909
1167
4776
6443
4346
557
4105
8406
10350
3251
4937
1012
3056
6649
464
460
3083
3108
3973
6166
3701
3707
6821
1632
903
59
2381
78
254
8797
1956
3096
4660
7309
119
6543
766
3931
3001
151
10311
8011
2840
1086
2709
6998
536
1112
4095
248
5103
4094
4654
2707
3353
8537
570
1334
3088
1557
3086
3898
2497
3792
4033
262
6969
3101
2328
10299
2496
10297
7459
1742
5441
601
401
10338
3556
10337
7294
7297
1040
2238
6838
5942
4241
2773
127
2323
8220
8628
1063
6438
7185
1066
8795
1873
2025
4062
6857
4868
5076
4793
4234
2443
2226
2225
7259
4280
6136
2122
8659
458
3802
4058
2252
6308
3253
1920
2281
8310
1930
2297
817
233
6049
5338
346
1731
5896
1198
10478
10474
5032
10471
45
1247
3177
2770
7587
4707
2757
7582
4249
2658
6984
3803
10463
10462
364
542
1141
1240
1168
4758
2150
1421
1142
4000
4687
2964
2102
10403
7209
337
2734
2262
4028
10397
3452
2379
5676
5091
6057
1050
5706
4167
10425
2311
3609
2567
4674
3942
7617
3418
8397
10423
5872
3033
2278
5794
10419
1659
4989
10417
4644
6809
4185
342
10413
7433
6842
10175
6066
7098
3977
2654
1518
6144
8799
7537
7536
2143
10171
3509
1745
978
7197
2877
6462
101
3145
2931
2716
4659
609
1878
3259
2715
212
2147
4181
3417
5930
6449
397
24
6875
2110
7524
8165
8833
2243
216
1783
4906
6215
3829
2518
7518
6663
653
2727
815
355
1495
5901
7189
7164
5904
2358
781
6641
4781
10186
8376
2952
10182
8894
1523
1660
7143
6604
2361
2837
1122
5054
3995
2887
1377
3196
6028
3722
876
8665
3009
2078
1600
167
7556
2622
824
968
2774
1844
2111
7369
10132
10153
846
6195
2135
7357
4343
3079
3434
3708
7036
5023
7187
8787
3967
10138
3045
2603
7722
2109
3263
944
10282
6670
6119
6634
8591
2108
4966
1166
1216
6579
2891
3738
6675
10255
2152
2677
5050
7024
7765
2690
5636
4858
223
7313
1203
486
4150
7760
1513
10287
7759
10276
3468
10275
3120
7753
8180
1649
4322
10222
1780
8878
7331
5153
7427
4669
10210
2851
2610
3091
7391
1577
7703
1245
3278
10223
3963
407
4666
3221
7666
3124
2963
1468
1791
3918
3030
2611
7664
10242
3772
3775
7658
7656
7653
10231
7651
2505
481
10230
4138
7650
6375
7649
7646
8473
2086
4361
1249
6701
3867
6882
4671
6722
260
983
1591
3751
3922
4142
10735
6718
6788
7692
1293
1562
4645
8911
10658
1529
1048
4145
8431
6525
10717
1890
1372
2893
1088
3954
10695
1503
2480
3187
10689
6302
4641
10704
2247
7455
4655
3199
4313
1980
3820
2674
6202
7054
761
2673
1746
1961
8559
5702
7496
3208
1228
6423
1482
5874
10665
7460
1607
5693
3414
6300
3548
6379
4883
2619
10683
2754
7509
62
2024
392
994
997
2640
784
6607
722
10722
10723
10763
5738
1830
2699
3585
3182
2258
6835
710
4685
575
510
3905
5166
7300
3911
804
6208
2116
6173
2222
2280
1185
4307
3415
10749
6717
4648
1922
7278
5284
672
8281
256
5152
3403
548
8051
6814
6457
1946
1726
3479
506
1404
2426
3830
1126
2199
2088
8778
387
789
2865
3532
998
5098
4970
3832
6933
10542
5886
10562
2175
8782
237
435
2198
10551
4686
5323
6199
6592
4342
3916
109
7446
6007
3474
2901
2035
6636
6679
10497
10496
1622
3262
5978
2634
10491
2359
7097
6858
2643
2028
246
3917
8102
10518
10516
5251
10515
6719
5250
3377
912
238
5068
3554
7065
818
8903
5261
1212
10554
8420
7848
6761
1479
10626
1834
1716
4301
1670
5458
662
5968
8217
2291
1439
10616
4646
4839
7123
7288
1579
1428
3567
4223
7296
933
3873
10611
4647
3944
3229
3575
10610
3181
3241
560
307
3170
379
4650
7793
7795
791
5443
703
10645
1231
7804
1336
5452
1925
1140
4832
8498
1905
4657
3075
10636
10635
3247
7938
10634
1753
7039
7932
7290
2296
1425
7295
3553
7053
8296
1149
10791
6139
7445
6362
751
6361
695
7914
2180
638
2094
10575
10573
2694
10572
4708
2993
8786
1172
2926
7181
3583
10570
4936
6870
1721
2456
219
5939
5223
6815
3893
10588
3488
3728
747
6311
4711
7960
813
1470
3778
10599
8462
758
8461
10596
509
10594
4860
3610
1998
6808
1597
4714
8889
7238
361
7347
4043
2468
7343
1090
482
383
7023
1021
451
1422
923
10795
1540
6939
8181
2641
9609
6169
2907
4723
9606
2817
4720
3952
3845
4813
3850
3069
8012
3448
4770
3450
5006
3863
380
3110
3352
3844
3466
4964
9640
9639
8121
6586
1855
9631
1777
1778
6419
2065
2474
6392
9630
8099
9628
847
5453
3794
1006
447
5105
8000
9624
1097
9600
2956
7984
3938
1921
3864
2729
2213
530
5142
2377
6612
6912
8540
4170
771
6131
8070
1589
1812
668
2192
9569
5254
1957
3456
1532
9564
2453
1764
1759
4275
2090
7359
1893
2465
1402
1391
4174
5825
462
3999
6446
2876
8025
4272
2617
9597
3801
9593
5342
9590
5850
2062
597
3311
8762
6960
5141
7976
7837
1795
2298
5808
7133
9580
3619
1507
9579
9598
2560
5836
1603
9710
7818
6596
8352
9707
1766
2395
7927
7008
7010
1554
8343
3048
9700
6640
6161
7908
2512
3921
7220
3384
3330
5811
5580
6602
3130
574
6620
2300
6618
9716
3103
9691
4727
9667
2405
563
3411
3984
6402
3536
5837
7962
6441
1550
9658
461
3331
1234
9653
142
9649
845
6833
8353
1104
5627
4164
5178
4851
8818
8815
7395
1222
5190
1380
6489
8910
6484
6482
323
8413
6389
2661
2706
6225
129
2301
2004
8380
3242
1105
7407
7405
8884
88
5812
6728
4867
5771
4642
4187
2367
3067
976
2912
6337
8091
2155
9451
9450
9449
8163
5745
3222
4684
5303
4678
9444
2151
1948
6512
2451
8078
1896
4682
5337
9436
1801
8290
2154
3601
3340
8119
3562
5827
5856
1043
5833
9388
5845
6780
8009
3587
922
8016
419
8019
7218
1378
3641
1103
1953
8324
835
2810
5499
803
6203
9377
2627
9376
1017
7988
8333
9373
7999
8028
3041
414
879
4664
6572
3650
50
9391
8073
8075
90
9392
646
4783
2031
1089
9408
5413
5860
6344
8040
9397
3106
2353
3387
4306
1792
8031
604
5036
1397
6764
1809
1621
3060
3137
2743
1900
2873
3870
8064
2645
2978
5491
3563
5494
5858
7992
1750
3061
1647
2799
3527
700
9520
9517
334
3214
3127
2491
9515
2971
5461
8013
1304
2349
301
5064
3682
936
4141
2077
4700
8150
1643
4987
7286
9509
3692
5821
5813
9528
4680
1223
1952
1313
3211
4677
6702
8416
1535
423
8141
3098
1473
1962
5846
6549
9549
9551
6547
9538
9536
426
9535
6726
9531
1637
2019
4018
2490
4667
2197
5548
2981
6864
1159
5815
8606
6394
2852
7183
2393
694
1619
4719
9475
2021
295
8370
1572
2389
4353
5819
9467
7920
9464
7084
3654
7919
5029
2686
769
9483
4649
2548
9503
7896
9501
2653
9498
6905
6571
1814
9989
2185
6556
3287
3345
2962
1190
2408
1046
2960
1463
856
7386
4246
9986
6524
2705
1079
3865
1124
2017
9983
3645
1687
3983
10
5059
4769
1220
754
3897
4702
656
6157
8737
4257
986
3544
4252
8734
9971
9991
9993
10011
10010
10009
10008
10005
814
1583
10004
6944
8079
4712
6664
152
2182
1843
2793
3224
2698
6689
7830
7315
5134
217
2563
4169
1635
2319
2562
3879
2561
3665
6601
1934
5975
8450
3694
4228
6600
7935
2499
6840
3254
5419
3391
684
5034
9940
8590
2097
2692
2558
6848
9939
1983
4803
1611
1592
3025
8464
1705
6190
7418
7007
4771
7011
4662
3004
518
2979
1461
269
81
3442
6743
9931
2551
3943
4761
4658
1821
3953
9929
6502
3089
5502
5476
6425
58
125
6298
4931
2372
9946
7283
911
8437
9947
1241
5470
3991
7138
1869
5946
6221
6345
9963
9962
6772
3871
2915
6340
3969
3053
1157
5981
1752
5970
3681
2317
463
3167
1692
3470
191
9948
4823
3258
442
10016
2119
1184
1836
4924
4318
1409
7009
2003
4111
8558
10077
2085
7167
10075
1368
6594
2022
2737
3961
1358
10071
5347
2590
1859
2074
357
6424
7983
10068
4006
7997
4676
6803
10084
6746
8545
5313
350
3036
5221
5994
6952
7387
2402
2208
3599
1173
792
1776
6135
786
8729
10098
3080
4086
2821
2885
7419
6829
6819
727
4875
5987
2794
10063
10062
10035
2995
990
3669
4245
7190
10033
1985
5982
2173
3085
10029
3107
6853
2792
222
7502
1347
2365
2565
7069
7449
1640
7499
5799
6404
1471
2986
1539
7470
6342
7675
1448
7678
7679
6954
2142
5927
4071
6890
6204
6791
2988
2366
6301
3623
2582
10018
523
10039
7291
3354
7696
7216
5928
2701
7702
3512
7083
3628
583
3588
4254
6568
4656
10896
6399
2362
2767
252
6731
5121
8852
318
6566
2091
3919
3508
7240
7705
7768
7085
717
6843
1296
905
726
3155
1867
2880
5902
1932
4089
7751
6151
2464
5595
3135
6320
535
10045
1623
925
5051
6681
9924
5670
89
8551
6645
6478
3076
2267
1131
9803
3627
1739
4861
5635
2058
7711
3429
1455
6673
73
7719
9798
2632
3144
6496
6222
3622
9797
9796
5615
4726
410
3165
6804
5625
396
9792
3975
7545
2437
4295
7551
6938
7560
2629
2514
5019
5912
2856
9808
7565
4801
9827
3050
5666
5910
7569
4981
4309
8629
3603
7022
671
6327
7169
1393
4913
5649
8630
2008
8621
9821
9820
7541
9817
7529
4663
9814
9812
3809
9811
9810
9809
9806
9760
9757
9755
3946
7538
4933
2145
9748
8402
1075
1357
940
2714
1181
7576
4643
9741
5788
9782
4673
8412
2355
263
4689
972
6387
7622
6416
5179
5200
1058
9780
2424
5191
1351
1552
3095
4699
2867
3190
1674
5092
866
743
6367
4902
3851
9776
1724
1680
4692
670
9773
6724
7301
5892
7579
2717
9767
6962
4679
8695
7303
6244
7157
5335
2752
7600
2411
1522
2485
7601
9899
4993
1958
7604
7583
8322
3793
9918
1881
4162
4694
6358
9913
9912
6862
9921
6961
9908
1694
9906
3489
3852
3301
870
1464
6683
9904
1227
1714
5985
1353
1283
2057
8267
6415
8811
1894
9848
6521
9847
2573
4640
4652
3125
4022
7507
2667
2193
5451
4932
9839
2273
2976
9837
8086
2495
1912
1113
4356
3753
4799
4661
2732
4237
3117
2664
10792
4003
1364
9874
9873
7890
7972
4986
4027
6830
8872
5964
2064
7810
6684
285
1785
1496
874
476
9870
8007
8138
1420
7884
6180
4713
2791
9867
1712
1754
9861
5427
1291
2240
4849
2790
2049
4279
8682
2826
7005
8139
6210
9855
7771
9367
2095
8069
637
8201
4815
7263
8756
3884
1506
7239
9856
2740
9857
114
773
7440
3962
4048
1826
2625
9860
6807
8794
36
3230
4380
9862
9863
9864
5423
9865
5952
211
3994
2093
8185
5960
6460
4375
593
2181
121
4971
7965
1178
7125
1608
2500
7856
765
3324
826
3469
382
3743
1698
8029
2336
1451
4366
7118
8159
2216
4370
2623
3204
9872
3723
2702
7436
2006
4338
4336
6841
1797
5382
2445
3349
663
4378
7883
7886
9853
7891
8593
9851
2418
2682
1548
9832
3065
6386
7257
9833
886
4073
698
1348
5479
6189
9834
9835
5031
3496
914
6154
7373
8663
6235
2932
3475
3502
2458
993
359
9842
4965
591
2026
6467
4947
9843
1823
2457
315
9844
6787
9845
1243
8674
4350
2332
9846
7166
2789
7682
3584
4369
2549
982
9849
788
7093
6918
9850
9852
5948
4995
6223
144
9875
3902
6877
759
9876
9877
9901
63
9902
3318
10885
4765
6426
612
10884
1732
1078
10883
10882
1329
3550
7318
3111
6537
7717
3316
4298
5061
1833
9905
3909
3570
802
5969
3240
948
9909
9911
3183
368
3936
6384
7542
5197
6972
8594
3810
3812
1453
9914
8907
8812
1769
5089
7056
2224
9915
4374
7580
9917
4182
5234
6021
2778
3505
7586
7589
6799
9919
9920
1688
2184
2766
1842
5998
3344
3885
2955
3934
164
7599
7160
8588
3188
2188
9898
9897
5349
9878
9879
9880
9881
9882
9883
9884
6888
9885
1055
9886
9887
9888
9889
9890
9891
9892
9893
9894
9895
9896
6796
9831
9830
3014
9829
6309
9783
4121
9763
4389
4812
9764
6786
4345
9765
9766
3265
6781
3271
833
4383
7581
8225
5718
9768
9769
6305
6721
4387
404
4810
4316
6517
8650
8651
8670
2494
1581
9770
7608
7637
9771
6040
7635
7634
9772
5172
1072
6548
4368
5083
854
5863
2218
1813
2000
4364
439
2847
2503
2798
8689
7029
8686
4315
4743
6904
4147
9778
4385
1575
6738
3598
2269
7625
1818
1481
2801
9781
7426
1748
3491
6727
6027
4377
2023
6448
1154
4376
4926
2237
8864
3526
2733
7411
8867
66
2639
1023
4014
1489
1738
5873
5805
9761
9759
3713
7089
763
6383
1666
6142
8896
7044
5175
2105
2711
555
4188
5109
2383
1926
9742
7575
9743
3616
227
9746
2786
3819
6461
5887
3173
2249
9749
9750
5095
9751
949
9752
3284
7540
9754
2581
6248
7539
2781
2069
3308
6000
6322
5924
6252
9756
7535
4289
8823
5216
6062
9758
457
9784
4390
9785
362
2649
2720
3303
6417
7332
873
6475
9813
2908
4363
2014
9815
9816
8206
3104
5531
2036
1108
5931
6584
9819
2836
5552
3132
4381
7344
2657
5205
7330
8840
6471
1170
8854
8631
8633
8625
8627
8626
8624
8623
8632
9822
4386
9823
3557
6686
4365
5641
6206
7514
7513
3195
8339
3266
4352
7526
649
6031
2684
7572
6268
7227
5185
1959
2037
2261
4949
2615
8866
6583
2607
427
559
9825
1849
6622
8678
4040
2059
4225
954
4985
3596
5633
943
4367
7113
1606
7122
1475
9828
2107
6511
7559
9807
685
4373
9805
9786
753
2204
963
9789
5616
496
9790
9791
2517
3013
9793
5619
9794
8323
8317
692
4384
3139
7730
9795
2164
3055
7728
5630
5631
3671
7727
3621
1601
7040
6648
3914
4372
4210
1151
3291
6557
2163
9801
7442
5606
3189
578
3699
9802
2427
8418
4514
6209
6295
3606
2043
1128
2846
5908
9804
9910
7136
5661
2159
2430
2509
1354
7338
3071
5907
9922
2166
2685
2621
4866
9923
4835
620
3171
10041
4827
4392
4744
8653
8648
10042
10043
4548
320
8699
8704
8680
3435
10044
3540
4283
4821
6468
737
4978
2897
5040
2330
10047
4235
10049
6442
3237
10050
7752
2688
3981
4549
7749
1379
7748
4046
7747
10054
5048
8892
8899
2520
3915
1390
3159
2203
7019
2158
3990
8596
10057
3624
5521
10058
3193
7310
1850
3510
5161
7668
1217
2084
2290
8846
7237
4784
3006
7104
4102
2745
8467
8858
8839
5581
20
7661
7659
7432
2909
4551
851
348
7652
10059
3877
7077
2363
8583
1224
1954
621
8829
6553
7655
4552
5113
5108
1923
805
4103
2149
3092
3960
7701
6303
1127
1794
10060
2958
529
6802
4841
202
2966
3592
8803
6134
1206
5772
2200
7691
4068
5099
8490
6165
1502
5102
7687
3217
10019
7199
721
5785
10020
7685
2936
7142
7684
7683
2783
8886
8425
7117
6381
1466
2738
293
772
1722
2075
2221
7267
8785
8681
8679
2756
801
3102
7472
10022
6385
4339
311
10023
654
909
430
733
7049
8442
7447
4928
4555
10024
3664
2575
7505
10025
10026
7480
10027
10028
5748
2576
3667
7478
2844
5696
6156
8912
6013
2120
7178
7444
8289
10893
6264
10894
6422
6400
7051
2215
875
6265
8174
6263
2736
10031
10652
2999
7463
881
1720
10034
7493
2994
10036
6290
6084
7497
6633
10038
8549
10061
8212
3670
7489
3419
4556
7482
10087
4211
7214
7334
10088
5080
5079
2579
5869
3672
10089
6086
7485
10090
3039
8773
2012
1586
10091
10092
5090
10093
10094
10095
10097
10107
5728
2040
2507
644
8172
4557
1749
4082
729
6760
10101
10102
3531
3321
5101
5725
10104
7454
4558
4820
4208
5878
3866
2416
495
8039
6753
4909
10105
6776
8541
399
5937
5021
7155
8050
4942
3673
10106
6714
8074
10086
511
4560
10085
4076
3292
10083
1349
3440
5889
1816
6103
1624
10064
10065
3184
8550
10066
4561
4946
7996
10067
4944
4075
6488
7990
1387
7055
1762
10069
3676
3362
1866
8023
2813
10070
5885
5074
7226
2805
10072
6629
1678
6355
10073
1117
4016
7205
6285
7033
1123
367
2923
3892
4090
5326
2678
8133
10076
8557
1997
10078
3378
8158
10079
10080
6695
10081
5936
4982
2289
2079
6324
10798
2124
10017
606
1989
3358
1676
8669
4905
5974
360
3394
10003
5226
8565
1179
4796
7096
5276
2467
1773
8506
8105
9949
3357
3547
3389
9950
5260
5976
9951
2478
3966
4563
4893
9952
8446
8147
241
8154
1863
9955
9956
9957
9958
9959
6444
1968
2827
6771
7831
2476
2015
6023
8599
10793
7833
5245
9961
7307
8424
1533
83
872
3245
8246
8887
1669
9964
1360
2254
938
5463
7854
4564
1576
2922
8877
8874
2863
4747
5107
2400
1857
8901
2671
9967
4836
2843
9944
1359
4264
2409
8810
4224
7021
4096
7809
6785
2838
145
4268
5450
6782
6779
10837
7052
3607
1677
10836
6188
4968
9926
6012
674
6945
6436
113
7801
9927
9928
4565
1886
8497
471
4566
9930
8499
6712
690
8847
1854
868
3688
1389
4859
2552
8851
8859
5128
7304
8470
9932
3939
2553
8476
5962
7894
2223
1294
9933
5492
4567
8834
1148
5024
8480
1219
2665
2212
3082
3037
7422
6953
9934
9935
7900
9936
2693
8597
6855
5388
8465
883
4288
9937
3248
9938
3028
7912
2148
7918
985
1018
1306
7885
3250
840
1560
3072
8804
7438
6940
5367
5368
2067
3381
3463
4204
8805
2470
8486
8595
10844
8237
10843
7194
4113
6239
2859
1570
7931
9941
3178
7333
1025
8423
9942
9943
594
6570
931
7001
9945
7817
4045
2146
3695
3666
1765
4013
4569
9968
1860
8898
8673
8702
7859
864
844
9969
6598
9970
3194
9994
9995
3437
5789
9996
1235
1071
9997
951
9999
5428
10000
3364
10001
992
8661
2568
6650
1864
6160
10002
6653
6655
5839
5384
2029
1067
7130
6412
215
3439
2597
10014
3635
10006
878
6973
8516
6682
2461
8513
10007
3148
5843
8170
5473
4570
8002
400
2788
7989
10012
6522
731
3638
9992
3639
9990
3326
9972
3640
1152
8044
6605
9973
1663
7112
3315
9974
1027
1232
3643
6560
2481
9975
9976
7993
3156
7356
9977
2961
6630
9978
9979
9980
3398
1452
4572
9982
8643
3329
3128
2630
9985
1819
6437
6891
10794
6887
5318
5295
4265
9987
4135
9988
2635
2910
4573
4574
4888
9739
339
2038
639
9737
7844
9552
6913
1431
9485
9486
1628
5721
5717
1629
5715
5730
7871
6910
7202
6255
10838
10840
10839
9488
9489
9490
9491
9492
9493
5075
6335
2407
5163
713
6644
4547
6020
9495
9496
7006
324
2293
369
9497
1031
3910
9499
9500
3471
2871
702
2609
4960
6672
6373
7903
4775
9484
302
7836
5824
5568
9504
2660
7907
4195
4878
7174
5057
8363
2460
9463
3295
5582
4575
1728
3656
2406
9465
7882
9466
1150
6130
860
5823
7893
6869
3388
9468
4544
8369
7898
4517
8373
9469
4117
7368
8848
7388
6886
5020
8355
9470
9471
4811
1120
7939
7101
9472
4518
7099
2051
6834
6836
6837
5818
9474
2602
3525
7811
7812
2047
1966
1290
3313
7778
8808
3907
6914
3264
2900
261
2391
9478
4020
1774
887
9480
742
2241
6329
1673
918
9482
9505
1049
2010
9506
3662
7863
7242
3632
1537
7865
2987
5852
2861
8882
9507
3600
3121
5106
7832
6730
9532
6065
5573
9533
4997
7075
9534
1940
6941
3454
2132
9537
4759
4519
9539
4520
9541
4323
4925
5849
2033
9542
9543
9544
1895
9545
9546
9547
6909
9548
4358
2016
2992
2919
8706
2153
8705
658
2670
2052
7285
2944
6293
8110
7030
2473
8113
5215
2985
995
345
1014
9530
9529
2041
7068
5851
9527
8082
8090
1567
7273
8652
3573
4521
9508
5855
1370
9510
2338
4324
2616
3175
4140
2092
8161
3687
3141
2803
6752
6247
9512
3486
8004
4143
1965
5213
2070
6539
4333
6254
2156
1268
5110
8021
3677
7274
5472
9518
9519
2644
4314
8326
9522
4522
292
9525
9526
2020
6798
981
9461
1779
2782
2477
2924
8746
7037
1631
7287
184
9413
5392
2989
4975
2044
3642
3657
7161
6766
4155
3272
9395
4938
8032
2870
9396
4524
9398
6347
9399
3661
5407
9400
9401
470
5412
7168
7173
9402
8312
6861
9403
3659
1563
2850
6218
8311
9405
9406
8041
9407
5026
2431
1524
9409
7266
5414
9410
3017
3016
6018
5009
3073
3653
3652
3651
8303
696
4039
3294
1069
8071
1041
852
5817
429
9389
8211
4907
9370
8728
5996
203
1204
7032
2428
584
6243
4337
6538
7289
8278
9371
6763
4526
3889
9372
2708
4118
4344
5511
8331
9374
4527
6901
7114
9375
3409
8228
7188
10835
1543
2068
8764
200
2386
7124
4008
8329
5495
8328
1109
4754
4007
9378
9379
2735
7212
6576
2741
3605
7244
9382
3514
6251
8758
8759
6001
8761
3231
8018
2776
1320
6784
857
3021
7110
2177
9384
4948
5069
3636
858
4294
3149
9385
9386
6306
8140
9387
1755
550
6380
8142
1703
5268
2339
5066
3038
9390
4749
648
4529
9414
4260
2345
3228
8300
7086
4128
4530
8095
5078
8644
3965
2274
9415
1641
8080
3336
5832
4531
8096
4157
8097
9439
9440
9441
438
2263
6296
9442
6048
3561
5289
9443
7091
6706
2941
2564
2189
3035
1467
9445
6704
6703
4807
2190
4532
9446
4159
2728
9447
6205
4901
4941
9448
3399
2082
3494
8084
2452
8087
3693
9453
9454
4183
9455
898
6747
9456
6353
9457
4800
9438
5692
2455
7265
9458
9437
5829
9435
2515
9416
9417
6498
9418
9419
9420
2378
9421
9422
9423
4927
8384
9424
9425
2127
7843
6734
6450
4534
9426
3689
5563
5561
7977
9427
1388
9428
7829
9429
7827
6750
2916
9430
8381
7868
9431
9432
4184
3887
3685
9433
5577
3684
6363
7079
9434
5532
7072
5523
3477
3003
7082
9540
9553
9725
3549
8883
7047
8881
9554
9670
6880
4935
4733
7850
9671
3310
9672
961
7821
7820
3226
7807
1838
6037
4180
7790
9673
6873
4178
9674
5574
6876
2032
9675
2697
2668
5650
9676
4873
4190
8411
3147
6856
9677
8641
5639
7780
9678
9679
9680
9681
9682
9683
9684
9685
2394
10845
10851
4996
10850
10849
10848
2835
10853
4207
10852
10846
10847
686
6428
3444
5607
9686
6844
9687
150
8399
7797
7846
9688
3878
9669
3989
7094
7873
8184
8356
7947
5727
7945
9689
2744
7940
1975
7429
6563
9668
9666
1917
9647
9648
2304
2648
6116
9650
6824
8618
8636
9651
6816
9652
1996
4819
9654
9655
9656
4535
3678
6177
4536
7970
5840
9659
8340
693
585
5049
9661
7975
7964
6318
3305
4537
6440
1525
8374
3674
6863
2848
9663
9664
9665
2868
2864
4898
6124
2583
9690
5540
4538
9692
2719
9717
9718
9719
6315
1312
7215
3602
9720
592
9721
3668
7880
9723
7878
2346
7877
9726
5525
275
3617
7911
7076
6237
1811
9727
1784
4639
7328
2354
5027
4780
7917
7217
9728
7913
8360
9729
3620
479
3626
9730
9731
9732
5674
9733
10813
10807
8214
8336
3203
5111
4243
5857
5769
9734
9735
880
9715
689
9713
6924
488
7879
9712
9693
6943
9694
9695
9696
7925
5797
9697
116
7020
3166
9698
5072
4757
7150
8357
9699
4855
1969
2713
3458
8342
9701
3044
4299
581
1899
9702
4957
5816
3239
7928
5814
3077
9703
9704
9705
4539
7930
9706
5703
2980
5847
441
7874
1029
7872
4171
9708
7799
7120
9709
220
3586
738
9711
8407
7775
9646
7779
3625
1246
4741
8173
827
4540
9644
4172
6936
4756
8675
9578
3382
4541
9581
5731
7374
8708
3520
7860
1682
2633
2874
5013
5301
9583
2614
6245
522
5302
1626
5997
2984
6091
9584
9585
6647
9586
3618
8120
4798
8092
6092
4176
8117
6147
896
8085
5296
8226
9587
9588
424
6501
5136
1094
8712
4021
9589
3908
4114
497
2853
4271
4854
839
1486
9591
8160
2232
3347
4746
8749
8765
8766
7389
6535
9594
5093
6617
8130
9595
9596
4943
4809
9577
4542
8315
5351
7043
8015
4543
9576
5354
9574
4175
6527
2244
9555
6391
1278
9556
9557
6261
7981
3808
2849
4545
1919
9559
6659
3438
1668
6101
1527
9562
1841
9563
3895
8059
3799
4785
1350
6674
566
6398
8062
9565
5158
3304
7365
8730
3551
9566
9567
9568
8037
7236
8745
6999
4281
8731
8049
8620
8622
9570
9571
959
1802
6249
7165
9572
8043
2571
9573
8742
8719
850
6505
7355
8068
5277
6898
5228
1815
3168
7351
4577
8192
9575
6606
732
8543
3235
8057
8056
8055
4578
8546
4610
9599
1401
5859
6518
3787
9621
3074
166
7979
3054
2905
3986
5469
8637
1971
3998
4753
9626
3133
4286
3795
8014
1891
6639
9627
8510
4611
9629
3487
6516
6540
2305
3483
4166
5501
2577
6022
2504
5503
4612
546
4613
8123
1292
1260
9632
9633
9634
8579
5490
9635
8145
8144
9636
7241
7131
9637
2929
9638
865
6685
4614
8560
8552
8115
4615
3116
6118
8118
4616
2421
6651
9641
9642
6178
7324
9623
3906
1169
10109
8153
9620
5421
9601
4910
4165
9602
8561
5398
8136
9603
4617
9604
9605
3949
2940
5126
2432
5127
5130
4864
4618
7158
9607
8242
3472
2229
6469
9608
8691
5132
2141
4619
8507
9610
7783
4638
741
7235
8454
4203
1683
9611
6074
7346
3837
3955
3126
3408
2589
3361
7794
855
3431
6316
3985
5405
5971
9615
9616
7816
9617
9618
7819
9619
3988
10015
5431
5430
10108
7798
6854
10243
3476
8888
1427
3234
10110
6573
3959
5426
10589
10590
4969
8891
7933
2294
6846
6465
5039
1111
5422
3833
2591
10591
10592
6472
3504
10593
5396
8435
5159
7435
996
2202
247
10595
420
10597
4621
10598
3443
6831
4179
3777
5002
1165
4160
894
4622
513
4837
5369
7430
1333
2593
10603
10604
7926
7950
5169
5365
7895
10605
7887
4196
1590
10606
3958
10587
3063
4623
3731
7088
3058
10585
8820
5361
10568
3582
10569
2429
7923
8801
7403
3733
10571
291
4189
3735
8077
8798
6971
4284
3490
5393
10574
8504
3719
2219
4626
10576
8853
5157
2440
2718
3220
7916
6121
10577
10578
6865
8468
5394
1010
6885
2662
10579
7224
3090
10580
7921
7922
10581
5961
1277
4988
6445
8266
6975
10583
4865
2259
10584
8179
8178
4984
10873
10878
10877
10876
10875
10868
10874
10870
10867
10858
10869
6219
10872
10871
10857
10856
10866
10854
10865
10855
10859
4999
10860
10861
10862
10863
10864
2450
10808
10810
720
1007
7073
8824
10586
8282
8841
5131
2647
664
6427
6723
6545
2295
10609
3244
6710
838
8857
10631
1450
7292
4843
7106
5481
2071
7002
2703
7951
1634
5485
2162
7929
4627
10632
6708
5496
3947
7934
7276
10633
2270
3703
3024
10887
8638
10886
6230
3920
10803
10796
3029
4186
10637
7261
5071
3566
4258
701
10638
10640
6716
8598
1574
10649
8215
4736
6991
4778
6500
6275
7280
10641
10642
7803
10643
1047
5455
10644
3874
2845
4977
1193
5448
7805
4628
1284
2751
10646
10647
5447
6934
5454
10648
325
5444
8819
10630
7270
1335
10629
2130
3401
3714
2930
95
8241
10627
5100
8489
3197
3717
7782
991
1693
3891
3420
3761
7785
7787
3134
1909
4266
8247
6795
10612
2356
4133
5104
10613
10614
7822
10615
3855
5468
1638
10617
10618
7853
5464
10619
10620
10621
1906
6778
1514
6777
1009
10622
8893
6533
8890
4041
10623
3758
10624
5475
2600
3896
10567
1352
7127
7869
10639
7186
705
7210
2763
4892
4959
897
5239
4973
1319
10566
6176
5274
7828
3590
1318
10504
5270
10505
10506
5264
7845
6957
5263
6948
3581
5258
6393
3741
6698
10507
7841
3742
10508
8635
6765
10509
10510
809
2013
3412
8272
947
10511
4038
8229
4629
1884
2599
10512
7213
4213
7067
6720
4123
7247
7027
10513
10514
3513
3745
3402
8112
5940
10517
6258
1286
3746
8104
386
6889
5262
2637
7437
5265
10519
5267
8235
6452
10520
10503
6867
3756
3749
10521
821
10502
6860
4120
4904
8291
6935
10500
10483
8293
10484
10485
4119
10486
622
10488
10489
6992
5244
10490
4630
10492
6102
8093
1771
979
10493
10494
2804
4631
683
8667
5124
8277
2636
4341
10498
1545
3499
2137
778
2854
6613
10501
3747
1992
8152
10880
4227
10881
10879
8213
8634
5014
7148
10522
10523
3890
2434
6892
3595
8132
1908
10524
6597
10546
10547
10548
3436
10549
5320
10550
3704
1026
8076
8026
3375
7034
10553
8006
5088
6430
10555
611
1710
10556
10557
8660
7229
10558
10559
10651
8576
10561
3729
3015
10563
10545
8575
8189
6097
10544
3724
8577
5888
6098
1082
6642
10543
6185
4146
6555
4633
10525
4917
3831
10526
10527
4634
10528
3062
10529
4635
4636
8519
2747
344
10531
7995
10532
4945
6107
4609
5293
8001
10534
3484
10535
3397
4637
4317
573
6492
704
10536
7412
8276
7415
10816
8288
8287
1135
3114
10537
8515
5286
10538
391
8065
10540
4608
5890
5281
10541
1544
6105
4579
6292
7281
6514
6711
4580
5298
10565
5315
3473
1887
10650
7191
10745
8052
5891
10747
5308
6794
2605
7132
8202
8539
10756
10751
10753
10740
10730
10724
10725
10726
10733
10734
10736
8048
8530
9368
1024
10737
5517
10758
8531
5516
7048
10757
1022
2819
10771
5720
8736
515
6356
8739
10759
8196
667
10777
10778
5716
10779
7492
1266
10780
823
10783
1011
10782
6958
3332
7177
4581
540
3571
3868
6289
3460
8199
10787
7462
8511
10784
484
8292
10785
5744
10786
6930
7457
3198
3972
3577
10781
10765
2749
6916
7425
5740
3516
10764
5866
831
8169
4900
2949
4582
8520
10739
4930
10703
6699
3161
8240
7342
1008
375
10672
1615
5686
882
8750
10673
5086
5684
10674
10684
181
3533
4115
10678
10680
1363
5681
8578
5680
10681
8654
8656
8658
10682
5870
7471
3445
779
3367
10669
5219
2860
3568
10668
4031
1490
2410
8238
8556
1491
4584
4149
5704
10662
3822
1355
1883
10661
10659
7370
4586
10656
3945
1325
4587
5701
10655
6551
10653
10676
6179
5749
4156
10685
10686
7475
10709
4834
7488
6317
5729
10711
10713
6818
5801
10720
6839
7481
5795
8690
7424
2872
8696
10715
2493
10719
3523
8701
4974
5792
7504
5898
265
7456
2943
1800
10705
7465
10712
3948
5116
4588
7461
4232
8700
6172
5921
3179
5802
6297
10694
952
4872
7275
10688
1798
7508
6291
955
10690
5764
10693
209
556
4853
4589
5763
10702
10696
10697
10698
6366
4787
7258
10699
5923
7468
10701
10670
7704
10788
6078
8459
7512
7674
10700
4871
5759
10692
6770
6769
1871
6768
6453
8875
10718
5757
6246
7680
3757
7681
6762
6758
6757
6755
4829
5753
3205
10714
10710
1685
565
5752
1265
8427
5751
10707
10706
10687
5925
10654
10657
5770
4831
7686
3546
8876
3335
8897
807
3507
7279
3604
10660
3506
6793
10663
10664
10666
2884
10679
10677
10675
7690
8488
3328
8809
6530
5160
5777
10721
6790
4591
5775
10761
691
6004
8861
8813
8816
1803
5773
3754
10762
10766
10767
1030
10768
2415
7695
10770
10774
10772
10773
10775
5570
7697
5140
4009
7025
8789
5168
8791
8793
2895
5133
7698
10732
7699
2170
957
7700
6506
10738
8796
7271
3040
7262
4593
4934
7231
924
4850
8585
10729
10728
10727
10748
10741
10755
10754
10752
1617
8485
6388
10750
2953
5120
3201
4206
10746
10744
10743
7643
10742
7255
10482
3957
10560
3555
4595
10480
6748
7648
6744
4596
2724
4032
10294
10227
2318
10228
10229
4597
7439
6008
4327
4885
8835
5011
4598
4599
5025
6267
1675
8671
5589
10232
5587
6108
5593
679
6497
7421
7670
10233
10234
8477
8592
7397
4332
4737
7406
10235
10236
5933
6879
1708
10238
10239
10240
10241
4269
7081
5123
8855
7416
677
3427
5556
4600
5554
10481
6926
3236
6483
4601
10244
10245
5917
10226
10246
6974
10225
5528
8496
347
2312
7669
5916
4602
10204
10205
10206
5052
10207
6117
3093
10208
6810
2689
10209
5519
4329
1099
10212
7740
1323
10213
10214
7741
10215
10216
7234
8463
5549
10217
10218
3767
2608
7745
10219
6845
7746
8434
7100
10220
10221
5546
6114
5553
7105
6377
4326
4603
4359
6111
3763
10224
958
5541
448
10247
10248
6120
10249
10273
4605
10274
2220
5045
4312
6697
7754
6433
10277
10278
8455
10279
7755
10280
7757
10281
6319
5596
843
10293
8451
4516
10284
10285
5644
10286
4030
10288
4797
4148
10289
10290
806
2666
4151
115
10291
10292
2914
5038
8564
8563
10272
4152
7763
1264
10271
10270
10269
10250
5043
4576
5669
10251
10252
1346
1520
4515
3386
2704
10253
10254
5664
3405
7767
6688
10256
190
7737
8571
4218
8710
1343
2321
5662
3267
4229
10258
7707
6339
10259
10260
6581
7708
7192
6979
2343
5660
6112
7710
6294
4136
8747
7379
5611
10263
10264
1061
6174
7712
3023
7381
10265
10266
7714
10267
3737
6110
623
8547
4452
6631
848
6075
10203
3710
10202
5604
7718
7378
10189
10134
6526
10135
10136
10823
2748
10822
10821
10789
1403
6513
8743
7035
5030
4424
7723
10137
7725
6420
3465
7726
2342
10139
8354
849
10140
5614
6582
1056
4869
4802
3854
7170
7363
8299
10142
10143
10144
877
6346
10145
3348
7731
7732
10146
4425
7733
4426
6338
10147
5632
10148
5624
10149
10150
10151
10152
10133
3700
8320
5621
3727
1239
3730
10130
3726
10112
10113
10114
5622
4427
6241
10115
10116
4035
7549
7550
10117
5628
10118
7385
10119
10120
10121
7555
6198
2771
10122
3010
10123
10124
7573
3539
1976
3008
3342
4428
7561
8385
5913
8383
10126
10127
7562
5656
8672
10128
7563
10129
10131
7564
4429
10154
10155
10156
3721
10180
4430
8414
10181
3720
5672
7372
810
3416
6626
6368
1288
7568
6621
1824
4431
3780
8405
5667
1033
7145
10183
7350
5183
3834
984
10184
10185
4432
10800
10799
8210
10797
2096
892
7558
10187
7543
10188
6238
4433
3992
10190
7322
8895
2404
4349
1903
10200
8904
6693
4127
2128
10191
5642
5647
2683
5903
7515
6671
5651
6183
6032
10192
4899
908
10193
6669
7516
764
10194
7316
8843
2967
3518
3500
3285
6170
929
1035
8359
10197
6591
8361
4129
8362
7519
7312
4434
7520
10198
3289
5543
3987
7345
10199
10179
10178
10177
6039
6487
10176
10157
7522
4435
5533
5520
956
10158
5522
1326
2829
3835
1437
10160
10161
4335
1039
7004
6849
4436
4852
4437
10162
3288
10163
10164
10165
7528
953
3838
10166
5578
7530
10167
4438
7531
4439
6874
7532
10169
10170
5586
4773
4440
5592
8345
7533
3883
8347
2331
3843
7534
8348
3842
8194
8207
5575
3818
8351
3979
3797
10172
2775
4441
4255
8245
2448
7058
6978
10173
10174
5919
2524
5566
6832
8792
8248
4443
10201
6200
5698
4219
1255
10387
10296
7064
3580
3467
5776
10414
6806
4896
5787
8403
4297
5780
5781
4956
10415
10416
485
6811
6269
7609
2807
5754
5756
500
7398
8850
8860
6893
534
4163
10418
3151
5750
5765
10420
5768
10421
5804
3589
10422
7092
5073
3782
7613
7409
5196
2050
3158
3924
7615
10424
6859
4445
7616
4238
6927
7618
8386
8379
4446
7619
5871
7394
7620
7621
6071
5067
3341
6026
776
10426
10427
8203
10428
8337
8869
1382
5171
6729
2329
7042
1119
6735
10430
6736
4447
10431
4745
10412
3485
4742
8687
7627
3927
3350
10432
6312
7628
10411
10409
2525
7629
10390
10391
10392
5685
10393
1700
5222
6288
6550
10394
10395
5862
10396
5879
374
7633
4817
4168
10398
7636
5084
10399
6041
10400
1267
10401
10402
4448
6709
734
5741
7607
1356
3937
4449
4037
4450
10405
6042
10406
3935
10407
10408
6508
3441
8645
5062
7577
10433
10434
6982
5713
10435
10459
10460
2969
10461
6044
7198
1324
4423
4239
4451
3923
5724
5565
5467
5300
10824
1874
4051
7015
8603
8602
6253
5304
3172
2663
7028
10464
6045
6047
7584
10465
6993
6994
5310
10466
10467
3951
10469
6259
10479
4244
10470
7588
7059
5282
2498
1254
10472
5285
4422
10473
10826
7061
5288
5292
3337
2385
7144
7593
6171
10476
10477
1655
10458
6054
10457
8325
8313
4420
7596
6011
10456
7597
5180
7598
5341
5344
5345
8725
8724
8301
1301
4153
10436
1019
10437
4393
6434
1276
10438
2723
7159
5321
8177
10440
6942
4914
8306
4814
4394
5324
5327
3565
10441
5329
7603
6774
6053
8733
8269
3462
6564
10442
6985
5881
8419
5880
10443
10444
8334
2179
5317
4976
1725
6262
3312
3005
10841
4908
1723
10842
869
1671
7578
8305
5225
3804
3807
10448
10449
4042
10450
6038
3811
5198
1317
5077
10451
6256
8208
2172
3049
4794
10453
2341
6937
10454
10389
3446
4395
5229
8371
7523
6603
10468
7314
3493
10388
4291
2797
6010
8870
3081
5273
5272
10375
10320
10321
7557
1305
7552
1307
3783
4840
10322
7154
10323
4396
6656
8283
7366
10324
8417
7724
7735
5259
10325
7769
8655
8662
6006
5252
4397
4826
3558
5269
8453
7756
6950
5232
5243
7750
10326
10327
8433
6825
4060
10328
10329
5356
10330
5460
10331
10332
4398
4399
10334
6732
5471
10335
10336
3789
10805
10806
6187
4739
8236
6536
6181
6529
4209
4874
2983
1696
7134
5456
10319
10339
4400
6068
6895
10318
10316
5438
6213
7057
4240
2933
577
10298
3334
3118
4401
6666
3790
6578
7172
10301
7498
10302
10303
10304
6352
10305
10306
8544
2814
5442
4402
3823
7450
7453
1272
7458
5949
8046
153
1256
8532
10307
8030
8617
1549
7221
3298
1960
7393
5189
4886
4253
1645
1648
907
4403
8010
10310
4844
7031
4404
4405
8137
5506
5509
8125
2231
5510
4201
6949
8149
5954
10313
10314
10315
4406
6826
6968
10317
8676
7200
5199
10340
10341
10342
10366
8429
4407
7264
2251
10367
5201
8817
4408
7806
7108
10368
1300
5957
10369
4409
10370
5435
10371
8471
10372
4410
5217
1298
5379
6454
4112
6278
10376
3355
5380
2762
6401
7046
8849
8265
6872
10386
6474
5016
7434
6326
7961
5383
6464
7967
8439
10377
4411
10378
4762
10379
6479
10380
8422
10381
10382
5377
8456
8448
10383
10384
2795
10385
10365
5374
10364
586
8573
10363
10362
10343
8512
7129
5359
10344
10345
6036
3706
5360
4972
7151
4833
5807
7358
10346
6667
10347
6694
10348
8157
2398
7182
10349
4347
4412
6608
1916
8865
8879
1303
1263
6928
4413
8863
7348
7974
4414
4415
7968
8366
6493
6128
7957
5372
2595
4890
3123
6678
4416
1299
4305
6163
8856
3515
8842
5203
8830
7954
4417
10354
7103
10355
4816
2326
10356
6805
2268
4790
755
8900
6486
7225
8868
5210
7862
4418
7835
7838
7840
5416
10358
8388
5399
8124
10359
5404
10360
6411
6009
7282
2442
8321
198
9369
6273
7149
6554
6403
8779
7260
4419
4109
3136
9622
8036
8307
8038
4421
6274
8042
5466
6281
5973
8003
2676
8959
8914
8919
2779
1311
7390
4983
2972
5370
5366
3511
6906
8100
7383
8964
8923
6017
8961
8933
4804
937
8930
8940
8935
537
4453
7800
7948
8438
4998
3319
5193
4951
4483
4454
7958
8483
7949
7942
5956
7784
4197
8918
1366
5482
8920
5497
5004
8614
8219
3453
8254
8767
6354
6072
8951
8953
8958
7102
8523
8642
4486
6220
8955
8954
8927
8913
6997
970
5465
8430
6069
8472
5007
4487
8926
1367
7417
8264
6214
5235
8943
6817
2373
4488
6175
8182
8960
6143
6546
8398
7517
5230
6813
8963
10828
1280
5240
7400
7630
8916
6700
8956
6567
5237
4755
8962
4489
6775
6343
7602
7248
8713
8714
8718
5188
7211
7203
3428
2403
9240
7594
8772
8776
6413
7605
8332
9236
6523
5297
6528
9235
3449
7585
4774
9233
9231
6519
9230
6015
5714
3853
9226
7087
9225
7590
7606
9224
4490
5742
4491
9223
7249
7090
3740
9221
9220
5734
8692
7233
4845
9243
7631
4911
9266
4879
9244
8395
6159
9264
5705
5695
4325
5790
4492
7623
1699
6070
9263
9261
9260
8619
9259
1274
7574
3283
7003
7000
1331
8378
1053
5571
9254
5562
6431
8800
5559
8610
4767
6429
5583
5544
2160
8372
9248
9247
10891
10889
10892
10804
10890
7527
6921
7525
9246
6058
6609
8828
6055
5547
9219
7111
9242
4493
9218
9192
9190
9189
5640
7063
4738
6908
5637
9187
5643
8350
7571
5663
7570
8400
9186
7567
9183
3143
2368
9182
9181
8697
5177
5186
1332
5598
8394
5612
9180
9179
7553
3748
4222
8760
8754
8279
2764
3538
1999
3169
7638
9175
4044
7640
7641
4494
8316
9173
9172
1261
9171
9170
7362
7729
9191
5629
6946
9194
5597
9215
9214
6624
5600
5602
6125
8716
8720
8723
5993
4495
5605
6947
6542
4319
673
8251
3457
5634
5033
8777
8522
7720
7736
9210
8263
5119
5138
5668
9209
6495
595
9208
9207
9206
9204
4884
8187
8508
8707
1793
7327
5151
5149
5148
4496
1993
9201
6615
5991
8441
2587
9199
6113
8224
6959
7337
7184
3791
9197
1037
5046
5218
7744
2382
5156
3019
1100
5535
9269
5518
7739
7706
9339
9337
7401
3839
5524
5526
8258
8256
8501
5055
8503
4728
9335
9334
3813
4870
6236
3886
7660
9333
7657
2335
9331
1044
4830
9328
3786
4497
6740
4498
7071
7645
7644
7642
9327
9326
8484
7671
7672
6232
10888
1187
5018
6233
8639
3032
6231
5017
8640
9324
8167
132
5935
9323
5572
6980
5594
4034
7693
9321
9320
6357
8491
1036
7689
7688
9343
9366
5783
5784
7017
5778
7219
5003
2239
9364
9363
1289
895
744
8232
7677
9360
8440
4499
9359
8452
9358
9357
9356
7466
9355
6800
8677
7298
4500
1259
5922
9352
5796
9351
9349
7473
2806
1273
5760
7484
6260
5697
7474
4212
9319
5700
8664
4340
2808
6277
7467
5707
4501
3849
9292
4502
7495
9290
10827
7500
6280
4503
8223
6250
3828
5688
7339
8521
5711
5712
6894
842
7511
4504
9285
4505
9284
9281
4857
4506
9279
5719
8536
9278
4507
5723
3711
9274
1987
9273
6257
9272
10825
9271
9270
6089
4508
8535
841
5305
5306
9293
6106
8542
8053
5299
6983
9315
9314
5137
7070
3521
3769
5290
5291
7998
5346
5319
9311
9310
3043
8524
1314
9308
9307
8538
5355
5883
4214
8612
5005
1257
9306
9305
9304
5353
9303
9301
9300
7147
5336
9299
7243
8135
5129
9297
7361
5331
9296
9169
4509
4818
9168
7062
4920
4510
5242
5950
6158
5167
8089
8088
9037
5227
2316
9036
8567
9035
4751
3847
5278
8107
7080
8190
5063
8101
6365
1308
820
8081
8444
8445
9032
10815
10818
1136
8164
4511
9029
7839
4191
4512
8428
10801
7251
10802
7826
7870
6510
8880
5147
1322
5358
6531
5462
9024
9023
9022
7852
6279
7849
6276
6082
9021
8906
8243
8275
1020
7796
9043
8493
9066
7808
4485
1116
5500
2487
7802
8494
5508
6372
9063
9062
7246
5513
9061
9060
5505
9058
8502
6915
8466
5483
4513
7060
935
8474
2945
8475
3744
9055
4484
9054
9053
7956
3519
7955
9051
3052
8479
8460
4863
9050
6989
5493
9048
9047
1114
9046
5437
4482
8481
5415
5378
1270
8268
6014
4455
6371
5386
9042
9018
5391
1070
6390
2401
4456
5164
7402
5143
8990
8989
8988
8987
5966
8986
8985
8984
8983
8982
1275
8981
8980
8979
8978
8977
8976
5418
7963
6321
7941
8973
8972
8971
6115
1885
8970
8991
8993
5433
5425
9016
4457
6988
4199
6995
4772
8994
7857
5406
6668
8570
8218
9013
6692
4825
4302
4458
9010
5364
9009
5363
9008
3608
6929
4300
8574
5828
5488
1253
988
4459
6541
3771
6919
8509
9002
8527
9001
8529
4256
9000
8999
2011
8168
8261
8260
4460
1365
6088
8998
8302
1362
8997
4259
8996
3390
4881
6094
9017
5241
3594
6096
6588
9117
9069
8748
2436
8587
1059
6186
8586
7121
5287
9138
9137
1137
3593
3764
4054
6162
9133
9132
6087
8415
5687
6691
4788
9129
9128
9127
7146
5708
9125
9124
9123
9122
9121
9141
9143
9166
9144
9165
9163
5803
7892
9161
1269
9159
5762
7152
9157
9156
8222
3964
3385
9154
7904
4916
9153
5584
9152
6197
8205
7876
9149
8364
6577
4805
4461
7889
8367
8836
4894
7341
7018
5139
8832
9148
9147
7959
6439
8358
9145
8580
8582
6977
3576
5657
7937
9119
9142
6903
5623
5603
4462
4050
4824
9118
9092
5626
8377
9090
9089
4463
4052
1338
9088
8404
3243
7772
8409
4104
6812
6212
7396
5654
6820
6019
6030
8806
8410
6911
9085
7399
9083
9082
6029
7851
1051
5542
9081
7861
9079
5579
8255
5212
8257
5211
5988
9078
9076
5786
9075
1342
5204
8763
8688
5192
6742
5806
4895
6575
6956
6155
10829
10790
10830
5682
9071
6986
7074
8162
10814
6141
10809
10811
10812
6140
6046
8198
9070
8103
3705
4066
5208
8111
1341
1032
9093
8098
8605
8607
5332
7176
6193
9115
7109
8252
5174
8657
9113
6064
6192
9112
6287
5474
7171
9107
8231
5001
4215
962
4464
8027
5478
8067
6060
9101
5385
1328
5420
9099
9097
9096
4922
5410
9095
8047
8968
5683
5409
6240
1327
9098
9100
1337
5434
4994
7014
6224
7012
9102
9103
5504
9108
9109
7982
8751
9110
6182
5445
4465
9111
8613
8216
8017
8318
9114
4466
6051
9094
8297
5330
9116
6884
8601
8193
5710
5838
8393
6056
6745
1042
1691
6565
9072
5694
9073
5791
4467
9074
8783
4293
7038
9077
10898
6283
6063
9080
4468
7855
5537
9084
6284
9086
9087
5608
8401
5125
5135
8822
5610
9146
8368
5551
5536
7245
5529
9150
9151
6593
7901
2167
5774
5767
9158
5798
6079
9162
9164
1262
4098
5699
9126
8195
7788
10895
7792
9130
5689
7140
5737
9131
5739
4732
8709
5145
8280
1297
9134
4469
5311
8298
9139
5343
9140
8589
6137
9068
8327
5328
5280
564
4470
4792
6552
8054
8061
8034
3824
6690
8548
8166
6002
4092
5459
6932
7987
7985
6923
8526
6080
6099
8517
9004
9007
8204
8554
3430
6126
9012
8143
9014
8566
7823
9015
5408
5401
5417
5122
6378
8974
5397
8975
4912
6194
5375
8500
8992
4471
7899
9045
5436
9049
9056
9057
9059
5512
8495
9064
5514
4472
5477
6109
9044
9041
7781
1316
8487
8436
6083
7137
9025
4473
9027
7277
5150
5271
8457
9028
5155
5253
418
8684
3881
8262
4067
9033
9034
6282
5224
9038
8562
9039
9040
8156
4474
9067
9267
9295
8131
5117
4919
9298
9302
8616
5350
8022
9309
3784
6100
5294
7095
9312
9294
5283
8066
9316
5314
8033
9276
1285
5999
8735
7253
4806
9280
7479
9282
9283
10897
8514
4475
4476
9287
9288
5736
5732
5709
9289
6917
8752
7349
7375
5679
5677
5691
8553
9318
7364
8666
8250
8668
7486
3781
9350
5793
3798
9353
9354
5761
9344
5782
5162
5673
9322
8790
8478
9329
8572
9338
9340
9317
5550
9268
9195
9196
9198
7340
5538
9200
9202
7758
5646
5645
9205
5638
5655
5671
4477
1315
7709
5659
5658
6559
9212
9213
6123
5601
9216
5613
9193
5012
9176
5617
449
6073
5620
9177
4277
7547
7548
8304
5599
8649
8396
5665
9184
4478
5648
9188
6990
4053
7013
8375
6059
8274
8825
5202
6061
9250
5585
6376
8341
8344
5590
5591
4274
9251
5558
5560
9252
9253
5567
5569
9255
8788
8784
9256
5779
9258
8814
8249
7016
5207
8273
5182
6067
7404
5194
9262
8382
8176
4921
7626
9265
8391
8392
6907
9241
5733
5735
9222
4808
9227
9228
9229
9232
9234
6196
5309
5312
1295
8755
8781
9237
7591
4055
6228
10819
10820
7592
3805
1287
9239
5176
8770
8284
5181
5000
8611
8609
8969
5348
8722
8727
8717
8738
9167
8931
5334
8944
6931
5238
8950
8936
8937
6996
6050
8183
5247
8908
6432
8239
2606
5266
6043
5248
6925
5256
8967
5233
8188
8941
8227
8826
8837
8831
5457
8945
4479
4480
8934
5446
8929
8917
8533
6900
4064
8946
8957
8938
8949
8922
8952
8948
7943
6286
8915
8924
1321
6364
2529
2530
2531
2532
2533
2541
2536
2543
2546
2537
2545
2542
2540
2539
2538
2535
2534
2528
2544
2547
