1688
3391
1671
2148
33
2279
1655
4003
5328
378
2783
909
4648
973
3485
5812
1530
2471
971
3118
2318
5218
3244
3334
9240
1609
1636
4227
9330
6955
155
849
9295
139
2882
1199
5085
5907
3000
2058
4083
4080
5920
9518
338
2339
1436
7801
1468
9540
845
6510
1023
3269
1890
5043
8971
2285
599
7963
8544
3887
6099
6676
9143
1429
752
647
7883
330
6680
374
6649
2420
1482
1123
2480
952
5972
272
3357
1887
9172
843
3166
2298
2288
445
3665
1180
611
1679
503
719
725
7603
5735
1936
1502
67
5053
2454
48
4720
10313
3844
451
1441
4859
2940
548
8235
4245
4716
227
2049
8242
1298
205
5535
885
288
4768
3759
1263
359
6546
14
391
175
315
77
252
199
629
10722
2188
724
2917
7204
231
1790
6114
4831
5768
4081
28
44
429
41
2098
1010
5915
5238
3640
377
10652
2086
4898
1540
6839
134
1700
9924
2313
16
4305
124
162
3467
462
15
4082
6744
325
1117
1131
430
764
8878
1189
4331
1057
2135
948
39
471
966
9750
1497
499
5830
937
3882
3610
2574
6767
7580
2475
1201
146
3622
423
4113
2251
25
1885
5245
4873
3266
10206
5036
10201
1606
6856
7293
3378
276
6097
6805
68
2041
2305
614
2268
1990
4140
4734
4976
2528
2367
6358
668
2253
1578
4324
2523
677
1557
913
1744
318
4273
1499
1159
1176
3956
3417
2489
2254
128
3749
1074
6025
2482
5711
2087
4071
4084
10235
85
11
1261
17
2545
448
565
381
3348
7466
563
10153
2662
2164
6771
739
3886
1862
7571
6768
2937
3051
875
9825
6426
3507
2959
3568
220
3300
257
4876
2172
1735
8046
4034
74
9760
5845
6316
4776
1492
2922
4232
3156
3668
6307
3233
1221
866
3901
756
10622
3857
672
1059
2417
2422
4205
347
2864
7180
2526
154
6951
1082
130
1835
1129
8
184
6117
1977
3594
7949
512
8415
6219
6588
5848
244
10725
898
275
100
21
263
312
72
3459
332
4916
4420
7929
648
3869
1268
10377
4416
5854
1994
6251
7216
7213
5038
2919
8787
1713
10336
3847
7423
3267
4872
4126
516
1439
4977
7550
38
972
6606
354
301
6255
5930
1630
3549
5000
987
4948
715
4764
1736
431
3207
2889
488
174
9000
779
4936
4125
1197
3318
7443
148
9084
5
34
2213
12
575
60
2674
9103
6279
2802
7804
6689
7796
6132
2616
2303
3070
1187
9193
2818
4690
3105
1192
609
1803
2758
1369
8935
6594
1206
141
3111
2571
997
9044
4179
123
1804
3677
5480
1406
4577
8156
5899
3375
9605
13
558
1810
278
7983
4525
243
7294
6366
9402
1945
4630
8365
465
1641
2436
1481
286
9291
8372
3079
3817
3327
3081
3955
1694
3195
3082
31
5006
2975
4586
4995
1856
1122
3188
4594
6342
964
4885
2173
1937
76
5295
748
2147
2377
292
6329
2627
2282
3846
187
3087
4270
5875
7637
2816
4938
417
6785
9495
742
2061
1415
4947
5519
84
333
7726
6855
4634
9271
3324
2734
6003
9389
7444
4621
5800
3132
515
4185
6086
1812
195
5019
1704
9287
653
6549
1727
1091
1572
1586
1362
4732
2103
1422
7368
8002
3970
9294
3808
8283
1999
7340
177
625
204
5515
468
69
75
307
79
1065
1183
6010
1685
7856
1908
5511
1258
1417
3252
7841
2196
1643
1262
1177
7873
1806
6068
4141
3971
5934
1904
2609
571
676
4173
2243
1397
3577
296
8179
1175
3576
1529
3108
2991
1913
1207
8955
1801
7891
1126
3438
6688
1541
384
1060
2277
2493
4756
6448
819
999
5910
1473
54
3984
1526
3196
57
6619
223
1395
5205
675
2887
3987
1273
930
260
2236
300
1830
631
493
238
8473
452
1663
160
820
1450
10471
2357
2376
811
10532
8481
2639
2645
2904
1594
620
10539
1695
111
1929
2844
7195
4385
163
2830
4381
1142
3739
1427
572
6293
277
3710
1503
1480
7390
10509
3050
3449
2012
1200
197
3012
6355
7386
2998
1749
225
268
29
118
212
228
40
418
1195
2097
1390
6059
2102
4502
7126
5622
1651
1202
2711
6677
3731
449
10549
5661
2177
3210
2209
298
1961
1944
2974
2290
6671
1416
1602
6091
6023
544
2131
3225
3986
372
140
1143
10594
2718
5865
4442
3975
93
547
3486
6320
2765
8303
5725
6009
1859
10570
969
896
1235
6824
613
395
3842
809
2654
53
646
19
3226
117
444
9977
3295
8883
8877
6525
297
7361
2126
8064
6067
3967
9771
6786
9728
373
3973
7512
496
6256
192
2707
1581
1582
2021
2316
4298
1967
104
587
310
1513
4316
7289
6397
961
7186
1765
324
9811
7567
6280
6508
3983
4206
3827
6
10188
5902
232
8393
10199
10144
71
3819
3915
4254
734
311
3385
1689
2841
6472
3333
3368
6102
1652
594
269
1442
6832
2187
1373
2946
731
2266
3119
6961
4201
8617
1548
2787
6374
2957
1042
1095
1738
2499
1531
958
1430
4711
5757
2934
94
6464
4216
1657
2091
791
3103
65
6891
4115
457
2259
6947
8271
535
3359
6950
8218
6202
6201
1660
10800
4880
2032
6949
2262
2442
2453
4964
112
2943
2932
2390
400
3888
487
4576
2128
6334
7366
784
916
3624
415
1600
3855
5488
2800
555
5954
494
1617
2165
2314
6470
10263
4547
6850
10255
3280
1193
1372
3344
712
4545
1782
3988
3356
886
3264
3604
1411
1646
1506
194
1398
8374
281
2534
1714
3962
2972
858
2029
10189
106
1455
1205
2753
498
7320
7324
1619
4168
5235
2847
3614
2742
349
8366
3232
348
9791
2851
2886
1311
781
3285
5198
4965
64
3398
3501
907
7290
776
350
1611
528
6345
6191
2806
3
1410
182
524
203
22
46
30
3606
8585
1449
108
7526
9730
808
7527
2883
9721
7541
2351
9716
770
2397
534
341
7535
1854
577
7528
661
5868
6749
478
633
1412
4644
3326
3619
279
319
2077
9757
1428
1550
522
3862
9925
6719
3630
541
8070
7055
6317
9991
2810
245
9964
473
8015
1538
703
9971
8026
1392
6732
2879
4536
899
158
6966
3349
823
1
7
0
643
172
8123
1478
2568
464
5798
9861
3603
8633
2464
8237
1706
2948
6138
1233
1570
3406
1752
5448
1807
207
928
3091
10625
3134
5896
3598
4927
2168
2660
598
1560
996
49
4987
270
6137
6514
8786
7348
8716
793
5096
1779
838
517
7253
1458
6503
1577
2205
792
2941
2322
2329
4663
326
3257
98
954
1281
7164
10819
3407
4952
4345
10817
4827
6112
8279
4340
8280
2382
10816
7035
8194
2724
3408
4867
1978
7165
10818
3121
314
3310
185
2903
1834
2352
10715
5927
10726
5057
224
2231
3393
3757
236
583
2048
1879
2945
1680
6914
8508
10548
47
442
1943
3381
1650
1555
10378
2124
1433
10365
7418
744
102
3034
3996
2795
4354
10355
3218
2414
3822
411
105
7937
1119
10409
1921
3600
3463
5660
1222
6062
328
2949
9
2210
8171
3814
1632
1190
3040
660
8781
704
8784
7393
1821
1099
6283
7984
4498
7997
1991
133
1878
2955
10347
5881
4058
1463
3518
4149
3273
5029
2481
624
1170
1554
1374
1717
2856
2401
3547
10486
6624
3208
746
4778
3139
2180
706
5749
4421
2250
43
3243
7713
4935
1460
10518
2741
176
8494
4102
521
705
7623
497
3884
4429
4135
6634
4134
3841
2712
3389
8565
8566
1587
8160
2729
3396
6257
8207
477
1558
1371
1860
23
3845
8851
5190
6392
8644
2341
5688
7642
3650
5694
4449
815
1552
5874
6637
9047
551
3495
9020
7698
5877
1512
3158
1226
6640
1730
2359
1359
2573
6647
4190
2459
887
3418
1865
2504
3171
284
4076
501
51
461
1150
7051
518
1982
9110
881
9106
3411
3464
1843
7122
1926
6683
1702
4219
392
1545
1664
9112
3480
962
9142
778
4295
4291
7397
7389
2969
1219
1979
8653
254
3736
9216
1571
9214
4504
2811
5125
4183
217
7238
1649
1876
2127
5529
8939
3292
2163
4281
2522
5968
2641
4252
4725
5158
5648
714
9041
3303
828
2035
5549
4035
6552
9541
1470
5547
3294
9563
1084
3536
6481
70
4010
1393
1789
7244
6492
6150
3183
2372
6210
229
1185
2782
427
1156
9520
2386
3410
482
1500
5917
3271
9679
1383
4900
3409
1825
3064
3205
6393
1880
1761
1775
8773
2220
2100
8249
2138
8646
8650
8652
3941
549
1715
6842
3723
3722
7333
4684
8120
3925
3184
2556
592
5963
5304
3657
1518
87
8006
2551
621
6123
2531
5904
4744
4679
5350
7988
2345
4002
1178
4136
1536
938
4100
1802
1682
5921
4104
9247
9242
246
5916
9246
486
8047
5937
4139
500
5269
2769
9281
287
6442
3642
4559
4799
5082
7546
9430
3574
2581
143
122
159
639
9466
80
8334
6756
2905
9450
5443
1102
3465
4155
4097
2669
5472
3936
9354
4001
5052
3551
7592
9405
2544
1020
55
316
161
280
7321
638
193
86
97
2
61
1079
9398
5442
5941
6911
4521
6285
3312
3560
786
1740
2215
327
56
463
230
7458
1889
3563
7555
3597
9278
4077
3581
658
4939
6281
3478
6837
9650
567
7712
698
343
4538
9598
323
1353
9612
9613
5821
337
1739
2980
3231
1474
2498
3826
2447
9657
2535
2185
3347
5376
1895
1294
9664
710
4714
3350
26
5878
1592
3820
7784
1933
2434
789
1208
1719
3916
4055
5838
1850
4065
884
438
9548
181
9552
9233
3789
6512
4620
3786
5851
8522
1409
1613
4147
5086
4159
926
5969
352
998
1593
2450
1666
6843
3258
1584
6918
6476
5259
2596
6521
9085
3094
901
511
9087
9100
9138
506
9108
2075
1496
2074
136
2161
388
2566
4277
7272
1168
1157
1615
290
581
7680
1849
450
9101
7687
1932
8943
3097
2706
3769
3265
8477
4118
5794
2993
4617
9039
2533
7663
1283
4588
3994
5796
3503
2371
8995
5818
9007
4975
607
2513
165
420
1515
8464
7688
4132
4951
3098
8965
393
4758
3380
304
2736
2099
604
4614
1211
523
1661
2043
4600
2238
1078
4014
1624
546
8823
4244
2532
1160
1872
1421
2537
847
8492
8498
8191
7681
4106
2092
1777
241
3907
656
1748
3773
2175
903
6652
8426
2057
250
2490
8972
7676
1087
6175
3096
2539
2284
1973
7675
3776
2088
773
628
1963
6444
5271
213
1135
1093
2402
800
1566
4591
2602
239
335
7645
3270
3750
3092
6590
7667
1396
3016
1770
2293
405
2902
3481
8778
4940
2443
596
6194
963
686
3089
3189
6542
1507
8938
7261
1796
1169
1840
3746
1446
8920
3496
7607
2744
1382
6745
2003
678
434
3751
2928
7251
6723
9043
637
6783
1893
3010
7182
8977
2324
6135
2208
5054
5988
157
1477
4250
3308
2508
3914
1870
2068
6787
5263
1877
1984
2518
6770
3758
1914
758
3214
4832
7337
35
2487
5010
626
4282
1007
5836
3364
91
7757
9553
6134
1236
173
9560
4059
2809
682
9539
9536
9576
9589
9533
9497
2817
9493
4649
9491
702
771
8731
1155
5188
6333
9481
917
5828
2923
1974
7751
7764
5825
5040
5823
2287
265
9525
2833
1866
361
412
9514
1505
9678
3076
601
2246
5852
5418
4086
1995
6389
6404
169
912
5389
762
4
1486
3240
1104
9661
1367
4774
1603
2916
3825
398
1898
110
2918
235
4624
2543
4623
1269
2876
5430
99
7771
5435
1491
5861
5401
741
7769
9683
8192
1089
5853
2592
9684
9619
1217
32
303
6131
92
103
1127
7704
6300
4719
137
389
1348
42
7288
1758
627
2774
5813
7735
6072
7733
7285
2900
4096
2378
2680
568
6347
2389
1729
6153
9255
9235
7326
3811
6383
802
2065
3284
2877
7322
8890
5122
1408
8843
4187
3004
622
514
7468
6479
240
1158
7459
859
1050
6730
6286
1942
107
5367
7477
3795
2046
5364
4341
5361
2428
5358
957
2751
7500
630
9369
6796
1431
6892
9356
1081
9396
3800
4519
8358
5948
3913
2553
440
9408
9232
2342
7311
3014
6212
3801
1130
7440
7438
4548
3556
432
7435
2911
6421
1648
5501
1493
7556
2567
2636
1811
3997
5039
3809
6523
4550
282
768
3439
5491
2392
3810
6085
7073
3688
4339
5494
3666
1705
1162
178
1414
1413
485
4233
7059
2569
9358
96
4053
2862
5157
7012
8254
2525
5160
8863
8866
9365
1980
5047
7588
9377
3673
1443
615
9378
2924
1940
2986
5457
2084
5455
3251
7577
2252
2984
4078
9413
1231
2194
8873
4318
2045
2873
3361
8874
4317
8875
2435
924
8876
1379
2881
3893
1846
1144
1071
2606
7525
8331
5476
7518
1232
208
2798
931
6755
4148
1077
9468
3113
4766
7515
3322
7078
9417
2007
1440
7511
6773
179
4235
8338
9425
5936
6938
4749
2745
37
3112
18
7071
897
1903
5250
7299
8836
745
8839
527
9268
407
2244
890
3245
6794
138
156
186
1514
9282
7069
6777
5926
2791
1070
7789
5256
2675
4117
4554
5214
975
371
2292
7302
82
6440
1754
5144
8893
2863
1062
7328
285
1047
9260
1014
3104
9248
8049
266
1605
1970
6715
2477
6711
1743
4129
2630
2327
2373
2256
804
9258
1941
188
4701
4660
4011
7194
2274
1922
7065
9325
2992
7083
6706
2577
589
1709
1800
4676
2631
7367
4310
27
9338
5894
635
7121
5939
6952
610
4178
2424
2657
9348
5342
3522
557
3649
3652
4656
329
9322
408
5338
8706
1601
4177
201
4258
3309
4280
8011
8007
4674
2697
3885
5884
1759
306
8392
9301
6184
9303
4666
3654
6936
2181
970
3599
7210
5307
4664
2415
2107
1923
3441
2214
149
6968
9311
1781
3517
9317
4215
4662
7090
9351
9624
888
3199
5099
9626
8382
3716
3355
2885
5955
2527
1210
2555
1618
4047
2865
1520
707
4865
914
2381
836
9634
4841
2326
6311
3032
2714
8387
1947
9641
3720
2880
3031
126
474
8117
1901
5747
9642
4255
6501
6840
9646
6321
6451
6453
8656
2296
308
1403
3342
9608
1568
2283
5107
5094
1092
1773
713
4200
3861
7199
2839
2681
1188
120
9651
1656
7089
2419
9703
6427
1456
2310
9707
5971
5714
3930
1567
3066
6118
1002
3338
3733
1140
1938
4741
5698
2867
2805
2439
7016
8105
4259
1939
8110
6467
6803
6395
3432
1212
5100
416
8081
1114
9667
3065
3541
2374
641
8088
7345
3698
652
8134
8137
413
2664
6818
3699
3278
3700
1485
3277
2267
1955
1972
1863
9673
4384
4373
2829
3701
8304
9677
612
2062
3843
168
7347
2232
825
5979
6559
3019
6866
5765
495
6303
7849
7845
6161
1952
135
52
1951
3875
9519
3935
4748
2203
2576
2868
3937
1472
3530
2009
6382
2696
8201
8589
2229
8593
623
131
3711
7427
6387
1000
2770
3365
3998
1405
2801
3529
2479
564
2158
9480
727
4089
4861
5584
9500
6575
5602
1899
1916
9489
7247
2438
1598
1259
9499
3058
5597
3057
9567
4751
7862
2501
5974
929
7859
5911
2050
6226
4390
9587
4220
6170
1384
844
3262
5889
1718
4845
8552
4261
1454
2347
9534
7798
470
443
6571
5035
1924
1819
469
4041
7266
6563
3052
9545
9551
7795
6214
2547
655
6297
1325
7823
1434
4005
7178
3706
4130
3276
5909
7832
2813
8973
3995
2483
8975
435
8980
1498
2549
6595
271
2637
9045
736
6592
753
2132
8740
8727
8720
6130
5156
7947
9031
9033
1763
1986
1785
409
4347
8953
5940
1733
1654
3001
6586
984
5037
6868
4257
2307
3289
1151
2727
529
918
7973
2235
1001
4801
7978
7933
3246
8542
206
2137
8963
6302
4804
2090
8948
3694
7208
5607
4715
8936
595
3691
1524
385
1869
1141
8219
2294
6504
6509
7258
7908
662
7924
1457
7918
826
3136
9179
1254
7254
6400
2500
4338
7421
1848
603
7912
5810
5987
9158
6657
4501
2762
2621
796
2750
1380
6656
8446
6653
2910
6406
1098
9198
9192
274
1509
6896
7902
9086
2096
540
7905
7932
6699
539
4495
3873
7964
2273
1324
2685
2819
3186
9068
9073
4073
3533
3148
5014
4912
256
9076
2901
9077
1631
9125
4487
9129
1054
7931
1019
5659
9111
5977
2093
294
9120
1404
7800
9124
4833
2604
2746
504
8709
3297
3525
5176
9092
9202
7130
7807
7877
1136
3216
1452
9174
3202
8421
2156
722
4909
5879
3353
4414
1563
376
5880
1741
4021
8423
2999
2394
8129
7207
790
6519
362
8245
2112
1871
4407
4405
3721
4942
4296
1989
3154
4007
170
9121
8052
8057
2815
5604
2338
2491
537
5820
3717
1072
1424
1438
191
9062
4401
5754
9081
7014
1194
1820
7381
6609
3169
403
7233
687
9203
2278
7075
2122
6607
1768
5195
8818
4212
147
171
7403
8847
1164
4763
6478
4330
559
4054
8476
8962
3230
4918
1028
3159
6642
460
456
3157
3176
4009
6151
3659
3658
6639
1628
900
59
2383
78
253
8856
1956
3163
4450
7388
119
6486
763
3931
2967
153
9009
7778
2832
1083
2694
6981
532
1110
4154
248
5055
4150
4444
2688
3352
8475
566
1338
3138
1553
3140
3880
2495
3645
4018
261
6953
3143
2356
10453
2486
10456
7690
1742
5739
597
401
10457
3482
10458
7425
7410
1018
2241
6627
5859
4226
2757
127
2325
8204
8586
1061
6487
7166
1063
8860
1873
2024
4169
6628
4843
5076
4791
4218
2430
2228
2226
7379
4268
6121
2123
8868
458
3685
4107
2248
6274
3215
1918
2295
8459
1931
2302
813
233
6050
5791
342
1731
5817
1209
10417
10423
5089
10424
45
1260
3147
2756
7641
4424
2739
7639
4234
2647
6973
3680
10429
10430
358
538
1138
1238
1165
4742
2150
1418
1139
4006
4432
2954
2114
10436
7205
331
2719
2263
4000
10438
3433
2331
5723
5059
6020
1048
5709
4164
10441
2280
3596
2584
4436
3922
7748
3403
8487
10531
5855
3018
2291
5726
10517
1653
4962
10520
4441
6635
4151
340
10529
7382
6638
10537
6054
7136
4013
2634
1517
6127
8892
7699
7696
2146
10542
3570
1745
977
7181
2859
6473
101
3144
2915
2701
4422
605
1875
3201
2699
211
2169
4067
3402
5832
6475
397
24
6645
2106
7597
8153
8686
2249
215
1788
4891
6200
3807
2476
7456
6646
651
2710
821
351
1494
5829
7174
7132
5827
2340
777
6623
4765
10493
8420
2944
10497
8691
1522
1659
7070
6603
2335
2827
1106
5031
4012
2890
1375
3180
6074
3802
872
8712
2958
2080
1612
166
7595
2599
812
965
2759
1851
2111
7399
10512
10416
830
6174
2136
7384
4308
3042
3419
3798
7025
5023
7171
8639
4016
10327
3043
2564
7543
2094
3193
960
10332
6615
6087
6617
8576
2113
4944
1163
1213
6620
2907
3796
6621
10342
2159
2673
5050
7033
8027
2671
5642
4842
222
7404
1196
475
4087
8004
1501
10289
8073
10296
3455
10297
3054
8128
8166
1639
4327
10299
1783
8694
7417
5112
7385
4511
10305
2836
2605
3056
7394
1583
8136
1266
3275
10310
3947
406
4484
3190
8076
3059
2938
1466
1780
3903
3015
2620
8111
10388
3813
3824
8092
8146
7851
10391
7846
2514
479
10394
4158
7847
6357
7875
7865
8536
2082
4346
1267
6686
3852
6867
4461
6700
259
980
1590
3829
3911
4170
10400
6690
6691
7813
1365
1561
4471
8897
10405
1532
1049
4108
8549
6458
10407
1894
1370
2912
1085
3919
10382
1511
2488
3041
10381
6313
4475
10379
2257
7976
4477
3212
4337
1981
3818
2659
6187
7039
757
2658
1750
1962
8546
5552
7962
3217
1230
6407
1484
5893
10357
7906
1607
5545
3399
6308
3516
6364
4869
2561
10364
2743
7915
62
2025
394
990
985
2625
780
6655
718
10368
10375
10376
5595
1831
2684
3520
3037
2260
6674
708
4388
574
508
3879
5141
7249
3897
794
6193
2085
6152
2224
2299
1182
4286
3400
10736
6665
4368
1919
7239
5576
664
8256
255
5133
3388
543
7925
6667
6517
1950
1726
3466
502
1402
2432
3756
1108
2201
2115
8746
387
785
2861
3506
995
5060
4958
3755
6889
10712
5914
10713
2197
8750
234
433
2199
10718
4372
5779
6186
6670
4335
3902
109
7431
5995
3456
2914
2036
6672
6673
10730
10709
1621
3254
5895
2587
10703
2368
7098
6565
2638
2030
249
3895
7969
10765
10766
5716
10771
6589
5697
3362
910
237
5065
3554
7050
818
8725
5690
1203
10760
8564
7956
6585
1476
10744
1832
1711
4236
1669
5710
659
5947
8206
2304
1437
10747
4698
4790
7094
7262
1579
1426
3562
4211
7260
923
3853
10686
4515
3912
3234
3564
10617
3128
3235
554
305
3129
379
4681
7818
7822
787
5298
700
10598
1227
7834
1301
5310
1928
1137
4821
8290
1892
4669
3133
10615
10614
3200
7827
10616
1757
7017
7790
7263
2297
1423
7264
3499
7038
8281
1146
10776
6124
7430
6352
747
6348
681
7805
2193
634
2101
10556
10559
2679
10564
4671
2931
8788
1171
2920
7169
3483
10567
4922
6570
1721
2462
218
5929
5208
6574
3874
10569
3473
3782
743
6322
4655
7879
807
1467
3781
10578
8319
754
8321
10619
505
10658
4853
3595
1998
6828
1616
4555
8780
7223
360
7281
4027
2506
7327
1090
483
383
7008
1016
447
1420
920
10778
1539
6924
8164
2626
10679
6159
2906
4561
10685
2803
4563
3908
3775
4779
3774
3093
7981
3436
4761
3437
4992
3848
380
3095
3341
3768
3446
4945
10676
10674
8127
6835
1861
10671
1792
1791
6391
2067
2509
6376
10634
8113
10621
837
5355
3712
1003
446
5012
8085
10624
1094
10626
2933
8083
3909
1935
3849
2715
2216
526
5131
2360
6800
6904
8284
4137
765
6115
8148
1588
1816
657
2195
10636
5451
1957
3442
1527
10637
2458
1766
1767
4322
2095
7343
1910
2468
1400
1389
4056
5903
454
4015
6450
2850
8099
4328
2618
10639
3618
10643
5516
10645
5906
2064
593
3301
8634
6942
5149
8094
8077
1795
2306
5957
7119
9904
3636
1508
9902
9906
2614
5950
1614
9896
8084
6859
8328
9909
1762
2398
8114
6977
6978
1556
8391
3178
9917
6858
6145
8142
2496
3906
7206
3369
3314
5811
5397
6846
3168
576
6851
2281
6847
9865
3160
9866
4532
9869
2403
552
3394
3999
6399
3502
5799
8122
6500
1549
9872
455
3313
1228
9887
142
9885
831
6727
8407
1101
5406
4062
5113
4836
8678
8670
7330
1220
5196
1378
6506
8680
6535
6528
321
8404
6377
2648
2690
6205
129
2312
2005
8403
3239
1120
7351
7372
8785
88
5867
6743
4851
5424
4627
4075
2346
3152
974
2909
6314
7985
2183
9985
9983
9961
7989
5505
3241
4633
5496
4635
9929
2162
1949
6435
2456
7992
1912
4636
5507
9932
1822
8275
2154
3586
3332
7999
3534
5831
5839
1011
5842
9940
5847
6714
8056
3532
919
8060
2004
8062
7188
1376
3631
1100
1953
8342
842
2796
5461
801
6188
9855
2601
9783
1004
8030
8339
9761
8034
8035
3026
414
878
4638
6557
3620
50
9753
8037
8040
90
9766
642
4771
2033
1088
9767
5264
5876
6275
7787
9776
3068
2333
3373
4263
1778
7729
600
5058
1394
6775
1805
1596
3114
3115
2726
1902
2854
3856
7530
2633
3007
5323
3553
5321
5860
7532
1751
3122
1638
2781
3555
689
9749
9748
334
3228
3125
2474
9717
2976
5344
7537
1305
2353
299
5074
3608
932
4098
2079
4597
7544
1640
4961
7298
9724
3611
5801
5809
9729
4599
1225
1946
1293
3187
4616
6792
8347
1534
419
7524
3084
1471
1964
5802
6457
9746
9739
6461
9735
9734
425
9733
6753
9785
1637
2018
4008
2494
4605
2176
5294
2996
6758
1153
5837
8587
6379
2840
7167
2395
696
1604
4606
9822
2020
295
8356
1564
2388
4333
5795
9837
7581
9850
7076
3629
7594
5079
2665
767
9853
4613
2550
9846
7585
9843
2632
9839
6890
6550
1809
9787
2200
6543
3250
3346
2988
1186
2410
1043
2987
1462
862
7305
4231
9795
6516
2691
1076
3850
1109
2019
9797
3613
1686
3968
10
5080
4760
1218
750
3881
4590
654
6142
8861
4262
983
3521
4274
8867
9802
9816
9814
9813
9812
9810
9808
9807
822
1580
9804
6933
7432
4619
6790
152
2182
1857
2780
3203
2683
6788
7445
7316
5194
216
2598
4099
1634
2321
2612
3872
2594
3633
6784
1927
5844
8400
3635
4208
6776
7441
2469
6736
3261
5513
3377
684
5044
10205
8575
2089
2670
2560
6721
10204
1983
4803
1597
1591
2995
8409
1707
6182
7309
6989
4755
6990
4631
2989
513
2964
1459
267
81
3427
6734
10164
2611
3924
4729
4625
1818
3934
10146
6482
3137
5438
5420
6411
58
125
6296
4911
2361
10152
7282
908
8298
10157
1239
5470
3982
7159
1842
5866
6211
6291
10159
10262
6865
3854
2888
6294
3979
3145
1154
5808
1756
5805
3605
2319
459
3150
1692
3451
190
10252
4812
3238
441
10251
2121
1181
1836
4924
4297
1407
6979
2002
4070
8311
10273
2105
7143
10265
1366
6797
2027
2722
3945
1355
10245
5363
2552
1855
2076
353
6409
7705
10215
3992
7707
4518
6806
10222
6799
8512
5377
345
3021
5206
5980
6937
7358
2407
2211
3584
1174
788
1784
6120
782
8743
10243
3036
4046
2804
2893
7362
6822
6598
721
4863
5976
2778
10139
10067
10045
2956
991
3612
4230
7175
10041
1985
5967
2141
3131
10039
3077
6728
2773
221
7762
1332
2369
2615
7135
7754
1635
7756
5465
6403
1469
2962
1528
7760
6328
7625
1447
7627
7628
6943
2178
5933
4166
6875
6189
6782
2952
2336
6335
3770
2617
10032
519
10031
7338
3358
7598
7200
5928
2686
7600
3489
7134
3777
591
3491
4278
6548
4558
10882
6384
2358
2752
251
6844
5134
8655
1215
6556
2109
3904
3498
7225
7606
7618
7157
711
6597
1336
902
723
3083
1837
2866
5919
1934
4101
7673
6136
2505
5273
3080
6332
531
10110
1622
927
5063
6664
10107
5325
89
8445
6698
6445
3078
2269
1128
10129
3785
1734
4847
5315
2053
7682
3416
1453
6684
73
7669
10070
2558
3074
6425
6207
3762
10074
10077
5339
4678
410
3072
6636
5336
396
10080
3957
7649
2444
4269
7650
6922
7656
2622
2484
5077
5953
2837
10100
7658
4813
10092
3102
5277
5946
7660
4972
4329
8615
3588
7003
663
6336
7085
1391
4896
5306
8612
2010
8613
10095
10098
7653
10084
7668
4661
10072
10071
3742
10102
10124
10127
10137
10131
10133
10134
3920
7683
4930
2189
10122
8488
1069
1350
934
2700
1172
7678
4703
10108
5767
10112
4706
8425
2354
262
4710
968
6372
7644
6394
5106
5109
1055
10021
2427
5108
1327
1551
3126
4695
2843
3124
1673
5061
869
729
6349
4888
3837
10025
1724
1677
4688
666
10002
6726
7344
5944
7640
2702
10054
6948
4514
8803
7335
6238
7153
5730
2733
7622
2413
1521
2512
7692
10064
4978
1958
7755
7752
8503
3753
10034
1905
4146
4357
6344
10037
10048
6853
10043
6946
10044
1693
10233
3474
3838
3286
865
1461
6827
10240
1229
1716
5970
1329
1279
2054
8258
6396
8754
1911
10225
6497
10221
2608
4359
4361
3106
3958
7708
2652
2153
5575
4917
10216
2275
2942
10213
7714
2519
1883
1115
4342
3760
4806
4370
2717
4221
3101
2650
10777
3961
1334
10266
10267
7703
7727
4967
3978
6861
8804
5885
2066
7730
6848
283
1776
1495
870
472
10257
7474
7473
1419
7472
6165
4349
2775
10163
1712
1760
10172
5564
1363
2242
4834
2771
2059
4307
8654
2807
6995
7461
6195
10150
7478
10149
2110
7480
636
8186
4796
7307
8640
3864
1504
7224
10197
2725
10198
114
769
7310
3948
4032
1823
2585
10208
6708
8679
36
3204
4468
10193
10192
10180
5668
10183
5945
210
3985
2083
8167
5962
6524
4464
590
2166
121
4957
7436
1173
7084
1620
2470
7489
761
3307
817
3462
382
3834
1696
7563
2365
1448
4457
7081
7561
2218
4455
2613
3263
9799
3792
2687
7306
2008
4319
4320
6762
1826
5638
2448
3335
665
4509
7553
7552
9794
7570
8581
9790
2423
2677
1547
9842
3053
6371
7287
9849
882
4068
690
1313
5636
6177
9827
9823
5021
3527
911
6139
7291
8857
6231
2895
3448
3526
2463
992
355
9833
4949
585
2028
6439
4908
9836
1817
2460
313
9732
6751
9737
1264
8864
4299
2366
9742
7082
2777
7507
3559
4451
2562
978
9744
783
7087
6916
9722
9719
5870
4980
6206
144
9747
3883
6703
755
9773
9779
9781
63
9756
3293
10867
4750
6410
608
10869
1732
1075
10868
10870
1317
3531
7357
3153
6438
8054
3302
4313
5042
1833
9942
3892
3543
799
5840
3209
940
9939
9938
3142
366
3921
6370
7996
5166
6957
8579
3740
3738
1444
9988
8884
8815
1769
5009
7048
2225
9992
4406
8022
9987
4050
5788
6006
2761
3571
8018
8017
6742
9968
9970
1687
2149
2754
1868
5993
3325
3865
2939
3923
164
8010
7113
8573
3165
2152
9907
9874
5685
9878
9883
9884
9873
9871
9870
9868
6872
9860
1053
9858
9919
9922
9916
9908
10281
9899
9903
10649
10647
10644
6813
10638
10635
2947
10633
6306
10630
4138
10629
4434
4788
10623
6815
4247
10651
10653
3247
6836
3182
827
4431
8119
8212
5687
10678
10683
6278
6834
4427
404
4784
4314
6529
8717
8783
8782
2511
1576
10677
7840
7839
10577
6052
7880
7878
10571
5201
1073
6499
4425
5093
850
5815
2219
1828
2000
4428
437
2824
2472
2786
8767
7011
8776
4279
4728
6881
4110
10581
4435
1574
6568
3583
2271
7808
1829
1483
2785
10552
7271
1746
3476
6576
6012
4438
2026
6537
1152
4439
4921
2234
8806
3492
2716
7267
8801
66
2624
1031
3972
1487
1737
5862
5743
10605
10606
3647
7110
760
6368
1665
6128
8795
7029
5184
2119
2695
550
4153
5081
2385
1920
10597
7820
10596
3601
226
10593
2772
3651
6436
5873
3173
2255
10591
10587
5090
10724
951
10756
3236
7885
10752
2591
6227
7945
2766
2070
3296
5989
6299
5822
6225
10745
7957
4332
8724
5199
6055
10759
453
10764
4394
10763
357
2640
2703
3290
6398
7273
856
6469
10740
2892
4400
2016
10733
10721
8183
3170
5764
2034
1121
5846
6600
10704
2820
5681
3172
4402
7275
2642
5180
7276
8757
6485
1167
8753
8610
8597
8598
8601
8602
8605
8607
8609
10708
4409
10689
3548
6666
4411
5589
6196
7927
7926
3181
8531
3194
4306
7923
645
6070
2668
7916
6253
7222
5185
1959
2039
2264
4934
2565
8739
6659
2536
421
553
10369
1852
6658
8719
4025
2056
4213
953
4971
3582
5671
959
4453
7106
1610
7103
1475
10363
2104
6431
7888
10361
683
4489
10359
10358
749
2206
955
10354
5677
491
10353
10352
2516
2979
10351
5665
10350
8553
8563
694
4497
3149
7953
10406
2174
3151
7826
5617
5615
3734
7833
3715
1608
7006
6682
3898
4500
4197
1148
3272
6541
2171
10390
7428
5639
3175
573
3714
10389
2429
8559
4503
6192
6282
3587
2055
1125
2831
5797
10309
10306
7116
5568
2170
2426
2492
1291
7392
3155
5960
10304
2144
2676
2570
4852
10303
4824
618
3116
10301
4818
4512
4733
8715
8647
10294
10290
4482
317
8657
8660
8662
3420
10284
3552
4237
4773
6522
733
4959
2875
5051
2355
10314
4222
10345
6518
3211
10340
8053
2661
3963
4466
8055
1377
8058
4033
8067
10333
5041
8632
8635
2521
3896
1388
3046
2202
7001
2184
3960
8580
10325
3704
5645
10324
3047
7426
1853
3513
5145
7508
1214
2118
2309
8666
7215
4770
3013
7088
4127
2731
8434
8667
8696
5594
20
7548
7549
7407
2896
4481
867
344
7579
10318
3858
7074
2334
8567
1234
1954
617
8710
6527
7559
4483
5005
5004
1925
798
4105
2157
3055
3946
7562
6295
1124
1794
10498
2968
525
6622
4808
200
2973
3535
8677
6119
1204
5566
2207
7487
4152
5015
8427
6148
1516
5068
7493
3268
10513
7184
717
5598
10514
7467
2921
7162
7470
7471
2767
8688
8428
7140
6367
1464
2723
293
766
1722
2078
2223
7411
8889
8887
8882
2740
805
3061
7709
10534
6369
4311
309
10533
650
906
426
738
7034
8483
7776
4928
4362
10525
3703
2582
7782
10464
10444
7750
10432
10431
5755
2586
3702
7638
2825
5760
6141
8896
5998
2120
7163
7429
8274
10879
6248
10878
6408
6385
7036
2217
871
6249
8159
6250
2721
10473
10472
2965
7662
877
1720
10470
8095
3009
10469
6310
6041
7666
6626
10466
8470
10459
8197
3728
7677
3404
4350
7617
10452
4195
7189
7406
10450
5072
5073
2619
5938
3725
9714
6024
7605
9898
3024
8848
2015
1585
8974
8976
5066
9042
9054
9022
8910
8964
5693
2042
2466
640
8157
4693
1747
4142
720
6644
8967
8933
3514
3287
5078
5784
8937
7483
4705
4794
4193
5961
3851
2416
489
7451
6605
4894
9146
6608
8493
399
5883
5091
7086
7542
4931
3663
9093
6613
7536
9070
507
4659
9090
4044
3197
9127
1289
3425
5949
1814
6036
1623
9139
9122
3035
8480
9171
4667
4915
7991
8981
4932
4061
6429
8008
1385
7040
1755
8927
3653
3330
1864
8104
2799
9182
5951
5075
7214
2794
9210
6685
1678
6341
9145
1105
3981
7196
6262
7002
1112
370
2899
3866
4103
5340
2667
7802
9109
8419
1997
9123
3363
7950
9136
9130
6693
9066
5901
4974
2308
2081
6312
10781
2125
9094
602
1988
3321
1675
8665
4887
5892
356
3379
9088
5322
8449
1179
4822
7102
5319
2510
1772
8447
7920
9199
3323
3524
3372
9228
5326
5935
9224
2520
3976
4704
4878
9160
8437
7503
242
7911
1839
9184
9186
9177
9175
9059
6441
1968
2808
6668
7886
2507
2022
6007
8583
10779
7896
5232
8934
7257
8539
1537
83
852
3222
8238
8798
1668
8949
1303
2245
935
5258
7968
4556
1575
2872
8812
8765
2846
4735
5095
2400
1847
8763
2656
8918
4780
2822
8914
1297
4260
2411
8734
4210
7022
4172
7940
6580
2828
145
4275
5236
6582
6584
10820
7037
3592
1676
10821
6173
4953
8993
5997
671
6927
6420
113
7830
8997
9554
4565
1906
8507
467
4567
9544
8558
6569
695
8758
1845
863
3681
1387
4848
2623
8759
8760
5138
7277
8541
9581
3939
2546
8540
5890
7868
2227
1296
9498
5463
4578
8730
1145
5020
8285
1216
2649
2212
3069
3022
7252
6940
9474
9486
7844
9502
2666
8582
6830
5456
8323
876
4323
9513
3253
9507
2966
7854
2192
7855
982
1006
1309
7979
3255
839
1559
3117
8811
7346
6925
5520
5521
2069
3366
3453
4189
8790
2502
8306
8578
10829
8222
10828
7179
4048
6223
2849
1569
8109
9615
3120
7334
1012
8296
9596
9595
580
6547
922
6986
9638
8126
4031
2190
3804
3803
1764
3969
4531
9309
1844
8695
8697
8703
8009
857
841
9336
6747
9347
3179
9341
9340
3423
5395
9339
1223
1068
9334
939
9333
5393
9328
3340
9261
993
8682
2607
6712
1838
6144
9254
6716
6717
5958
5360
2031
1064
7052
6402
214
3424
2572
9239
3794
9289
879
6958
8399
6779
2517
8397
9272
3127
5807
8155
5421
4529
7547
402
2779
7505
9418
6459
737
3791
9426
3790
9464
3311
9457
3831
1149
7521
6760
9452
1662
7077
3298
9447
1017
1224
3830
6545
2497
9446
9375
7578
3100
7286
9371
2982
6769
9367
9360
9357
3382
1445
4540
9383
8628
3315
3071
2583
9404
1813
6422
6876
10780
6874
5414
5413
4309
9410
4051
9397
2579
2891
4544
4583
4874
9395
336
2040
632
9393
7453
9392
6912
1435
9388
9384
1627
5426
5425
1629
5422
5370
7482
6894
7187
6240
10825
10823
10824
9362
9363
9414
9423
9424
9427
5032
6289
2409
5187
709
6748
4632
6005
9438
9439
6999
320
2286
369
9285
1008
3899
9345
9302
3460
2858
693
2589
4950
6841
6359
7734
4759
9471
302
7717
5882
5517
9627
2643
7695
4180
4857
7160
5046
8383
2465
9647
3192
5485
4647
1728
3816
2408
9606
7740
9694
1147
6116
854
5843
7741
6817
3374
9709
4645
8320
7774
4640
8326
9656
4040
7364
8810
7352
6871
5017
8286
9477
9482
4798
1111
7747
7145
9574
4609
7154
2044
6731
6733
6739
5824
9558
2554
3487
7739
7624
2063
1966
1280
3304
7626
8814
3894
6882
3206
2871
258
2393
9004
3953
1774
883
9010
728
2237
6330
1672
915
8985
9056
1044
2013
8921
3745
7604
7226
3744
1535
7608
3011
5869
2852
8789
9154
3585
3090
5056
7613
6572
9163
6042
5222
9215
4982
7144
9218
1948
6926
3444
2134
9227
4737
4592
9206
4593
9105
4276
4925
5858
2037
9113
9170
9181
1909
8904
9219
9107
6913
9079
4343
2023
2997
2870
8830
2179
8828
649
2655
2060
7280
2927
6331
7647
7020
2485
7648
5178
2994
994
1488
1022
8915
9025
2047
7155
5816
9037
7659
7661
1565
7250
8850
3494
4608
10687
5793
1368
10177
2349
4301
2548
3135
4124
2117
7665
3767
3099
2788
6643
6234
9036
3472
7657
4133
1965
5197
2072
6534
4243
6220
2151
1250
5064
7655
3771
7256
5290
8958
9188
2628
4249
8489
9089
4595
291
9071
9141
2017
6695
979
9212
1787
2768
2478
2878
8698
7021
1626
7270
183
9128
5316
3003
4955
2052
3779
3783
7141
6566
4162
3279
9155
4929
7610
2857
9058
4589
8941
6324
8940
3741
5265
8951
8930
466
5254
7147
7149
9014
8501
6746
9038
3748
1562
2835
6203
8510
8978
9012
7635
9011
5088
2437
1523
9001
7336
5247
9559
3006
3005
6004
4994
3086
3761
3754
3812
8516
697
4024
3219
1066
7745
1025
868
5833
422
9503
8196
4892
9592
8809
5981
202
1198
7013
2446
584
6230
4321
6490
7359
8226
9682
6833
4641
3867
9706
2693
4043
4325
5452
8282
9597
4646
6909
7139
9636
3395
8215
7173
10822
1542
2071
8630
198
2391
7150
3990
8380
5522
8377
1103
4743
3964
9307
9304
2720
7202
6561
2728
3591
7229
9342
3490
6235
8684
8894
5991
8885
3248
7691
2764
1290
6862
851
2971
7158
2186
9436
4933
5033
3821
846
4315
3075
9459
9412
6276
7494
9373
1753
545
6365
7491
1703
5391
2375
5027
3023
9390
4736
644
4628
9570
4294
2362
3224
8353
7061
4074
4622
7449
5022
8849
3950
2276
9394
1645
7434
3336
5856
4543
7437
4057
7502
9399
9400
9401
436
2265
6309
9403
6083
3504
5411
9407
7079
6766
2926
2580
2191
3020
1465
9368
6738
6838
4815
2142
4535
9372
4052
2713
9379
6190
4884
4923
9451
3384
2108
3479
7523
2457
7519
3832
9458
9461
4085
9467
895
6752
9443
6340
9456
4809
9415
5428
2461
7296
9420
9422
5814
9440
2467
9428
9431
6449
9432
9434
9437
2332
9411
9264
9269
4919
8395
9290
9279
2129
7534
6780
6460
4526
9283
3793
5396
5385
7529
9288
1386
9276
8044
9234
8041
6722
2894
9243
8401
8036
9245
9249
4079
3871
3797
9252
5359
3799
6353
7056
9253
5357
7057
5373
3445
2990
7062
9292
9293
9324
3567
8672
7028
8671
9331
9332
6705
4920
4718
7993
9337
3305
9350
949
7982
8001
3229
8003
1867
6110
4088
8013
9343
6740
4091
9349
5383
6737
2038
9306
2682
2653
5381
9297
4858
4175
8390
3123
6729
9310
8626
5500
8125
9316
9318
9319
9473
9625
9628
9632
9633
2396
10838
10833
4981
10837
10830
10831
2821
10832
4192
10834
10835
10836
691
6413
3429
5495
9600
6849
9602
150
8291
8147
8140
9607
3877
9610
3989
7117
8112
8169
8313
8091
5489
8107
9653
2730
8100
1975
7342
6555
9697
9698
1881
9704
9705
2315
2635
6079
9681
6804
8600
8623
9658
6801
9659
1996
4819
9680
9668
9670
4570
3672
6160
4573
8116
5900
9593
8307
692
586
5048
9504
7853
7852
6304
3299
4575
6480
1525
8322
3675
6831
2823
9517
9530
9523
2848
2853
4883
6076
2600
9475
5449
4582
9479
2705
9483
9485
9487
6301
1314
7203
3589
9490
582
9564
3676
7872
9565
7869
2364
7867
9566
5475
273
3679
7811
7128
6229
1815
9586
1786
4579
7268
2348
5013
4767
7810
7192
9537
7797
8561
9542
3662
476
3641
9557
9711
8996
5237
8999
10799
10797
8199
8517
3249
5016
4229
5932
5266
8989
8990
873
9016
688
9046
6897
484
7816
9053
9021
6928
9023
9024
9026
7944
5246
9035
116
7023
3110
9032
5083
4730
7096
8534
8924
4840
1969
2698
3440
8550
8928
3109
4271
579
1917
8923
4946
5922
3242
7959
5918
3107
8956
8957
8960
4552
7900
8931
5227
3008
5913
439
7893
1038
7892
4111
8944
7890
7101
8945
219
3550
732
8947
8548
7928
9169
7922
3643
1265
4726
8158
824
4694
9164
4119
6906
4739
8777
9152
3367
4709
9230
5327
7419
8648
3537
7914
1681
2593
2855
4999
5318
9204
2578
6228
520
5332
1625
5982
2983
6057
9099
9078
6697
9064
3646
7967
4805
7936
6053
4128
7941
6133
893
7952
5341
8208
9114
8929
424
6443
5151
1086
8708
3980
9083
3900
4114
492
2842
4272
4839
834
1479
9200
7806
2233
3328
4740
8669
8673
8674
7378
6424
9165
5067
6681
7858
9168
8954
4914
4810
8908
4673
8424
5278
7007
8074
4670
8987
5276
8994
4045
6466
2258
9208
6378
1276
9135
9140
6245
8028
3656
2834
4665
1930
9137
6618
3422
1667
6017
1533
9063
1858
9095
3889
7540
3661
4772
1319
6611
562
6373
7513
9082
5165
3291
7402
8832
3515
9197
9194
9191
7590
7219
8825
7000
4302
8824
7551
8606
8604
9159
9157
942
1798
6237
7058
9153
7490
2557
9147
8816
8845
864
6477
7383
7718
5781
6884
5787
1797
3028
7376
4691
8180
8959
6641
735
8465
3213
7700
7701
7767
4685
8469
4516
8982
1399
5943
6502
3724
9006
3038
167
7634
3030
2874
3959
5724
8621
1971
3952
4747
10454
3067
4242
3730
7684
1897
6629
10460
8471
4382
10480
3471
6489
6488
2311
3469
4109
5686
2595
6008
2515
5701
4380
542
4383
7651
1364
1251
10474
10475
10476
8460
5746
10477
7672
7619
10478
7227
7137
10479
2908
10446
855
6632
4389
8478
8479
7602
4374
3063
6051
7631
4371
2418
6633
10426
10427
6156
7391
10428
3891
1166
10435
7753
10437
5773
10442
4902
4072
10482
8485
5763
7779
10519
4363
10527
10530
3933
2925
5129
2445
5130
5132
4849
4391
7152
10538
8229
3454
2230
6468
10540
8891
5135
2160
4365
8430
10543
7737
4366
730
7220
8429
4188
1683
10544
6106
7375
3787
3938
3060
3392
2610
3331
7462
860
3414
6292
3993
5588
5912
10484
10485
7481
9713
10489
7457
10491
3966
10494
5541
5539
10499
7442
6601
10501
3452
8692
1425
3274
10503
6558
3944
5548
10504
10506
4954
8711
7554
2301
6604
6533
5018
1118
5562
3709
2542
10415
10316
6531
3546
10319
5556
8417
5128
7401
989
2204
247
10321
428
10322
4478
10323
3428
6610
4042
3705
4990
1161
4116
891
4470
509
4787
5678
7415
1299
2538
10329
10346
8042
8038
5152
5672
8032
10335
8068
4181
1589
10337
3942
10338
3045
4467
3697
7060
3044
10341
8638
5623
10343
3572
10315
2441
8014
8645
7400
3696
10283
289
4145
3693
8019
8659
6956
4240
3475
5640
10295
8455
3692
2221
4508
10302
8764
5164
2425
2704
3185
8139
6090
10307
10308
6679
8441
5626
1039
6869
2644
10383
7209
3177
10386
8096
8097
10387
5806
1284
4970
6428
8233
6960
10392
4846
2261
10393
8165
8163
4969
10847
10839
10850
10853
10852
10855
10856
10857
10861
10863
10860
6204
10849
10862
10858
10859
10851
10848
10846
10845
10844
4984
10843
10842
10841
10840
10854
2455
10798
10792
716
1035
7109
8796
10404
8239
8792
5120
2629
670
6412
6599
6432
2300
10410
3281
6694
835
8737
10380
1451
7395
4828
7097
5676
2073
6991
2689
7907
1633
5679
2155
7899
4490
10360
6662
5646
3929
7887
7424
10362
2272
3729
2978
10871
8622
10872
6215
3905
10788
10784
2981
4060
10367
7422
5026
3512
4312
685
10372
10374
6663
8584
1573
10414
8200
4721
6988
4762
6430
6266
7243
10769
10705
7921
10698
1045
5546
10691
3859
2826
4956
1191
5590
7919
4408
1282
2735
10710
10711
5593
6879
5596
10728
322
5586
8747
10734
7279
1361
10714
2133
3386
3719
2897
95
8231
10727
5045
8555
3282
3718
7955
986
1690
3870
3405
3690
7960
7961
3164
1886
4287
8268
6587
10762
2370
4093
5011
10767
10770
7971
10761
3840
5786
1647
10738
10739
7977
5790
10741
10742
10743
1900
6581
1510
6596
1037
10748
8728
6437
8738
4026
10750
3689
10751
5789
2590
3890
10753
1331
7093
7951
10754
7170
701
7193
2748
4877
4941
894
5695
4973
1333
10595
6167
5691
7821
3493
1335
10600
5684
10611
10610
5683
7829
6945
5715
6930
3488
5744
6381
3664
6577
10604
7791
3687
10603
8619
6578
10602
10584
806
2014
3397
8264
943
10565
4023
8214
4437
1896
2563
10560
7201
4196
7129
6567
4157
7231
7010
10563
10566
3484
3686
3387
7866
5804
10568
6241
1278
3684
7882
386
6873
5762
2541
7246
5770
10573
5527
8220
6493
10574
10576
6701
3683
3682
10580
814
10618
6821
4122
4886
8278
6887
10657
10659
8277
10660
10662
4123
10664
619
10665
10668
6975
5756
10670
4426
10684
6044
7857
1771
976
10682
10680
2789
4430
679
8649
5167
8240
2575
4251
10620
1544
3497
2139
774
2838
6802
10631
3674
1992
8101
10864
4209
10865
10866
8198
8620
4998
7123
10640
10642
3876
2433
6878
3580
8108
1891
10356
6816
10280
9996
9905
3421
9901
5719
9894
3671
1040
8087
8089
3360
7032
9923
8135
5070
6414
9921
606
1710
9915
9914
8699
7217
9912
9910
9890
8411
9857
3670
2935
9862
9864
8410
8176
6018
9867
3669
8408
5863
6048
1080
6795
9886
6166
4156
6539
4445
9877
4903
3667
9926
9978
4446
9973
3167
9972
4447
4448
8412
2732
339
9967
8025
9969
4926
6058
4423
5774
8020
9980
3468
9993
3383
4395
4326
569
6462
699
9986
7370
8230
7369
10803
8273
8272
1133
3141
9930
8398
5775
9934
390
7995
9936
4399
5834
5758
9937
1543
6098
4403
6318
7363
6433
6710
4404
5599
9958
5591
3461
1907
9957
7176
9956
8059
5826
9955
5567
6718
2588
7053
8177
8371
9954
9953
9959
9952
9950
9949
9948
9947
9946
9856
9763
8031
8340
9762
1032
9758
5543
9754
8337
5542
7030
9751
1030
2814
9774
5538
8822
510
6339
8821
9780
8172
667
9782
9775
5530
9772
7531
1245
9770
810
9768
1026
9718
6941
3317
7133
4417
536
3565
3860
6298
3447
8182
9723
7545
8330
9727
480
8276
9731
5550
9743
6919
7506
3256
3974
3558
9741
9740
2738
6920
7295
5650
3523
9736
5857
829
8150
4890
2961
4492
8369
9834
4913
9831
6759
3049
8270
7292
1029
1701
9829
1599
5621
874
8853
9821
5025
5631
9852
9851
180
3544
4049
9848
9844
1346
5628
8414
5630
9786
8852
8854
8858
9789
5965
7573
3435
775
3354
9792
5203
2860
3538
9796
3977
1489
2412
8257
8349
1490
4456
4143
5613
9800
3833
1340
1884
9817
9806
7319
4459
9803
3918
1339
4462
5618
9854
6507
10138
9998
6154
5644
4163
10186
10185
7446
10184
4795
7452
6284
5669
10179
10178
6781
5670
10200
6774
7454
5680
8689
7313
2845
8690
10203
2473
10202
3542
8702
4960
5656
7488
5898
264
7501
2929
1799
10194
7495
10141
3917
5101
4476
7499
4217
8643
6169
5897
3027
5605
6287
10151
946
4854
7312
10154
1827
7465
6290
947
10170
5553
10169
209
560
4838
4376
5534
10161
10160
10210
10211
6350
4769
7325
10261
5888
7721
10254
10264
7724
10277
6073
8308
7728
7738
10276
4856
5544
10274
6845
6857
1841
6863
6483
8800
10272
5587
6232
7716
3815
7694
6852
6814
6812
6809
4820
5592
3221
10246
10244
1684
561
5573
1246
8375
5580
10217
10218
10220
5923
10223
10224
5713
4781
7763
3575
8751
3320
8745
803
3579
7356
3590
10238
3573
6826
10237
10236
10234
2869
10231
10140
10209
7780
8528
3316
8749
6484
5146
5748
10042
6854
4387
5750
10038
680
5994
8755
8761
8718
1808
5700
3752
10050
10058
10051
1036
10065
2421
7758
10063
10062
10060
10066
10059
5737
7643
5150
3954
7015
8797
5127
8799
8802
2884
5114
7632
10055
7633
2198
956
7636
6465
10033
8774
7339
3025
7341
4686
4910
7221
921
4835
8570
10004
10005
10008
10009
10010
10013
10014
10028
1595
8454
6375
10030
2953
5119
3227
4191
10019
10049
10068
7615
10120
7259
10069
3943
10118
3561
4700
10117
6583
7671
6579
4712
2709
4017
10106
10105
2320
10111
10121
4682
7274
5984
4304
4871
8840
4997
4683
4657
5028
6252
1674
8833
5296
10103
5297
6019
5301
674
6434
7240
7646
10075
10078
8463
8577
7242
4292
4722
7255
10085
10086
5959
6602
1708
10091
10090
10089
10087
4288
7156
5117
8683
7374
673
3412
5292
4668
5274
10088
6907
3237
6494
4672
10094
10101
5952
10096
10097
6959
10099
5280
8467
346
2289
7652
5908
4677
10083
10082
10081
5069
10079
6022
3073
10076
6651
2678
10073
5343
4293
1097
10093
7679
1302
10104
10123
7689
10125
10126
7218
8490
5348
10128
10130
3764
2597
7686
10132
6687
7685
8482
7142
10135
10136
5333
6056
5324
7148
6356
4334
4702
4344
6049
3784
10109
950
5329
2451
10119
10113
6045
10114
10115
4618
10116
2222
5062
4267
6573
7614
6418
10016
10017
8416
10018
7612
10020
7611
10023
6327
5226
840
10024
8452
4553
10026
10027
5223
10029
3951
10015
4793
4161
10012
10011
795
2651
4165
115
10007
10006
2913
5092
8456
8499
10003
4171
7620
1256
10001
10000
9999
10022
5087
4564
5251
10052
10053
1323
1519
4566
3371
2692
10056
10057
5331
3390
7693
6707
10061
189
7759
8556
4202
8732
1321
2323
5471
3191
4214
10040
7749
6326
10035
10036
6860
7746
7177
6964
2344
5458
6082
7775
6325
4063
8748
7371
5526
10046
10047
1058
6163
7781
2951
7365
10229
10230
7777
10232
3615
6084
616
8519
4569
6825
861
6069
10239
3632
10241
5379
7768
7355
10242
10228
6495
10227
10226
10807
2737
10809
10806
10774
1401
6498
8741
7004
5030
4517
7711
10219
7710
6390
3458
7706
2330
10214
8297
853
10212
5392
6807
1052
4862
4807
3839
7146
7297
8301
10268
10269
10270
880
6288
10279
3351
7732
7731
10275
4528
7596
4530
6272
10278
5431
10271
5432
10253
10247
10248
10249
10250
3609
8310
5437
3616
1237
3638
10256
3623
10258
10259
10260
5409
4539
6236
10191
10158
4020
7476
7475
10162
5410
10165
7315
10166
10167
10168
7469
6181
2755
10171
2977
10156
10155
7463
3509
1976
2985
3343
4585
7479
8329
5864
8389
10148
10147
7498
5427
8637
10145
7497
10143
10142
7496
4626
10173
10174
10175
3626
10195
4629
8373
10196
3602
5390
7308
797
3401
6725
6343
1286
7484
6713
1824
4637
3637
8406
5523
1034
7115
10207
7314
5175
3607
981
10182
10176
4652
10782
10783
8195
10785
2116
889
7439
10181
7450
10190
6239
4639
3965
10187
7317
8837
2404
4239
1888
9997
8835
6791
4144
2130
9805
5212
5216
2672
5849
7568
6754
5249
6158
6033
9815
4889
905
9801
6761
7560
759
9798
7323
8865
3002
3578
3569
3223
6168
925
1024
8364
9793
6763
8361
4112
8360
7572
7303
4598
7591
9788
3220
5275
3991
7284
9809
9818
9819
9820
6038
6520
9840
9841
7586
4615
5281
5291
945
9847
5305
1306
2797
3634
1432
9838
9845
4336
1033
6994
6765
4607
4837
4604
9824
3260
9826
9828
9835
7575
944
3639
9830
5528
7522
9832
4603
7520
4610
6757
7517
9784
9765
5299
4757
4611
5302
8363
7514
3878
8368
2337
3628
7510
8350
3627
8189
8190
5293
3621
8348
4004
3617
9745
2763
4601
4283
8265
2452
7041
6963
9726
9725
5819
2529
5289
6789
8872
8262
4596
9720
6185
5335
4199
1255
9715
9738
7045
3557
3457
5346
9769
6778
4882
5228
8333
4264
5233
5253
4943
9777
9778
481
6750
6254
8045
2790
5353
5440
490
7304
8826
8827
6877
530
4167
9752
3033
5464
5466
9755
5482
9764
5481
3508
9759
7068
5007
3625
8033
7350
5192
2051
3039
3928
8029
9945
6720
4642
8050
4223
6901
8071
8344
8359
4643
8069
5841
7353
8066
8072
6096
5049
3345
6011
772
9944
9943
8193
9941
8394
8842
1381
5182
6709
2343
7027
1113
6704
9935
6724
4651
9933
4746
9931
3470
4727
8888
7990
3932
3337
9928
6315
7987
9951
9960
2530
7986
9962
9981
9982
5387
9984
1699
5207
6277
6447
9995
9989
5872
9990
5871
375
8024
4775
4069
9994
8021
5024
9979
6081
9963
1249
9965
9966
4584
6741
726
5407
8012
1304
3926
4574
4022
4546
9974
6060
9975
3927
9976
9927
6505
3426
8676
5008
8093
9875
9876
6967
5354
9879
9881
9888
2970
9882
6077
7183
1352
4537
4225
4534
3940
5402
5400
5399
5419
10808
1874
4039
6976
8588
8590
6221
5433
3162
2646
7031
9863
6103
6095
8131
9859
6982
6980
5398
9880
9889
3910
9891
6244
9911
4228
9913
8143
7043
5372
2503
1242
9918
5369
4523
9920
10812
7044
5366
5374
3339
2387
7118
8086
6157
9892
9893
1658
9895
6094
9897
8378
8379
4520
8082
5996
9900
8080
5154
8079
5441
5502
5497
8629
8642
8385
1354
4066
10282
1027
10648
4568
6419
1277
10646
2708
7131
5525
8161
10641
6929
4899
8388
4823
4571
5459
5453
3566
10650
5447
8090
6811
6075
8664
8236
3450
6553
10632
6971
5891
8288
5887
10628
10627
8294
2145
5468
4968
1725
6247
3288
2950
10826
4893
1723
10827
848
1670
8145
8287
5231
3765
3766
10672
10673
4028
10675
6064
3772
5140
1360
5098
10681
6243
8173
2167
3088
4797
10669
2350
6923
10667
10666
3434
4557
5267
8325
7850
6829
10663
7283
3477
10661
4265
2784
5985
8779
3085
5217
5224
10656
10655
10654
7843
1349
7842
1337
3780
4786
10608
7127
10579
4653
6819
8224
7248
10575
8314
7871
7881
5211
10572
7876
8770
8769
5986
5312
4697
4800
3505
5272
8327
7863
6935
5317
5334
7837
10562
10561
8305
6562
4120
10558
10557
5351
10555
5347
10554
10553
4680
4707
10551
6564
5345
10582
10583
3763
10791
10790
6172
4724
8221
6530
6162
6536
4194
4860
2960
1697
7111
5352
10607
10609
4675
6029
6903
10612
10613
5284
6198
7047
4224
2898
570
10599
3319
3130
4658
6593
3743
6591
7092
10592
7815
10590
10589
10588
6338
10586
10585
8299
2812
5769
4696
3747
7835
7884
1270
7948
5966
7954
151
1257
8413
10749
7939
8591
1546
7191
3283
1960
7265
5104
4870
4253
1642
1644
904
4692
7975
10737
4830
7018
4689
4687
7972
5738
5734
7970
2239
5731
4186
6934
7966
5905
10773
10772
10735
4352
6675
6954
10707
8762
7185
5153
10701
10700
10699
10693
8554
4358
7278
2247
10729
5155
8756
4378
7903
7100
10732
1343
5886
10720
4375
10719
5778
10717
8562
10716
4369
5204
1344
5751
6471
4095
6267
10723
3329
5766
2747
6405
7024
8744
8260
6669
10731
6515
5001
7245
6305
7895
5772
6456
7909
8533
10690
4356
10692
4731
10694
6455
10695
8530
10696
10697
5577
8526
8525
10688
10702
2776
10706
10768
5574
10746
578
8513
10758
10755
10757
8511
7105
5572
10550
10601
6101
3788
5585
4966
7108
4814
5792
7300
10373
6661
10371
6660
10370
7910
2399
7168
10366
4241
4379
6654
1882
8721
8722
1347
1243
6895
4348
8726
7412
7930
4353
4355
7898
8502
6463
6113
7904
5554
2559
4875
3029
6696
4479
1357
4246
6149
8733
3528
8735
5143
8736
7943
4474
10412
7095
10411
4825
2328
10408
6692
2270
4783
751
8791
6454
7212
8794
5162
7824
4472
7825
7828
7831
5662
10403
8543
5666
7793
10402
5664
10401
6401
5990
7409
2431
8538
196
10399
6258
7112
6540
6386
8808
7387
4460
4174
3062
10413
7809
8535
7836
4458
6259
7870
5616
6268
5942
7860
2663
10398
10396
10395
2760
1358
7420
4963
2936
5612
5608
3519
6885
8098
7380
10385
10384
5999
10349
10397
4811
933
10348
10330
10311
533
4513
8078
8102
8442
4983
3306
5111
4937
4485
4510
8144
8444
8130
8118
5956
8124
4182
10300
1330
5633
10298
5632
4991
8592
8205
3430
8241
8651
6337
6104
10293
10292
10291
7114
8500
8627
4505
6209
10288
10287
10286
10285
6993
967
5635
8450
6100
8451
4986
4496
10312
1345
7405
8246
6199
5667
10344
6650
2380
4493
6164
8178
10339
6129
6513
8436
8063
5663
6616
10334
10811
1285
5651
7416
8043
10331
6614
10328
6551
5655
4738
10326
4454
6612
6323
7509
7235
8714
8668
8693
5168
7197
7198
3413
2406
10320
7576
8700
8701
6388
7582
8418
10317
6532
5551
6526
10481
3431
7589
4753
10511
10510
6538
10508
6002
5560
3836
10507
7080
10505
7558
7569
10502
4415
5540
4413
10500
7234
7063
3805
10496
10495
5565
8675
7211
4829
10492
7455
4895
10490
4864
10488
8422
6146
10487
5583
5569
4290
5761
4397
7460
1698
6013
10515
10516
10546
8599
10545
1271
7719
3198
6984
6983
1342
8431
1051
5777
10541
5783
6417
8895
5785
8611
4752
6415
5745
5703
2140
8458
10536
10535
10877
10875
10876
10789
10874
7766
6900
7770
10547
6026
6648
8838
6039
5689
10528
7138
10526
4443
10524
10523
10522
10521
5736
7042
4723
6902
5729
10483
5720
8486
7785
5718
7742
8491
10445
7744
10443
3161
2379
10440
10439
8831
5170
5169
1341
5741
8495
5742
10434
10433
7629
3678
4207
8820
8819
8261
2749
3500
2001
3146
7621
10425
4029
7599
7601
4654
8497
10422
10421
1253
10420
10419
7396
7609
10418
5759
6931
10447
5782
10448
10449
6630
5776
5692
6043
8871
8870
8869
5978
4433
5721
6932
6496
4256
669
8266
3443
5728
5071
8859
8468
7980
7664
10468
8263
5173
5179
5732
10467
6491
588
10465
10463
10462
10461
4868
8184
8472
8855
1793
7413
5181
5183
5186
4440
1993
10455
6631
5973
8474
2540
10451
6032
8211
6944
7398
7172
3648
9648
1021
5097
5202
7783
2384
5172
2963
1096
5699
8986
5705
7773
7772
9049
9051
7377
3655
5707
5708
8259
8255
8466
5084
8461
4713
8898
8906
3660
4855
6233
3868
7725
8950
7722
2363
8942
1009
4802
9180
3713
4396
6625
4398
7067
7433
7504
7564
9187
9222
8496
7557
7593
6216
10873
1184
5002
6217
8625
3017
6218
5003
8624
9144
8154
132
5835
9091
5752
6965
5753
4019
7533
9065
9067
6351
8484
1013
8051
8065
9132
9134
5582
5581
7009
5571
7190
4985
2240
9117
9118
1275
892
740
8216
8061
9220
8457
4410
8907
8432
9055
8991
9156
8023
9003
6678
8687
7408
4412
1244
5850
8912
5537
8926
8900
8103
2793
1272
5536
7848
6242
5531
7861
4203
9226
5563
8713
4266
2792
6261
7803
5558
4418
3726
9104
4419
7794
9119
10813
7792
6263
4452
8217
6222
3727
5606
7414
8433
5658
5657
6910
833
7938
4486
9126
4488
9133
9231
4850
4491
9075
5673
8435
9069
4494
5643
3732
9061
1987
9080
6246
9098
10810
9097
9096
6066
4499
8453
832
5620
5619
9207
6063
8448
7889
5611
6972
9196
9195
5103
7104
3540
3735
5610
5624
7913
5641
5625
9221
9217
3174
8443
1351
9213
9189
8438
5637
5803
4198
8608
4993
1241
9150
9149
9148
5629
9166
9167
9185
7107
5682
9178
7230
7917
5116
9173
7241
5627
9060
9209
4392
4826
8946
7049
4904
4507
5634
5964
6143
5110
7894
7897
8932
5609
2317
8969
8537
8968
4745
3695
5614
7901
7099
8185
5034
7958
6354
1356
816
7965
8545
8547
8901
10801
10802
1132
8149
4463
8922
7974
4176
4465
8560
10786
7236
10787
7934
7935
6423
8729
5126
1328
5674
6452
5675
9030
9029
9027
7942
6271
7946
6270
6080
9019
8723
8247
8232
1041
7814
9052
8504
9050
7817
4469
1116
5647
2524
7819
8505
5649
6363
9015
8992
7228
5652
8988
8983
5653
8979
8514
6905
8515
5654
4473
7046
936
8520
2930
8529
3707
9005
4480
9013
9002
7812
3510
7799
9102
3048
8523
8518
4844
9555
6970
5555
9550
9549
1107
9547
5557
4393
8532
5559
5561
1247
8253
6001
4351
6361
5532
9546
9562
5533
1067
6380
2405
4377
5139
7269
5142
9585
9584
9583
9582
5924
9580
9578
9590
9577
9575
1274
9573
9572
9571
9712
9569
9568
5603
7864
6273
7874
9561
9532
9501
6109
1915
9496
9494
9492
5600
5601
9488
4386
6969
4184
6985
4754
9484
7838
5570
6820
8293
8202
9476
6823
4777
4289
4364
9516
5578
9529
5579
9526
3593
6886
4303
8324
5925
5771
1248
988
4360
6474
3708
6880
8318
9511
8317
9510
8315
4300
9506
9505
2011
8152
8267
8251
4367
1316
6034
9676
8302
1307
9674
4284
9672
3376
4866
6021
9669
5706
3539
6031
6798
9663
9662
8768
2440
8571
1056
6171
8572
7125
5702
9654
9666
1134
3545
3737
4037
6147
9710
9708
6016
8300
5740
6810
4785
9702
9701
9699
7124
5733
9696
9695
9693
9692
9691
9690
9689
9688
9687
9686
9685
5727
8106
9652
1252
9621
5722
7120
9618
9617
8213
3949
3370
9611
8138
4897
9609
5717
9620
6180
8168
8133
9604
8292
6702
4782
4506
8141
8295
8658
4879
7373
7019
5105
8661
9594
9622
8132
6446
8370
9649
8569
8568
6962
3511
5696
8115
9644
9643
6883
5712
5704
4699
4030
4789
9640
9639
5780
8386
9637
9635
4708
4036
1322
9630
8384
3259
8121
8381
4094
6864
6197
7332
5300
6808
6000
6015
8636
8376
6921
9315
7331
9313
9312
6047
8075
1046
5308
9320
8005
9305
5309
8243
5118
8244
5115
5975
9299
9298
5283
9296
1320
5147
8704
8705
5148
6735
5337
4881
6560
6939
6140
10814
10775
10815
5349
9344
6974
7091
8016
10796
6125
10795
10794
10793
6126
6030
8174
9335
7994
3644
4121
5163
7998
1326
1015
9329
8000
8594
8595
5320
7066
6178
9321
7064
8248
5161
8681
9259
6035
6176
9256
6319
5330
7054
9251
8209
4988
4204
941
4551
8048
5209
8039
6027
9241
5219
1315
5230
9238
9237
9236
4907
5221
9262
7788
9263
5210
5260
6224
1312
9286
9284
1308
5270
4979
6997
6208
6998
9277
9275
5255
9274
9273
7538
8841
9270
6155
5262
4560
9267
8603
8203
7539
8402
9352
4562
6107
9353
8343
5240
9435
6870
8596
8181
5268
5931
8341
6061
6793
1005
1691
6554
9421
5225
9419
5220
4581
9416
8844
4248
7005
9442
10881
6260
6071
9469
4580
7516
5469
9465
6264
9463
9462
5473
8336
5137
5136
8879
5474
9455
8332
5477
5479
7232
5460
9449
9448
6764
7574
2143
5445
5446
9445
5450
6078
9441
9381
1240
4064
5483
9376
8175
7584
10883
7587
9370
5484
7072
5512
9364
5514
4717
8862
5159
8252
1310
9359
4572
5524
8362
9355
5506
9382
8574
6122
9409
8357
5490
5493
556
4549
4816
6511
7565
7566
7583
3806
6772
8355
8151
5992
4092
5378
6915
7448
7447
6908
8352
6089
6088
8351
9386
9385
8170
8557
3415
6105
9387
7485
9391
8354
7486
9406
5382
5386
5388
5124
6360
9366
5394
9361
4901
6179
5375
8367
9380
4522
7492
9374
5356
9444
9453
9454
9470
5365
8335
9460
5368
4524
5371
6092
9429
9433
7464
1318
8345
8346
6093
7161
9265
4527
9266
7318
5121
5423
8396
9280
5123
5439
2006
8886
3863
8225
4090
9244
9250
6269
5436
9257
8405
9326
9327
7720
4533
9346
9323
9300
7723
5102
4905
9308
9314
8614
5429
7736
9472
3828
6065
5403
7151
9629
9631
5405
7697
9645
5408
7702
9623
1287
5983
8663
7301
4817
9599
7715
9601
9603
10880
8289
4541
4542
9614
9616
5412
5415
5416
9700
6917
8775
7329
7354
5417
5404
5434
8316
9655
7360
8772
8223
8771
7786
3835
9660
5362
3823
9665
9671
5384
9675
5380
5189
5503
9591
8807
8309
9531
8312
9508
9509
9512
5499
9515
9521
9522
9524
7349
5498
9527
9528
7765
5504
5492
9478
5487
5486
5518
4650
1292
7743
5510
5509
6544
9579
9588
6111
5508
9535
5454
9538
4996
9543
5444
2449
6108
5462
9556
4285
7761
7630
8521
5478
8742
8527
5467
8998
4587
5261
9008
6987
4038
6996
8524
6046
8228
8752
5200
6037
8984
5257
6362
8509
8506
5248
5252
4238
9028
5243
5242
8905
8917
5241
5239
8925
8766
8793
8902
5244
8952
8805
8234
7026
5171
8250
5193
6014
7237
5177
9183
8551
8162
4906
7616
9161
8439
8440
6888
9176
5215
5213
9223
4792
9229
9211
9190
9201
9205
6183
5229
5234
1295
8641
8631
9072
7670
4160
6213
10804
10805
7674
3778
1288
9115
5191
8707
8227
5174
4989
8618
8616
9057
5314
8685
8813
8880
8881
8913
8916
5313
9151
6899
5311
9074
9131
9116
6992
6028
8187
5288
8834
6416
8269
2603
5287
6040
5286
6893
5285
9225
5282
8188
9162
8210
8817
8829
8846
5279
8966
4602
4612
8961
5303
8899
8911
8462
6898
4131
8919
8909
8903
8970
9034
9018
9017
7654
6265
9048
9040
1300
6346
368
363
364
367
365
