1690
3401
1672
2193
33
2322
1654
4004
5600
375
2796
913
4436
979
3493
5938
1528
2482
976
3154
2329
5470
3210
3353
9445
1614
1641
4237
9457
6963
155
848
9044
139
2917
1200
5055
5808
3013
2071
4150
4175
5912
9342
339
2345
1433
7608
1469
9509
855
6440
1007
3282
1895
5029
9115
2325
600
7637
8530
3890
6068
6726
9215
1431
756
651
7701
335
6722
371
6698
2431
1477
1106
2524
953
5983
273
3338
1891
9124
834
3176
2292
2300
441
3720
1183
612
1678
501
723
725
7513
5737
1936
1514
67
5108
2464
48
4730
9352
3854
448
1441
4870
2942
543
8256
4284
4726
228
2070
8251
1295
204
5630
889
289
4780
3663
1251
361
6563
14
387
175
316
77
253
198
630
8988
2179
726
2900
7204
232
1775
6124
4841
5472
4130
28
44
426
41
2117
1036
5961
5258
3766
374
10370
2114
4906
1541
6696
134
1701
10472
2293
16
4263
124
162
3477
460
15
4161
6803
326
1115
1134
427
768
8705
1192
4287
1060
2151
960
39
468
969
10442
1498
497
5852
941
3895
3640
2604
6798
8027
2513
1211
146
3625
422
4170
2264
25
1886
5774
4884
3263
10307
5064
10333
1620
6828
7274
3388
277
6089
6821
68
2054
2317
615
2281
2007
4148
4756
4987
2539
2378
6373
672
2271
1580
4309
2532
681
1552
915
1744
319
4325
1509
1162
1178
4023
3427
2525
2267
128
3619
1077
6059
2497
5306
2131
4108
4061
10552
85
11
1248
17
2568
446
562
378
3368
7667
564
10519
2677
2200
6781
730
3892
1861
7715
6779
3000
3037
877
10654
6468
3575
2993
3520
221
3309
258
4885
2190
1736
7643
4043
74
9748
5827
6329
4798
1493
2933
4242
3080
3754
6323
3262
1234
854
3906
760
9846
3870
676
1063
2432
2433
4211
349
2874
7190
2536
154
6961
1085
130
1835
1132
8
184
6127
1992
3608
7600
510
8447
6229
6641
5902
245
9601
901
276
99
21
264
313
72
3462
334
4922
4439
7561
652
3878
1249
9529
4365
5879
2009
6261
7223
7221
5074
2928
8686
1712
9681
3857
7367
3225
4883
4062
514
1443
4986
8156
38
973
6619
356
303
6265
5914
1627
3556
5010
992
4952
718
4774
1735
428
3259
2896
491
174
10088
788
4946
4068
1210
3328
7871
148
10054
5
34
2223
12
571
60
2683
10033
6297
2806
7999
6630
7997
6143
2567
2304
3143
1190
10146
2828
4595
3136
1191
610
1805
2768
1371
10171
6594
1199
141
3132
2551
991
10136
4189
122
1810
3719
5783
1407
4500
8166
5897
3385
10122
13
555
1809
281
7816
4476
242
7432
6376
9906
1942
4533
8521
463
1639
2458
1479
285
9899
8501
3068
3726
3367
3117
4024
1695
3257
3114
31
5095
2998
4537
5007
1860
1108
3289
4479
6354
964
4901
2173
1937
76
5471
752
2192
2361
291
6341
2637
2309
3855
187
3077
4326
5922
7975
2826
4948
413
6819
9953
746
2073
1417
4959
5348
84
336
8032
6866
4583
9893
3347
2748
6014
10174
7943
4601
5809
3102
513
4195
6083
1798
195
5066
1704
9779
655
6558
1727
1089
1573
1587
1299
4749
2118
1422
7336
7642
4003
10759
3818
8489
2014
7290
177
626
205
5351
465
69
75
308
79
1068
1186
6020
1686
7890
1888
5457
1252
1419
3222
8096
2209
1642
1253
1175
7535
1801
6032
4057
4015
5863
1912
2600
576
680
4050
2247
1399
3507
297
8199
1181
3508
1530
3145
2944
1917
1203
9036
1828
7683
1129
3443
6838
1542
381
1064
2290
2486
4765
6489
818
1002
5878
1484
54
4026
1532
3212
57
6851
223
1397
5215
678
2908
3987
1275
926
261
2252
301
1831
635
485
239
8354
449
1663
160
816
1446
9515
2388
2394
817
9364
8438
2646
2656
2915
1595
625
8996
1698
111
1927
2865
7210
4374
163
2839
4367
1145
3829
1429
573
6295
280
3788
1504
1475
7282
10443
3115
3459
2026
1212
197
2945
6357
7371
3003
1746
226
269
29
118
212
229
40
419
1213
2100
1392
6096
2126
4575
7084
5269
1651
1205
2722
6867
3805
445
9685
5466
2189
3202
2229
299
1963
1948
3012
2298
6857
1418
1600
6120
6119
542
2144
3201
3966
369
140
1146
10104
2726
5943
4587
4020
93
544
3510
6305
2775
8382
5314
6017
1841
9954
971
899
1237
6835
614
391
3852
797
2664
53
650
19
3273
117
442
9964
3306
8803
8792
6480
298
7402
2137
7911
6050
3984
9941
6629
9945
370
3982
8122
487
6264
192
2716
1581
1583
2035
2330
4307
1983
104
579
311
1507
4336
7410
6414
965
7196
1762
325
9931
7588
6301
6500
3989
4216
3702
6
9861
5851
237
8342
9867
9917
71
3734
3948
4254
735
312
3395
1689
2852
6548
3356
3378
6061
1652
595
270
1444
6590
2185
1375
2977
739
2279
3180
6971
4214
8596
1547
2792
6393
2983
1045
1100
1739
2489
1534
942
1432
4497
5777
2992
94
6524
4225
1657
2106
795
3177
65
6899
4084
455
2272
6957
8281
534
3369
6960
8228
6212
6211
1661
10810
4890
2045
6958
2275
2443
2463
4979
112
2972
2956
2403
399
3900
492
4556
2141
6311
7309
784
919
3700
412
1598
3867
5632
2810
558
5920
489
1601
2158
2305
6434
9607
4454
6618
9611
3206
1193
1374
3343
715
4379
1781
4014
3345
343
3234
3699
1413
1638
1501
194
1401
8418
282
2597
1713
4016
2966
871
2042
9672
106
1459
1207
2761
490
7361
7378
1612
4101
5787
2853
3800
2753
351
8448
3246
350
9580
2871
2893
1298
783
3295
5144
4969
64
3408
3531
910
7352
780
352
1618
527
6360
6202
2818
3
1410
182
522
203
22
46
30
3764
8595
1451
108
7458
9809
809
7505
2921
9837
7472
2391
9842
774
2410
532
340
7491
1862
590
7492
664
5931
6597
474
639
1415
4416
3334
3765
279
320
2088
9769
1437
1551
518
3872
9808
6574
3755
540
7800
7094
6327
9704
2820
248
9751
469
7790
1539
706
9753
7795
1394
6768
2882
4672
902
158
6977
3335
828
1
7
0
645
172
7628
1478
2591
462
5828
10268
3770
8676
2473
8266
1707
2947
6149
1231
1571
3416
1766
5720
1824
207
925
3119
10588
3124
5837
3604
4940
2165
2670
599
1561
990
49
5002
271
6148
6469
8764
7334
8772
813
5084
1783
839
515
7335
1456
6466
1579
2221
796
3009
2335
2342
4639
329
3242
100
959
1284
7175
10826
3417
4962
4355
10827
4837
6122
8290
4350
8289
2395
10828
7045
8204
2734
3418
4877
1993
7174
10829
3069
315
3320
185
2880
1832
2358
10668
5941
10667
5100
225
2244
3402
3629
233
588
2066
1875
3022
1681
6917
8339
10694
47
439
1945
3391
1648
1554
10701
2139
1434
10702
7364
748
102
3095
3999
2807
4663
10693
3221
2427
3616
406
105
7515
1120
10724
1934
3606
3473
5581
1233
6037
327
2952
9
2226
8202
3620
1629
1196
3133
670
8903
708
8890
7267
1820
1102
6283
7593
4616
7591
2005
133
1880
2973
10734
5816
4137
1465
3519
4135
3232
5060
2514
621
1177
1558
1376
1715
2859
2415
3522
10291
6824
3272
750
4831
3187
2175
710
5368
4640
2263
43
3277
7525
4944
1462
9523
2750
176
8488
4167
520
709
7544
495
3894
4655
4162
6826
4157
3851
2721
3400
8578
8575
1588
8171
2740
3405
6267
8220
479
1559
1372
1852
23
3856
8755
5161
6397
8775
2360
5721
8089
3637
5666
4620
823
1556
5890
6832
10202
549
3560
10215
8040
5885
1499
3046
1230
6812
1730
2357
1363
2572
6811
4200
2469
890
3428
1843
2511
3052
287
4141
499
51
459
1153
7109
516
1997
10223
885
10225
3422
3474
1847
7107
1928
6801
1702
4229
389
1546
1665
10257
3490
967
10339
782
4285
4297
7260
7280
2971
1222
1994
8762
255
3773
10450
1566
10454
4621
2805
5118
4193
218
7304
1653
1876
2140
5556
10433
3317
2182
4260
2516
5978
2648
4257
4736
5115
5396
719
10480
3318
832
2048
5350
4040
6560
10476
1472
5346
3316
10362
1087
3565
6521
70
4000
1395
1792
7302
6515
6159
3198
2363
6217
230
1188
2793
425
1156
10374
2399
3421
477
1506
5975
3290
10341
1385
4911
3419
1821
3158
3284
6408
1879
1761
1786
8874
2233
2132
8254
2149
8808
8816
8815
3951
548
1714
6684
3798
3799
7291
4443
7936
3940
3235
2584
593
5903
5742
3809
1519
87
7923
2614
624
6133
2541
5876
4754
4362
5758
7952
2390
3967
1173
4138
1536
935
4136
1797
1685
5860
4149
9026
9033
249
5967
9049
484
7998
5918
4144
498
5307
2779
8928
288
6462
3680
4474
4795
5017
7919
9028
3555
2544
143
123
159
643
9073
80
8411
6653
2890
8934
5638
1111
3475
4129
4128
2685
5621
3947
9376
4007
5097
3545
8057
9367
2627
1017
55
317
161
278
7261
642
193
86
97
2
61
1083
9402
5499
5862
6890
4550
6338
3322
3525
790
1738
2225
328
56
458
231
8108
1901
3526
8080
3610
9353
4125
3591
663
4949
6292
3488
6667
9496
566
7570
688
347
4606
9514
324
1293
9513
9503
5880
338
1737
3005
3285
1480
2508
3705
2461
9440
2569
2196
3340
5735
1883
1294
9426
714
4724
3342
26
5891
1593
3718
7499
1923
2438
793
1201
1719
3931
4169
5905
1868
4172
888
436
9451
181
9450
9417
3822
6505
4506
3715
5901
8369
1411
1602
4180
5071
4181
931
5979
354
1001
1594
631
1668
6671
3244
1584
6930
6519
5685
2599
6514
9186
3111
904
509
9114
9108
9149
506
9144
2091
1497
2087
136
2157
386
2580
4259
7383
1171
1160
1613
294
591
7651
1867
447
9275
7659
1922
9267
3082
2718
3736
3256
8560
4154
5839
3014
4541
9256
2632
7677
1276
4525
3990
5866
3568
2373
9254
5859
9223
4985
607
2492
165
423
1516
8568
7634
4116
4960
3113
9272
392
4772
3390
305
2747
2123
605
4515
1214
521
1664
2059
4521
2248
1081
4017
1624
546
8856
4332
2542
1163
1872
1423
2562
858
8371
8310
8185
7493
4159
2129
1791
244
3922
660
1750
3665
2178
906
6739
8316
2061
250
2477
9439
7597
1093
6190
3112
2611
2307
1989
7537
3838
2125
777
629
1962
6438
5389
213
1138
1097
2413
801
1569
4495
2603
240
333
7553
3271
3835
3184
6720
8086
1396
3026
1770
2314
401
2912
3513
8768
4950
2457
597
6206
966
698
3152
3195
6551
1500
9404
7366
1796
1179
1859
3684
1452
9374
3506
8049
2754
1384
6702
2017
682
432
3722
2938
7300
6703
8938
641
6704
1907
3011
7192
9097
2337
6146
2219
5106
5996
157
1485
4323
3305
2505
3946
1863
2080
6707
5244
1878
1999
2495
6708
3813
1889
762
3231
4843
7314
35
2493
5040
627
4337
1027
5823
3374
91
8015
8982
6144
1238
173
9088
4134
2811
690
9061
8947
8910
9031
8926
9084
2827
9099
4403
8913
707
775
8708
1157
5176
6317
9393
920
5817
2934
1988
8083
7578
5933
5086
5928
2319
266
9167
2842
1839
363
407
9279
1510
9271
3090
602
2266
5948
5308
4117
2010
6411
6413
168
916
5302
766
4
1489
3215
1124
9206
1369
4810
1609
2899
3748
395
1892
110
2891
234
4438
2598
4413
1243
2903
5502
98
7479
5605
1492
5971
5574
745
7580
9472
8177
1090
5910
2615
8954
8946
1219
32
304
6141
92
103
1130
7877
6328
4729
137
385
1350
42
7397
1768
628
2783
5944
7939
6033
7924
7434
2907
4115
2384
2676
567
6352
2404
1729
6168
9010
9013
7398
3769
6386
807
2078
3294
2919
7413
8791
5154
1412
8844
4198
2941
623
512
8011
6478
243
1161
7842
861
1051
6717
6326
1951
107
5708
8150
3787
2074
5684
4351
5780
2447
5797
945
2763
8135
634
8930
6716
1436
6912
9377
1084
9362
3783
4429
8486
5868
3950
2625
216
9518
9506
2370
7400
2954
6222
3785
1133
7460
7463
4424
3509
429
7512
2925
6430
1647
5603
1494
7514
2620
2642
1811
3991
5026
3786
6471
4423
283
769
3451
5508
2405
3768
6024
7157
3777
4329
5503
3747
1705
1164
178
1416
1414
483
4244
7164
2578
9201
96
4174
2854
5128
7017
8268
2519
5145
8840
8807
9111
1996
5019
7796
9137
3750
1445
616
9270
2932
1950
2961
5252
2107
5253
3216
7663
2260
2957
4151
9263
1227
2205
8656
4328
2076
2913
3371
8670
4324
8730
2440
932
8721
1381
2909
3910
1837
1148
1075
2593
7681
8511
5391
7704
1232
208
2821
934
6715
4122
1080
9282
3081
4776
7819
3346
7102
9155
2020
1440
7729
6714
179
4245
8304
9459
5915
6954
4759
2755
37
3075
18
7071
900
1916
5384
7427
8879
749
8647
526
9365
404
2257
893
3226
6713
138
156
186
1511
9392
7158
6712
5833
2804
1074
8123
5582
2687
4143
4358
5578
980
366
2321
7417
82
6465
1755
5170
8644
2860
1065
7419
286
1048
8937
1025
3116
8964
7954
267
1617
1985
6711
2494
6710
1742
4184
2650
2340
2375
2259
805
9029
1952
188
4392
4391
4022
7215
2286
1926
7133
9062
2943
7134
6709
2633
592
1709
1816
4387
2639
7318
4349
27
8977
5806
636
7145
5814
6964
611
4188
2437
2667
8978
5711
3516
556
3814
3816
4565
330
8929
405
5727
8832
1619
4187
201
4348
3301
4330
7921
7849
4704
2706
3893
5820
1753
307
8375
9086
6194
9085
4559
3792
6946
2170
977
3607
7230
5235
4558
2428
2122
1925
3450
2228
149
6976
9024
1782
3503
9027
4226
4553
7114
9032
8990
891
3208
5036
8995
8487
3802
3352
2892
5811
2537
1204
2565
1615
4124
2876
1521
712
4875
917
2382
837
9076
4851
2339
6336
3098
2725
8482
1940
9087
3806
2895
3089
126
471
7889
1906
5329
9053
4319
6494
6705
9069
6340
6492
6491
8688
2311
309
1405
3341
8950
1565
2324
5189
5088
1095
1773
716
4209
3871
7203
2850
2691
1197
120
9388
1655
7154
2434
9384
6484
1457
2308
9378
5981
5366
3941
1572
3163
6129
1005
3344
3682
1143
1938
4752
5353
2877
2814
2453
7013
8024
4347
1939
8033
6483
6700
6410
3442
1215
5110
414
8067
1125
9394
3066
3512
2350
647
8094
7390
3686
656
8104
8106
410
2674
6718
3687
3267
3688
1481
3268
2280
1955
1987
1856
9326
4580
4543
2840
3690
8442
9351
613
2075
3853
169
7384
2245
829
5989
6568
3029
6876
5310
488
6287
7549
7552
6163
1946
135
52
1947
3884
9345
3929
4758
2214
2602
2878
3932
1482
3518
2022
6392
2707
8215
8612
2242
8611
622
131
3697
7439
6412
1003
2780
3372
4009
1408
2817
3501
2485
563
2174
9485
732
4179
4872
5441
9477
6741
5435
1897
1890
9519
7329
2452
1596
1244
9508
3096
5449
3126
9507
4761
7615
2479
5986
928
7598
5964
2069
6232
4491
9499
4231
6179
1386
873
3280
5972
1718
4854
8314
4320
1460
2371
9434
7595
467
440
6740
5049
1919
1800
466
4164
7343
6738
3128
9423
9420
7442
6224
2545
659
6309
1319
7447
1438
4012
7188
3666
4158
3238
5954
7511
2812
9453
3971
2500
9452
433
9446
1502
2558
6735
272
2640
9165
736
6734
757
2147
8839
8828
8821
6140
5121
7765
9199
9190
1752
2001
1788
409
4357
9185
5957
1733
1659
2996
6733
987
5090
6878
4341
2310
3302
1155
2737
528
921
7808
2255
1004
4801
7810
7813
3247
8349
206
2150
9109
6306
4818
2111
9208
3672
7217
5263
4725
9262
596
3675
1526
382
1865
1144
8229
2323
6456
6461
7326
7629
662
7636
1458
7697
830
3118
9261
1256
7327
6415
2480
4269
7331
1871
604
7711
5861
5997
9211
6729
4517
2774
2555
799
2762
1382
6728
8547
6727
2930
6416
1101
9238
9236
275
1503
6911
7691
9241
2105
539
7685
7680
6725
538
4539
3882
7676
2288
1302
2695
2829
3197
9252
9255
4153
3570
3070
5083
4929
257
9257
2929
9234
1632
9220
4534
9216
1057
7706
1037
5473
9292
5987
2128
293
9298
1406
7638
9300
4842
2557
2757
502
8860
3308
3586
5195
9305
9308
7085
7646
7670
1139
3255
1455
9265
3254
8528
2168
729
4938
5846
3358
4498
1564
373
5847
1740
4031
8544
3017
2407
7656
7218
794
6507
364
8272
2101
1857
4480
4482
3742
4956
4261
2004
3085
3974
170
9131
7792
7791
2823
5660
2374
2502
536
5894
3706
1076
1426
1442
191
9152
4485
5653
9141
7016
1194
1806
7388
6719
3093
400
7245
700
9188
2291
7105
2133
6697
1757
5175
8833
4223
147
171
7393
8830
1167
4764
6523
4258
552
4176
8376
9180
3245
4942
1018
3160
6673
457
454
3171
3166
4002
6161
3721
3713
6670
1633
903
59
2396
78
254
8854
1956
3168
4501
7362
119
6543
767
3926
2988
151
9168
7480
2834
1086
2704
7007
531
1112
4183
247
5014
4171
4544
2698
3348
8297
565
1300
3174
1553
3159
3899
2490
3789
4028
262
6965
3164
2355
9460
2487
9463
7470
1743
5745
598
398
9467
3564
9444
7357
7319
1030
2249
6669
5907
4236
2767
127
2338
8216
8621
1062
6504
7180
1066
8884
1873
2040
4166
6668
4853
5034
4836
4228
2451
2239
2241
7271
4291
6130
2136
8655
451
3708
4140
2270
6304
3288
1932
2318
8365
1930
2313
820
235
6038
5763
346
1731
5877
1206
9443
9470
5079
9501
45
1242
3139
2766
7618
4610
2749
7612
4243
2655
6979
3704
9511
9512
362
537
1141
1240
1168
4744
2160
1420
1142
3973
4604
2967
2130
9495
7211
331
2729
2277
3972
9474
3444
2387
5518
5054
6047
1054
5537
4121
9476
2306
3605
2566
4599
3936
7529
3413
8443
9478
5889
3028
2327
5544
9479
1656
4976
9480
4579
6666
4123
341
9488
7276
6665
9344
6054
7124
3980
2644
1518
6137
8742
7822
8081
2187
9339
3527
1745
975
7191
2858
6537
101
3100
2904
2711
4547
606
1877
3270
2709
211
2183
4126
3412
5849
6539
394
24
6663
2127
8100
8164
8731
2269
215
1778
4893
6210
3732
2509
8097
6662
653
2720
815
353
1495
5909
7184
7151
5926
2359
781
6660
4775
9411
8432
3015
9390
8727
1523
1660
7112
6659
2381
2835
1113
5057
4019
2918
1377
3191
6117
3701
876
8719
3002
2093
1607
167
8048
2607
822
968
2769
1849
2095
7251
9382
9383
838
6185
2148
7252
4268
3040
3429
3671
7038
5070
7177
8712
4025
9312
3063
2563
8128
2121
3292
943
8965
6658
6084
6656
8586
2102
4954
1165
1216
6655
2922
3664
6654
8944
2195
2686
5031
7029
8113
2678
5626
4863
224
7283
1209
473
4131
7885
1513
9100
7894
9094
3471
9090
3182
7879
8174
1646
4275
9080
1784
8642
7305
5194
7308
4563
8994
2846
2550
3062
7312
1578
7873
1246
3276
9022
3958
403
4562
3196
7843
3059
2990
1468
1780
3913
3025
2616
7840
9015
3677
3678
7838
7845
7832
8997
7846
2498
481
9075
4146
7862
6367
7850
7991
8383
2099
4356
1245
6674
3862
6877
4378
6675
259
983
1591
3692
3923
4145
8927
6694
6693
8005
1296
1562
4384
8906
9058
1538
1053
4142
8534
6541
9019
1914
1373
2916
1088
3920
8987
1515
2512
3060
8991
6325
4396
9056
2262
7967
4397
3228
4264
1995
3685
2669
6197
7049
761
2668
1747
1964
8514
5479
7958
3223
1228
6418
1474
5887
9524
7949
1621
5645
3409
6331
3548
6374
4878
2576
10393
2751
7961
62
2039
390
999
997
2635
789
6692
722
10389
10383
10382
5749
1830
2694
3579
3065
2273
6691
711
4366
574
504
3889
5200
7296
3902
812
6201
2110
6171
2237
2326
1185
4270
3410
10398
6688
4442
1924
7293
5670
673
8270
256
5114
3398
545
7937
6686
6520
1944
1726
3476
500
1404
2441
3797
1126
2220
2103
8817
384
787
2855
3559
993
5076
4967
3793
6919
10411
5842
10406
2169
8847
236
430
2204
10401
4452
5295
6196
6683
4282
3907
109
7441
5998
3461
2926
2049
6682
6681
10358
10356
1622
3207
5908
2613
10355
2393
7137
6680
2641
2043
251
3904
8012
10354
10353
5259
10352
6679
5233
3373
912
238
5089
3533
7060
825
8886
5418
1198
10343
8353
7974
6678
1483
10342
1834
1717
4295
1670
5397
661
5974
8214
2301
1439
10360
4463
4807
7140
7285
1577
1428
3582
4221
7284
929
3864
10373
4468
3949
3248
3574
10377
3091
3250
551
306
3088
376
4469
7990
7992
791
5339
704
10364
1223
7858
1297
5309
1933
1140
4803
8308
1894
4471
3073
10419
10420
3278
7868
10477
1754
7037
7848
7317
2296
1425
7316
3587
7048
8291
1149
10786
6134
7440
6365
751
6362
687
7830
2163
637
2116
10479
10471
2682
10469
4419
2997
8881
1176
2923
7178
3502
10470
4925
6809
1721
2472
219
5807
5218
6808
3875
10481
3483
3749
747
6296
4421
7898
798
1470
3767
10494
8457
758
8451
10485
503
10483
4861
3609
2013
6807
1606
4427
8672
7233
359
7307
4038
2530
7306
1091
475
380
7025
1041
444
1424
923
10789
1540
6935
8175
2636
10428
6162
2883
4686
10426
2824
4680
3938
3782
4794
3780
3123
7880
3447
4770
3445
5003
3858
377
3071
3336
3778
3460
4958
10424
10423
7884
6805
1870
10457
1785
1779
6406
2079
2521
6389
10448
8152
10447
843
5319
3772
1006
443
5028
8121
10446
1096
10444
2975
8127
3927
1935
3859
2724
2227
525
5146
2385
6802
6897
8391
4120
770
6125
8147
1589
1814
666
2211
10338
5714
1957
3453
1535
10234
2467
1764
1765
4272
2115
7254
1881
2522
1402
1391
4133
5888
452
4011
6536
2872
8132
4276
2601
10220
3635
10219
5521
10226
5900
2077
594
3303
8709
6955
5210
8115
8136
1795
2299
5958
7111
10253
3627
1517
10252
10250
2571
5924
1611
10248
8111
6797
8421
10242
1767
2411
8053
6988
7008
1555
8425
3049
10193
6794
6154
8061
2533
3916
7201
3379
3324
5921
5643
6793
3054
572
6792
2295
6791
10189
3055
10195
4637
10185
2417
554
3406
4021
6399
3550
5895
8026
6436
1550
10197
453
3323
1229
10206
142
10198
847
6813
8427
1104
5520
4118
5141
4846
8699
8700
7263
1221
5132
1380
6445
8703
6452
6457
322
8400
6385
2658
2700
6219
129
2294
2019
8413
3252
1105
7279
7278
8758
88
5906
6831
4852
5800
4615
4177
2348
3043
978
2894
6303
8102
2191
10259
10315
10314
8103
5782
3281
4631
5729
4699
10313
2210
1943
6446
2466
8107
1896
4667
5686
10312
1827
8285
2156
3596
3350
8087
3535
5870
5869
1014
5848
10308
5850
6829
8070
3541
922
8071
569
8073
7202
1378
3648
1103
1953
8470
835
2825
5299
806
6199
10301
2547
10318
1033
8082
8475
10319
7824
7761
3036
411
882
4670
6567
3636
50
10330
7823
7556
90
10329
646
4778
2046
1092
10327
5220
5956
6310
7559
10322
3079
2347
3383
4343
1789
7562
601
5087
1398
6827
1819
1610
3067
3094
2736
1903
2863
3863
7568
2649
2986
5403
3573
5431
5969
7546
1751
3122
1644
2794
3524
685
10275
10274
332
3251
3108
2515
10273
2994
5434
7522
1348
2366
300
5025
3615
939
4178
2092
4643
7524
1650
4980
7273
10271
3645
5927
5935
10270
4661
1226
1941
1331
3275
4651
6825
8467
1537
415
7527
3084
1473
1961
5813
6453
10264
10261
6451
10278
10279
420
10294
6834
10293
1640
2036
4013
2534
4633
2199
5227
2982
6822
1159
5810
8607
6391
2849
7182
2408
697
1597
4638
10284
2030
295
8455
1567
2401
4345
5830
10282
7610
10281
7169
3632
7614
5035
2684
771
10559
4674
2581
10752
7573
10744
2638
10743
6891
6561
1802
10740
2201
6552
3230
3360
2979
1189
2423
1046
2953
1463
868
7269
4241
10735
6442
2699
1079
3860
1110
2034
10730
3643
1687
3977
10
5069
4771
1220
755
3897
4660
654
6152
8868
4305
986
3496
4321
8864
10728
10727
10768
10773
10775
10777
10782
10778
814
1585
10774
6937
7466
4656
6814
153
2212
1850
2790
3214
2693
6790
7444
7373
5187
217
2621
4163
1635
2334
2628
3877
2605
3617
6789
1921
5858
8328
3614
4219
6765
7504
2481
6763
3274
5484
3387
696
5038
10758
8585
2113
2688
2609
6762
10757
1998
4790
1599
1592
2974
8313
1706
6184
7372
7004
4766
7006
4657
2964
511
2963
1461
268
81
3438
6760
10683
2582
3942
4753
4668
1808
3918
10682
6490
3078
5410
5407
6420
58
125
6315
4934
2365
10720
7370
911
8301
10714
1241
5398
3994
7155
1844
5835
6220
6312
10708
10703
6758
3866
2914
6335
3961
3110
1158
5831
1763
5825
3641
2332
456
3101
1692
3467
190
10689
4787
3236
438
10698
2134
1184
1836
4932
4340
1409
6997
2018
4103
8368
10709
2104
7152
10710
1368
6755
2038
2732
3955
1356
10716
5236
2629
1842
2090
355
6419
7751
10717
3969
7753
4622
6754
10721
6753
8377
5359
348
3030
5216
5988
6947
7375
2416
2222
3595
1180
792
1777
6128
786
8811
10671
3099
4065
2809
2881
7392
6751
6750
728
4866
5984
2785
10677
10678
10680
2995
988
3638
4240
7185
10684
2000
5977
2176
3125
10688
3097
6836
2782
222
7731
1354
2392
2553
7065
7736
1645
7738
5414
6402
1471
3018
1533
7740
6342
7742
1447
7744
7745
6953
2208
5960
4114
6884
6200
6746
3010
2389
6339
3634
2574
10754
517
10704
7395
3351
7812
7199
5834
2696
7814
3584
7081
3628
586
3583
4251
6559
4684
10890
6394
2346
2764
252
6766
5185
8870
431
6566
2124
3914
3538
7235
7782
7785
7093
717
6787
1366
905
724
3140
1840
2875
5892
1929
4079
7787
6142
2518
5651
3144
6321
530
10575
1623
927
5048
6767
10569
5674
89
8504
6786
6498
3149
2282
1131
10541
3644
1734
4857
5793
2064
7652
3424
1454
6785
73
7653
10515
2623
3041
6482
6215
3657
10512
10511
5770
4652
408
3038
6784
5760
393
10508
3983
7664
2446
4302
7665
6933
7669
2606
2523
5050
5882
2847
10521
7627
4806
10538
3050
5550
5965
7633
4978
4300
8624
3598
7011
675
6333
7061
1393
4909
5507
8602
2023
8599
10531
10528
7647
10524
7700
4694
10523
10639
3613
10582
10636
10635
10634
10630
10628
10627
3939
7714
4924
2172
10626
8542
1073
1324
937
2710
1172
7719
4681
10622
5580
10629
4678
8497
2386
263
4614
970
6382
7696
6400
5192
5193
1058
10647
2456
5163
1323
1557
3137
4695
2869
3167
1674
5047
850
734
6363
4896
3848
10644
1724
1679
4720
668
10643
6777
7333
5881
7687
2712
10597
6959
4666
8749
7332
6246
7089
5759
2746
7693
2426
1522
2520
7688
10585
4988
1958
7686
7684
8563
3618
10583
1902
4059
4677
6364
10598
10599
6775
10601
6956
10613
1694
10618
3485
3849
3296
853
1464
6773
10604
1224
1716
5980
1325
1285
2063
8264
6407
8657
1887
9743
6474
9741
2619
4653
4654
3135
3978
7641
2662
2207
5383
4919
9745
2287
2958
9734
7632
2528
1899
1122
4352
3776
4823
4664
2727
4232
3074
2659
10787
3997
1305
9731
9730
7626
7648
4965
3979
6771
8784
5824
2081
7448
6769
284
1787
1496
874
470
9758
7650
7723
1421
7794
6165
4487
2784
9754
1711
1756
9752
5604
1291
2251
4844
2789
2062
4255
8677
2819
7010
7781
6204
9727
7779
9703
2097
7775
638
8193
4791
7355
8900
3879
1508
7234
9694
2735
9706
114
773
7354
3957
4044
1822
2622
9723
6573
8794
36
3269
4422
9720
9719
9718
5282
9717
5832
210
3968
2119
8198
5812
6472
4420
585
2194
121
4975
7771
1182
7062
1616
2478
7766
765
3298
821
3466
379
3757
1696
7762
2367
1448
4412
7063
7758
2231
4410
2549
3258
9819
3758
2697
7349
2021
4266
4286
6596
1815
5321
2460
3333
665
4441
7489
7487
9813
7484
8590
9830
2429
2680
1548
9847
3083
6379
7347
9843
886
4063
692
1313
5390
6189
9839
9838
5045
3588
914
6147
7344
8806
6236
2927
3455
3581
2474
989
358
9832
4953
582
2041
6493
4937
9781
1812
2471
314
9780
6632
9778
1247
8866
4288
2352
9774
7064
2786
7457
3536
4459
2577
982
9772
785
7078
6915
9771
9770
5963
4990
6221
144
9777
3896
6635
759
9806
9805
9804
63
9803
3315
10877
4760
6421
609
10878
1732
1078
10879
10880
1317
3528
7337
3179
6463
7613
3313
4299
5024
1833
9790
3912
3544
808
5864
3265
950
9579
9578
3039
365
3925
6380
7604
5178
6968
8589
3810
3791
1450
9581
8669
8659
1769
5103
7055
2240
9573
4447
7538
9570
4099
5688
6018
2771
3553
7536
7534
6642
9567
9572
1688
2155
2760
1864
6003
3332
3886
3006
3944
164
7523
7074
8583
3045
2164
9584
9598
5790
9597
9595
9594
9593
9591
9590
9587
6886
9585
1049
9564
9563
9562
9540
9539
9538
9535
9534
9541
9531
9526
6644
9532
9543
2969
9552
6286
9559
4105
9557
4369
4799
9561
6626
4278
9547
9546
3218
6637
3219
833
4371
8095
8217
5554
9651
9649
6291
6602
4373
402
4817
4280
6447
8693
8706
8726
2531
1582
9679
8058
8055
9676
6051
8052
8046
9673
5124
1072
6455
4399
5027
849
5854
2232
1803
2016
4375
435
2833
2499
2791
8714
7020
8710
4292
4738
6889
4107
9668
4405
1575
6605
3593
2284
8124
1826
1476
2797
9684
7374
1748
3486
6606
6022
4383
2037
6433
1154
4381
4928
2253
8724
3552
2728
7265
8725
66
2634
1008
3963
1488
1741
5934
5583
9615
9622
3695
7160
763
6378
1666
6139
8695
7018
5184
2112
2705
550
4112
5042
2398
1918
9639
7994
9636
3611
227
9632
2788
3661
6486
5916
3058
2268
9627
9626
5091
9767
955
9851
3286
7875
10071
2561
6239
7896
2776
2084
3300
6001
6299
5919
6241
10069
7916
4273
8645
5157
6088
10068
450
10066
4576
10065
360
2647
2714
3307
6401
7248
856
6528
10072
2901
4473
2029
10061
10060
8195
3057
5631
2047
1107
5945
6621
10057
2831
5636
3051
4573
7256
2652
5169
7257
8875
6535
1170
8861
8623
8614
8604
8609
8610
8606
8613
8626
10082
4561
10080
3561
6614
4560
5607
6203
7864
7863
3190
8337
3249
4283
7855
649
6110
2679
7852
6263
7220
5202
1959
2053
2276
4943
2543
8822
6607
2610
418
557
10024
1858
6645
8783
4035
2068
4220
951
4977
3592
5501
944
4551
7127
1608
7147
1487
10020
2120
6538
7972
10018
691
4549
10017
10015
753
2217
946
10022
5512
496
10032
10034
2488
2951
10051
5491
10050
8554
8550
689
4546
3153
8004
10046
2180
3151
8002
5485
5486
3842
7968
3735
1604
7036
6627
3911
4568
4208
1151
3283
6553
2181
10135
7437
5543
3147
577
3739
10152
2448
8561
4598
6205
6344
3600
2067
1128
2836
5884
10151
10150
7132
5517
2203
2445
2526
1353
7297
3156
5883
10149
2162
2681
2585
4860
10148
4813
618
3141
10147
4814
4608
4743
8683
8776
10144
10143
4596
318
8698
8696
8692
3430
10139
3532
4294
4808
6547
737
4981
2884
5081
2368
10156
4230
10157
6503
3287
10173
7948
2690
3998
4589
7947
1379
7950
4042
7971
10166
5093
8894
8878
2510
3909
1390
3131
2215
7030
2213
4001
8591
10161
3714
5738
10160
3142
7425
1866
3540
5152
7859
1217
2108
2315
8838
7228
4782
2989
7106
4085
2739
8332
8661
8671
5776
20
7901
7906
7403
2889
4577
851
345
7909
10175
3868
7150
2369
8579
1225
1954
620
8702
6534
8137
4496
5107
5077
1931
804
4083
2171
3169
3956
8129
6330
1127
1794
10113
2981
524
6578
4821
200
3001
3577
8738
6131
1202
5669
2218
7554
4081
5022
8490
6160
1512
5065
7539
3243
10099
7194
721
5677
10097
7581
2931
7095
7589
7592
2778
8865
8320
7077
6377
1466
2733
296
772
1722
2089
2236
7418
8876
8873
8858
2752
803
3092
7498
10130
6381
4262
310
10128
657
909
424
742
7044
8372
7754
4923
4483
10125
3724
2592
7767
10121
10119
7801
10014
10013
5716
2596
3740
7821
2832
5728
6151
8907
6008
2135
7173
7438
8284
10889
6260
10888
6417
6395
7046
2230
875
6259
8169
6258
2731
9903
9908
3019
7678
883
1720
9900
7690
3021
9898
6302
6063
7689
6640
9894
8503
9909
8206
3839
7644
3414
4531
7639
9921
4207
7198
7401
9920
5063
5033
2579
5836
3731
9919
6065
7772
9918
3034
8891
2027
1586
9916
9915
5015
9913
9912
9891
9890
9869
5296
2055
2529
644
8167
4526
1749
4075
727
6608
9864
9863
3589
3297
5072
5273
9862
7746
4522
4797
4203
5867
3861
2436
494
7749
6609
4904
9868
6610
8387
396
5865
5039
7165
7722
4936
3841
9854
6615
7488
9879
505
4516
9885
4072
3239
9884
1341
3435
5856
1825
6074
1625
9881
9888
3120
8324
9877
4511
4921
7465
9930
4933
4071
6459
7519
1387
7050
1760
9932
3674
3339
1853
7579
2815
9989
5962
5043
7229
2800
9988
6623
1680
6349
9984
1116
3976
7213
6272
7040
1117
367
2906
3887
4067
5243
2689
7533
9990
8479
2012
9982
3375
7543
9980
9979
6611
9976
5955
4970
2316
2094
6285
10791
2138
9981
603
2003
3364
1676
8754
4900
5949
357
3389
9991
5421
8409
1174
4833
7120
5424
2504
1772
8399
8039
10010
3363
3491
3384
10009
5408
5970
10007
2476
3970
4481
4888
10005
8439
8141
241
8125
1845
9999
9996
9994
9973
10011
6485
1982
2816
6634
8119
2491
2033
6016
8594
10790
7886
5430
9946
7423
8480
1531
83
862
3279
8259
8666
1669
9937
1351
2261
938
5463
7870
4721
1576
2886
8640
8741
2868
4739
5061
2412
1848
8842
2666
9940
4816
2841
9950
1349
4308
2424
8831
4222
7034
4088
7985
6588
2838
145
4316
5442
6586
6583
10831
7047
3602
1677
10832
6183
4963
9965
6007
671
6943
6431
113
7970
9963
9958
4494
1913
8500
464
4493
9957
8562
6580
686
8660
1838
866
3693
1389
4859
2624
8744
8737
5208
7420
8555
10272
3921
2630
8516
5913
7927
2238
1345
9968
5317
4507
8787
1147
5020
8293
1218
2660
2224
3175
3032
7422
6950
9942
9997
8059
9978
2673
8592
6844
5373
8460
879
4346
9880
3260
9859
2999
7623
2166
7734
985
1038
1340
7739
3203
845
1560
3134
8826
7433
6934
5367
5357
2082
3376
3472
4199
8711
2506
8566
8588
10838
8232
10839
7189
4104
6233
2856
1570
8099
10106
3161
7426
1026
8532
10042
10043
583
6557
933
6994
10025
7851
4041
2206
3744
3760
1759
4006
4602
10077
1851
8793
8662
8664
7918
859
841
9634
6870
9641
3189
9612
9616
3432
5344
9620
1236
1071
9671
954
9683
5388
9664
3354
9652
996
8759
2575
6843
1846
6155
9589
6874
6861
5826
5454
2044
1067
7083
6405
214
3434
2564
9794
3804
9789
884
6967
8326
6873
2501
8295
9841
3188
5819
8165
5246
4552
7624
397
2781
7760
9823
6473
743
3796
9716
3812
9756
3321
9759
3794
1152
7649
6850
10615
1662
7068
3314
10648
1032
1235
3815
6554
2535
10529
10539
7668
3104
7382
10566
3007
6856
10772
10760
10690
3392
1453
4567
10676
8636
3325
3109
2590
10707
1807
6432
6885
10788
6883
5683
5676
4334
10666
4094
10679
2583
2885
4542
4472
4882
10685
337
2052
640
10767
7443
10737
6918
1435
10288
10290
1631
5755
5753
1630
5523
5536
7571
6898
7197
6250
10834
10833
10835
10305
10258
10203
10205
10207
10214
5053
6300
2422
5122
713
6862
4398
6015
10216
10222
7003
321
2303
368
10455
1029
3903
10437
10500
3458
2857
694
2586
4961
6853
6366
7841
4763
10466
302
7833
5822
5568
10473
2653
7827
4190
4867
7146
5085
8493
2475
10361
3227
5540
4360
1728
3762
2421
10363
7989
10372
1150
6126
870
5829
7987
6841
3382
10376
4359
8549
8000
4406
8505
10402
4055
7292
8663
7295
6881
5075
8495
10381
10387
4835
1121
7959
7130
8961
4449
7136
2056
6868
6864
6840
5925
8951
2588
3499
7976
7860
2057
1966
1277
3312
7876
8752
3908
6901
3224
2911
260
2406
8955
3965
1774
887
9407
740
2250
6332
1673
918
9334
9329
1055
2025
9491
3756
7565
7236
3753
1527
7584
2955
5855
2862
8846
9161
3594
3173
5023
7750
6872
9197
6028
5698
9154
4992
7073
9122
1949
6936
3449
2145
9306
4755
4461
9301
4462
9222
4322
4918
5873
2050
9251
9239
9235
1908
9310
9287
9264
6893
9184
4353
2031
2968
2924
8829
2197
8896
658
2665
2060
7341
2937
6282
7450
7032
2483
7586
5204
2970
995
472
1040
9490
9357
2072
7101
5966
9361
8066
8042
1568
7394
8697
3514
4428
9413
5917
1370
9370
2372
4344
2618
3148
4053
2098
8065
3779
3178
2798
6858
6244
8933
3482
8153
4056
1965
5125
2085
6488
4342
6247
2184
1265
5092
8130
3775
7275
5226
9057
9082
2651
4339
8551
9001
4432
292
9060
9284
2032
6847
981
9458
1776
2777
2484
2905
8740
7022
1628
7429
183
9081
5538
2950
4968
2058
3612
3658
7069
6651
4060
3209
8960
4927
7980
2870
9077
4435
9104
6324
9386
3771
5416
9302
9299
461
5248
7091
7066
9366
8416
6848
9092
3774
1563
2845
6213
8374
9095
9025
7914
9008
5105
2455
1524
8983
7270
5663
8958
2948
2949
6012
5004
3150
3781
3833
3784
8401
699
4034
3213
1069
8088
1013
857
5947
417
9419
8205
4902
9483
8665
5991
202
1208
7035
2442
578
6243
4306
6443
7345
8238
9173
6863
4418
3888
9183
2703
4051
4313
5764
8567
9224
4466
6906
7088
9240
3404
8225
7183
10830
1543
2083
8883
199
2402
7082
4018
8574
5655
8352
1109
4746
3962
9192
9195
2730
7200
6571
2738
3599
7239
9157
3492
6249
8872
8880
5995
8646
3217
7542
2773
1359
6871
863
2960
7122
2202
9332
4945
5018
3759
867
4317
3127
9375
8968
6319
8118
8949
1758
547
6375
8154
1703
5460
2379
5059
3033
8915
4757
648
4453
8921
4310
2380
3237
8572
7131
4054
4444
7957
5104
8701
3960
2289
10385
1636
7932
3365
5929
4408
7928
4052
7935
10415
10661
10414
434
2278
6334
10380
6023
3494
5399
10349
7139
6839
2936
2587
2154
3031
1467
10369
6845
6846
4822
2159
4370
10475
4113
2723
10474
6198
4894
4941
10464
3394
2096
3489
7844
2468
7910
3763
10461
10459
4090
10435
898
6855
10432
6347
10429
4786
10449
5615
2470
7259
10233
10230
5803
10224
2503
10254
10251
6532
10249
10247
10244
2362
10192
10191
10190
4926
8434
10182
10181
2142
8031
6860
6439
4393
10211
3790
5474
5487
8098
10200
1388
10337
8105
10316
8068
6852
2897
10302
8473
7548
10325
10324
4092
3881
3819
10276
5548
3817
6358
7171
10292
5552
7167
5757
3457
2946
7172
10746
10742
10738
3517
8853
7021
8897
10729
10726
6859
4935
4728
7471
10766
3311
10765
949
7506
7507
3229
7496
1854
6098
4095
7474
10711
6865
4096
10770
5656
6842
2051
10719
2692
2663
5722
10672
4873
4185
8340
3106
6875
10763
8637
5692
7807
10557
10556
10555
10554
10553
10660
10548
10562
2409
10844
10847
4991
10845
10843
10848
2830
10846
4202
10842
10840
10841
701
6423
3439
5224
10637
6837
10631
150
8538
7718
7699
10652
3876
10650
4005
7097
7682
8190
8389
8112
5225
7679
10600
2741
7710
1990
7330
6564
9742
9733
1884
9765
9762
2320
2645
6092
9755
6854
8616
8631
9707
6849
9722
2011
4825
9709
9826
9824
4554
3801
6169
4548
7476
5818
9840
8299
684
587
5041
9835
7509
7508
6343
3310
4545
6499
1525
8325
3803
6869
2843
9800
9799
9797
2867
2866
4897
6085
2570
9568
5459
4603
9525
2713
9544
9555
9549
6290
1360
7207
3601
9654
581
9666
3807
8043
9682
8045
2343
8114
9643
5340
274
3808
8117
7161
6230
1804
9637
1790
4600
7264
2349
5101
4777
7908
7212
10090
7836
8327
10084
3746
480
3681
10093
10029
10027
5364
10031
10808
10804
8209
8512
3204
5032
4238
5841
5363
10036
10153
878
10155
702
10167
6916
482
8009
10158
10112
6939
10110
10109
10108
8139
5360
10105
115
7026
3165
10133
5056
4751
7075
8571
10012
4850
1984
2708
3452
8535
9897
3172
4315
589
1900
9911
4957
5937
3200
7769
5940
3155
9886
9883
9882
4586
7455
9987
5375
2980
5942
437
7611
1039
7540
4106
9975
7558
7121
9993
220
3521
733
9995
8393
8145
9948
8041
3745
1250
4735
8168
827
4705
9952
4109
6931
4742
8779
9961
3377
4492
9956
5316
7396
8723
3515
7960
1682
2631
2864
5008
5342
9955
2617
6238
519
5338
1626
6002
2985
6093
9959
9960
6577
9962
3694
7969
4812
8001
6081
4111
8016
6145
896
7996
5448
8223
9966
9967
416
6467
5123
1094
8810
4010
9969
3905
4089
486
2851
4331
4849
844
1486
9951
7922
2256
3359
4740
8841
8789
8799
7415
6481
9933
5058
6592
7831
9934
9935
4930
4809
9936
4503
8465
5462
7028
7917
4504
9938
5458
9939
4087
6496
2265
9949
6383
1280
9943
9944
6253
7878
3840
2844
4489
1920
9947
6631
3433
1667
6046
1529
9970
1869
9972
3898
8143
3832
4779
1326
6639
561
6390
8133
9998
5136
3319
7412
8812
3511
10000
10001
10002
8144
7224
8713
7001
4318
8715
8047
8603
8600
10003
10004
956
1799
6231
7113
10006
8023
2556
10008
8689
8691
865
6435
7405
8035
5426
6896
5425
1818
3185
7414
4527
8181
9992
6646
731
8410
3266
8074
8075
8076
4530
8472
4536
9974
1400
5952
6441
3667
9977
3103
166
7545
3105
2920
3975
5250
8632
1986
3981
4747
9983
3107
4333
3670
7557
1915
6601
9985
8456
4571
9986
3481
6449
6501
2302
3479
4069
5261
2552
6019
2527
5270
4407
541
4510
7452
1292
1254
9929
9872
9873
8336
5277
9874
7449
7469
9875
7237
7162
9876
2902
9878
872
6620
4512
8296
8298
7495
4513
3121
6073
7477
4514
2430
6638
9887
9871
6178
7435
9870
3901
1169
9852
7585
9853
5247
9855
4912
4073
9856
8373
5289
7759
9857
4519
9858
9860
3937
2935
5207
2450
5173
5172
4856
4524
7116
9865
8274
3456
2243
6510
9866
8797
5166
2177
4707
8346
9889
7809
4538
738
7222
8348
4197
1684
9914
6066
7430
3730
3935
3072
3403
2573
3362
7672
860
3425
6289
3986
5237
5838
9922
9923
7666
9924
9925
7635
9926
3993
9927
5705
5703
9928
7703
6647
9910
3465
8773
1427
3261
9892
6569
3954
5700
9895
9896
4964
8722
7695
2328
6633
6545
5030
1119
5695
3743
2546
9901
9902
6544
3572
9904
5706
8533
5158
7407
998
2216
246
9905
421
9907
4508
9971
3437
6579
4086
3737
4999
1166
4077
894
4475
507
4793
5715
7411
1316
2595
10117
10118
7803
7802
5171
5713
7773
10120
7730
4191
1590
10123
3952
10124
3086
4484
3723
7079
3087
10126
8852
5659
10127
3567
10129
2444
7510
8809
7431
3707
10131
290
4080
3709
7446
8871
6966
4304
3484
5664
10132
8322
3710
2234
4505
10116
8869
5120
2449
2715
3193
7582
6055
10115
10114
6587
8461
5678
1031
6880
2654
10098
7219
3162
10100
7602
7601
10101
5899
1288
4971
6527
8267
6970
10102
4855
2274
10103
8173
8176
4972
10869
10870
10871
10872
10873
10861
10860
10859
10858
10850
10851
6214
10852
10849
10853
10854
10855
10856
10857
10866
10868
4994
10867
10865
10864
10863
10862
2465
10809
10802
720
1042
7166
8728
10107
8269
8687
5133
2643
667
6422
6572
6540
2312
10111
3241
6589
842
8732
10134
1449
7421
4838
7117
5792
2086
7000
2701
7902
1634
5798
2186
7872
4582
10137
6591
5761
3928
7825
7416
10159
2285
3717
2984
10882
8633
10881
6225
3915
10798
10793
3024
4082
10162
7406
5037
3537
4290
695
10163
10164
6593
8593
1574
10165
8210
4731
6995
4767
6530
6270
7409
10168
10169
7965
10170
1047
5752
10172
3865
2837
4983
1195
5771
7951
4591
1289
2745
10145
10138
5754
6926
5646
10140
323
5672
8729
10141
7298
1314
10142
2146
3396
3831
2910
95
8277
10154
5016
8499
3192
3711
7926
994
1691
3874
3415
3741
7931
7933
3146
1904
4298
8265
6582
10096
2383
4078
5067
10095
10053
7938
10035
3850
5515
1637
10037
10038
7942
5488
10039
10040
10041
1905
6628
1505
6649
1024
10044
8834
6506
8819
4036
10045
3659
10047
5480
2612
3891
10048
1329
7141
8010
10049
7181
705
7216
2758
4886
4955
895
5494
4982
1322
10016
6164
5509
7993
3542
1328
10019
5506
10021
10023
5513
7977
6951
5504
6938
3563
5497
6387
3729
6648
10026
7986
3727
10028
8630
6604
10030
10052
802
2028
3407
8252
958
10055
4033
8218
4557
1882
2559
10076
7208
4205
7126
6612
4070
7241
7024
10078
10079
3562
3673
3397
7866
5953
10081
6255
1283
3823
7847
383
6882
5623
2560
7281
5633
10083
5624
8230
6542
10085
10086
6616
3821
3668
10087
824
10089
6617
4066
4895
8287
6910
10091
10092
8286
10075
10074
4064
10073
617
10063
10056
7005
5635
10058
4572
10059
6086
7903
1771
974
10062
10064
2799
4570
683
8643
5162
8260
2554
4271
10067
1545
3558
2152
778
2848
6599
10070
3662
2006
8020
10875
4218
10876
10874
8208
8629
5009
7119
10094
9850
3885
2459
6887
3590
7882
1885
9628
6622
9629
9630
9631
3431
9633
5597
9635
3679
1020
7892
7893
3370
7042
9638
8019
5094
6424
9640
608
1710
9642
9625
8757
7231
9624
9623
9613
8395
9606
3698
3020
9608
9609
8394
8197
6077
9610
3696
8437
5936
6102
1082
6613
9614
6174
4110
6549
4380
9617
4908
3691
9618
9619
4382
9621
3044
9645
4385
4386
8419
2742
342
9646
8120
9667
4939
6056
4394
5619
8158
9669
3478
9670
3393
4400
4281
568
6454
703
9674
7369
8248
7368
10811
8282
8283
1137
3053
9675
8423
5493
9677
388
8056
9678
4404
5893
5482
9680
1544
6048
4376
6307
7365
6460
6603
4390
5539
9665
5542
3463
1911
9647
7186
9648
8030
5886
9650
5553
6625
2594
7170
8200
8415
9653
9655
9663
9656
9657
9658
9659
9660
9661
9662
9605
8093
8398
9604
1023
9603
5524
9602
8402
5526
7019
9545
1010
2808
9548
5533
8760
508
6350
8763
9550
8184
669
9551
9553
5644
9554
8090
1271
9556
826
9558
1012
9560
6949
3327
7067
4368
535
3547
3869
6288
3464
8191
9527
8078
8469
9528
478
8288
9530
5768
9533
6903
8085
3211
4008
3523
9536
9537
2744
6924
7379
5733
3546
9542
5875
831
8162
4898
2959
4363
8481
9586
4920
9588
6643
3056
8235
7376
1043
523
9592
1603
5801
880
8679
9596
5096
5778
9599
9600
180
3549
4100
9583
9582
1301
5786
8468
5681
9565
8678
8654
8650
9566
5896
7532
3441
779
3337
9569
5214
2861
3557
9571
3964
1490
2425
8258
8446
1491
4448
4098
5528
9574
3811
1303
1893
9575
9576
7328
4451
9577
3943
1312
4455
5279
9644
6458
9686
9687
6176
5276
4091
9791
9792
7617
9793
4788
7620
6337
5275
9795
9796
6650
5272
9798
6636
7576
5264
8778
7340
2873
8901
9801
2496
9802
3530
8888
4973
5232
7587
5959
265
7590
2939
1813
9788
7594
9787
3919
5111
4717
7451
4227
8882
6173
5951
3186
5394
6345
9773
947
4869
7247
9775
1823
7461
6346
963
9776
5402
9786
209
553
4847
4464
5455
9782
9783
9784
9785
6361
4781
7321
9807
5968
7497
9848
9810
7500
9831
6042
8331
7502
7503
9833
4868
5451
9834
6600
6624
1855
6575
6497
8780
9836
5437
6234
7517
3826
7518
6581
6584
6576
6598
4815
5330
3253
9844
9845
1683
560
5337
1268
8307
5313
9829
9828
9818
5911
9811
9812
5325
4805
7486
3566
8850
3330
8851
811
3576
7348
3597
9814
3569
6595
9815
9816
9817
2879
9827
9820
9821
7756
8378
3326
8827
6470
5196
5354
9822
6585
4415
5312
9825
693
6005
8835
8859
8836
1817
5453
3752
9768
9726
9708
1034
9710
2435
7727
9711
9712
9713
9714
9715
5265
7732
5203
3995
7031
8857
5179
8849
8843
2888
5138
7741
9721
7743
2153
952
7747
6476
9724
8786
7351
3035
7353
4425
4931
7225
924
4845
8580
9705
9695
9688
9689
9690
9691
9692
9693
1605
8351
6384
9696
2978
5139
3205
4201
9697
9698
9699
7820
9700
7356
9701
3953
9702
3504
4718
9725
6823
7778
6652
4430
2719
4027
9766
9728
2333
9749
9750
4431
7339
5999
4250
4880
8887
5006
4437
4612
5080
6262
1675
8837
5590
10177
5587
6036
5725
679
6477
7322
7655
9760
9761
8537
8587
7323
4253
4732
7324
9763
9764
5804
6770
1708
9747
9746
9736
9729
4256
7100
5149
8813
7325
677
3420
5795
4675
5724
9732
6905
3220
6475
4617
9735
9737
5932
9738
9739
6969
9740
5370
8570
344
2297
7645
5923
4642
9744
9849
10176
5062
10178
6043
3138
10602
6772
2671
10603
5428
4265
1098
10605
7709
1318
10606
10607
7713
10608
10610
7227
8539
5293
10611
10612
3825
2626
7721
10614
6774
7698
8510
7076
10616
10617
5262
6067
5281
7096
6370
4267
4649
4354
6060
3650
10584
957
5794
633
10586
10587
6045
10589
10590
4662
10591
2235
5109
4277
6776
7555
6428
10592
10593
8569
10594
7694
10595
7692
10596
6320
5525
840
10609
8558
4645
10619
10620
5489
10621
3996
10642
4819
4058
10645
10646
800
2661
4093
116
10658
10651
2898
5098
8508
8507
10653
4097
7720
1269
10655
10656
10657
10641
5052
4693
5588
10649
10640
1311
1520
4708
3381
2702
10623
10624
5571
3399
7717
6778
10625
189
7716
8546
4210
8739
1315
2336
5627
3194
4224
10638
7708
6318
10632
10633
6780
7705
7187
6974
2364
5640
6116
7702
6316
4102
8668
7338
5609
10581
10560
1061
6170
7674
2965
7358
10525
10526
7673
10527
3622
6109
619
8557
4626
6782
869
6058
10532
3621
10533
5478
7640
7380
10534
10535
6464
10536
10537
10816
2743
10817
10819
10784
1403
6479
8801
7012
5021
4648
7631
10522
7630
6396
3470
7625
2353
10520
8524
852
10504
5530
6783
1052
4871
4826
3846
7070
7381
8527
10505
10506
10507
881
6314
10509
3366
7661
7660
10510
4659
7658
4713
6313
10513
5736
10514
5796
10516
10517
10518
10530
10540
3647
8518
5799
3646
1239
3656
10542
3639
10563
10564
10565
5785
4632
6248
10567
10568
4030
7724
7793
10571
5682
10579
7385
10572
10573
10574
7789
6186
2765
10576
2962
10577
10578
7788
3529
1991
3016
3349
4701
7786
8492
5845
8360
10570
10561
7783
5709
8885
10550
7780
10543
10544
7777
4685
10545
10546
10547
3624
10549
4671
8355
10551
3820
5249
7386
810
3411
6764
6355
1290
7818
6745
1829
4669
3626
8350
5266
1035
7072
10558
7387
5205
3631
984
10580
10659
4676
10792
10795
8207
10794
2109
892
7806
10783
7804
10776
6240
4700
3992
10771
7389
8790
2419
4338
1910
10780
8795
6747
4076
2143
10761
5413
5415
2675
5950
7735
6748
5420
6172
6040
10691
4899
908
10686
6749
7728
764
10681
7391
8825
2991
3498
3497
3240
6166
930
1021
8364
10673
6752
8386
4074
8385
7770
7377
4658
7768
10670
3291
5376
3988
7360
10665
10664
10663
10662
6112
6487
10675
10692
7757
4618
5369
5379
961
10718
5332
1321
2813
3633
1430
10713
10712
4311
1019
6986
6756
4636
4848
4691
10722
3199
10706
10705
10700
7490
948
3630
10699
5652
7485
10696
4688
7483
4719
6757
7482
10695
10697
5765
4769
4679
5642
8292
7478
3880
8309
2376
3642
7475
8305
3824
8188
8189
5734
3649
8302
3985
3652
10715
2772
4630
4312
8244
2462
7054
6972
10669
10674
5946
2538
5731
6759
8814
8233
4623
10687
6195
5555
4215
1259
10723
10753
7056
3500
3469
5567
10725
6761
4892
5298
8334
4303
5447
5443
4951
10762
10764
476
6788
6266
7494
2803
5789
5565
493
7320
8905
8899
6888
529
4168
10756
3130
5534
5762
10769
5767
10781
5751
3505
10779
7159
5068
3845
7462
7266
5177
2065
3129
3934
7459
10755
6815
4698
7456
4233
6907
7454
8319
8318
4634
7453
5976
7268
7596
7521
6029
5044
3361
6021
776
10731
10732
8192
10733
8315
8898
1383
5191
6816
2377
7014
1123
6817
10736
6818
4697
10739
4745
10741
3480
4737
8674
7577
3945
3355
10745
6293
7575
10747
10748
2540
7609
10749
10750
10751
5545
10503
1700
5217
6308
6444
10501
10460
5805
10280
5821
372
7607
4783
4132
10283
7605
5082
10285
6104
10286
1258
10296
10289
4635
6820
741
5260
7572
1330
3933
4665
4032
4629
10295
6087
10287
3930
10267
10260
6450
3436
8641
5051
7531
10262
10263
6983
5465
10265
10266
10502
2987
10269
6115
7193
1327
4625
4235
4650
3924
5311
5336
5439
5436
10818
1874
4046
6992
8597
8598
6235
5464
3064
2657
7041
10277
6049
6044
7566
10297
6990
6996
5409
10298
10299
3917
10320
6251
10321
4239
10323
7560
7052
5229
2507
1266
10326
5222
4673
10328
10820
7053
5271
5290
3357
2400
7138
7551
6177
10331
10332
1658
10334
6071
10335
8478
8477
4687
7547
6006
10336
7883
5211
8084
5291
5297
5278
8736
8735
8474
1320
4152
10317
1044
10300
4683
6429
1287
10303
2717
7123
5294
8170
10304
6944
4910
8441
4828
4692
5223
5701
3539
10306
5697
8069
6830
6062
8769
8273
3468
6565
10309
6980
5871
8408
5872
10310
10311
8407
2167
5654
4966
1725
6257
3304
2976
10836
4903
1723
10837
864
1671
8101
8403
5732
3653
3654
10256
10199
4037
10201
6057
3655
5129
1309
5078
10204
6256
8179
2161
3048
4811
10208
2351
6932
10209
10210
3448
4641
5527
8392
8038
6833
10212
7262
3487
10213
4301
2795
6004
8694
3042
5516
5546
10186
10179
10180
8029
1304
8028
1306
3623
4834
10183
7115
10184
4624
6810
8275
7249
10187
8433
8044
8063
5617
10188
8062
8717
8707
5992
5606
4696
4785
3551
5589
8430
8060
6945
5572
5569
8054
10194
10196
8428
6795
4147
10217
10218
5563
10239
5579
10240
10241
4682
4689
10243
6796
5585
10245
10246
3651
10800
10801
6182
4734
8231
6531
6167
6533
4204
4864
3004
1697
7110
5558
10255
10238
4627
6053
6904
10237
10236
5505
6208
7057
4234
2887
575
10221
3329
3076
4722
6799
3836
6800
7108
10227
8151
10235
10228
10229
6348
10231
10232
8431
2822
5718
4709
3827
8146
8140
1272
8134
5843
8138
152
1264
8436
10340
8157
8605
1549
7214
3293
1960
7258
5151
4881
4289
1649
1643
907
4647
8126
10445
4839
7023
4644
4646
8116
5349
5371
8149
2246
5374
4196
6942
7891
5930
10451
10452
10453
4619
6804
6962
10456
8682
7195
5165
10458
10441
10440
10439
8476
4628
7303
2258
10422
5155
8743
4690
7881
7125
10425
1307
5815
10427
4434
10430
5498
10438
8485
10431
4433
5213
1308
5741
6508
4160
6269
10434
3331
5773
2756
6404
7027
8658
8280
6806
10436
6512
5012
7310
6294
7915
5717
6516
7913
8445
10462
4426
10484
4748
10486
6518
10487
8449
10488
10489
5702
8452
8454
10490
10491
2787
10492
10493
5704
10495
584
8462
10496
10497
10498
8464
7128
5241
10499
10482
6108
3751
5405
4974
7148
4830
5802
7313
10463
6744
10465
6743
10467
7837
2414
7179
10468
4247
4712
6742
1909
8902
8895
1310
1267
6923
4417
8818
7315
7828
4414
4411
7826
8333
6522
6123
7834
5381
2548
4887
3181
6676
4409
1332
4293
6158
8800
3571
8788
5199
8782
7869
4440
10478
7144
10421
4802
2341
10418
6677
2283
4804
754
8820
6517
7232
8845
5209
7857
4470
7856
7854
7853
5343
10365
8370
5333
7920
10366
5331
10367
6409
6000
7301
2439
8384
196
10371
6271
7142
6550
6398
8823
7299
4467
4173
3170
10375
7984
8343
7983
4465
6279
7982
5469
6273
5973
7979
2672
10368
10359
10348
2770
1367
7286
4984
3023
5423
5419
3534
6928
7973
7288
10344
10345
6013
10346
10347
4824
940
10357
10350
10351
533
4703
8014
8013
8390
4993
3299
5148
4947
4458
4457
8008
8552
8007
8006
5857
8003
4192
10378
1365
5256
10379
5283
5000
8625
8212
3446
8239
8824
6351
6070
10403
10404
10405
7135
8536
8638
4450
6218
10407
10408
10409
10410
6993
972
5696
8525
6078
8548
5001
4446
10412
1355
7289
8262
6207
5647
10413
6685
2356
4445
6175
8201
10416
6138
6525
8556
7934
5673
6687
10417
10822
1286
5788
7294
7925
10400
6689
10399
6562
5784
4741
10388
4361
6690
6322
7945
7244
8750
8746
8745
5127
7206
7209
3426
2418
10384
7946
8771
8770
6403
7966
8496
10386
6511
5750
6502
10397
3440
7962
4773
10390
10391
6526
10392
6010
5531
3847
10394
7129
10395
7955
7953
10396
4372
5535
4364
9757
7243
7080
3683
8979
8945
5481
8690
7226
4840
8932
7963
4907
9066
4874
9050
8545
6156
9089
5559
5620
4279
5611
4388
7929
1699
6118
8985
8992
9011
8608
9096
1274
7941
3233
6991
6987
1358
8520
1056
5625
9067
5602
6427
8796
5593
8628
4762
6425
5591
5586
2188
8358
8957
8962
10886
10887
10885
10799
10884
8017
6929
7995
8943
6095
6695
8805
6101
5584
8959
7149
8914
4377
8931
8922
8911
9068
5599
7051
4733
6922
5592
9071
5594
8294
7861
5595
7865
8311
9093
7867
9083
3047
2354
9042
9004
8892
5188
5197
1357
5596
8321
5598
9017
9016
7839
3660
4217
8673
8681
8236
2759
3554
2015
3061
7899
9040
4039
7900
7907
4706
8450
9039
9012
1263
8984
8986
7311
7912
8993
5561
6940
8998
5562
9000
9041
6672
5564
5566
6097
8751
8748
8747
5990
4566
5570
6941
6529
4274
674
8243
3454
5573
5099
8733
8471
7887
7888
9052
8242
5159
5160
5601
9063
6546
580
8923
8920
8916
8971
4879
8183
8435
8685
1793
7255
5164
5167
5168
4574
2008
8948
6657
5982
8422
2589
8935
6105
8222
6952
7253
7176
3669
9387
1016
5046
5212
8142
2397
5174
3008
1099
5610
9380
5613
8050
8051
9379
9389
7250
3689
5616
5618
8240
8250
8426
5073
8429
4723
9372
9368
3844
4865
6242
3873
8022
9414
8025
2344
9410
1015
4829
9405
3728
4555
6661
4716
7118
8034
8036
8037
9398
9397
8396
8091
8092
6226
10883
1187
5013
6228
8635
3027
6227
5011
8634
9335
8160
132
5844
9333
5511
6975
5492
4029
8110
9327
9337
6359
8412
1022
8077
8079
9315
9325
5475
5476
7043
5477
7205
4998
2254
9355
9354
1282
897
744
8227
7569
9103
8483
4613
9343
8484
9416
9418
9521
7563
9492
6664
8651
7277
4711
1262
5874
9487
5541
9484
9494
7526
2802
1273
5547
7528
6252
5549
7530
4206
9475
5519
8639
4296
2801
6275
7541
5522
4611
3733
9497
4605
7599
9517
10821
7603
6276
4607
8226
6245
3703
5529
7272
8458
5532
5622
6920
836
7619
4594
9502
4593
9500
9471
4858
4592
9441
5766
8388
9437
4590
5769
3828
9436
2002
9435
6254
9433
10823
9432
9442
6079
4584
8317
846
5739
5740
9425
6075
8323
7468
5743
6982
9424
9422
5119
7153
3543
3716
5744
5746
7501
5747
5748
9462
9461
3157
8312
1361
9468
9454
8306
5772
5904
4213
8618
4997
1260
9448
9447
9314
5781
9207
9177
9175
7156
5775
9170
7240
7481
5131
9166
7363
5779
9163
9162
4499
4820
9160
7058
4915
4502
5668
5898
6153
5117
7752
7755
9182
5680
2331
9205
8380
9204
4750
3712
5667
7763
7168
8194
5102
7748
6353
1362
819
7725
8362
8361
9193
10815
10812
1135
8159
4490
9189
7733
4186
4488
8344
10796
7246
10797
7797
7774
6513
8781
5206
1364
5648
6509
5649
9121
9120
9127
7815
6281
7817
6268
6106
9113
8867
8245
8241
1011
7799
9106
8357
9105
7798
4486
1118
5657
2517
7784
8573
5658
6368
9153
9142
7238
5661
9139
9138
5662
9135
8517
6892
8509
5687
4478
7059
936
8502
2940
8498
3738
9522
4477
9281
9280
7654
3578
7657
9276
3183
8543
8541
4862
9274
6981
5726
9269
9268
1114
9266
5707
4509
8522
5690
5691
1257
8257
6011
4528
6369
5693
9304
9303
5694
1070
6388
2420
4529
5190
7359
5186
9297
9296
9295
9294
5840
9290
9289
9288
9260
9259
1278
9231
9229
9228
9227
9226
9225
5238
7707
6298
7712
9219
9218
9217
6064
1898
9213
9212
9210
5255
5221
9246
4535
6984
4194
6985
4768
9253
7675
5288
6723
8513
8213
9249
6724
4789
4252
4540
9247
5304
9244
5305
9243
3603
6925
4249
8565
5853
5274
1255
1000
4520
6437
3725
6902
8559
9242
8553
9245
8564
4248
9258
9248
2024
8163
8253
8278
4518
1352
6069
9214
8531
1333
9221
4246
9232
3386
4876
6072
9233
5287
3585
6076
6730
9291
9293
8652
2454
8581
1059
6181
8582
7098
5257
9307
9309
1136
3580
3676
4048
6157
9286
9285
6080
8523
5267
6731
4792
9277
9278
9283
7086
5280
9132
9133
9134
9136
9140
9145
9147
9148
9150
9151
9130
5300
7776
9129
1261
9107
5292
7092
9110
9116
8224
3959
3380
9118
7811
4913
9119
5230
9123
6192
8187
7805
9156
8345
6732
4800
4523
7737
8341
8855
4889
7350
7033
5156
8848
9191
9194
7726
6448
8363
9196
8577
8576
6973
3495
5450
7764
9200
9181
6927
5411
5412
4710
4045
4832
9158
9164
5417
8335
9179
9171
4532
4049
1334
9176
8303
3264
7473
8300
4156
6736
6209
7346
5422
6737
6009
6039
8804
8330
6894
9464
7342
9465
9466
6041
7445
1050
5392
9456
7467
9430
5393
8279
5134
8237
5135
5985
9427
9429
5400
9431
1335
5153
8863
8862
5142
6721
5401
4891
6570
6948
6150
10824
10785
10825
5429
9469
6978
7087
7583
10807
6136
10806
10805
10803
6135
6052
8196
9504
7616
3843
4182
5113
7621
1336
1028
9510
7606
8615
8601
5433
7099
6188
9520
7090
8255
5116
8680
9473
6082
6187
9481
6284
5445
7103
9489
8219
4995
4212
962
4714
7567
5334
7564
6111
9493
5335
1337
5341
9346
9347
9348
4916
5328
9350
7550
9356
5327
5326
6237
1338
9359
9360
1339
5320
4989
6998
6216
6999
9317
9318
5322
9319
9321
8072
8774
9323
6180
5387
4581
9328
8627
8211
8109
8406
9330
4585
6121
9331
8404
5377
9338
6879
8619
8178
5378
5939
8397
6107
6699
1009
1693
6556
9396
5385
9400
5386
4588
9401
8704
4335
7015
9409
10892
6278
6113
9415
4609
8021
5355
9369
6277
9371
9373
5356
8424
5183
5181
8716
5362
9381
8420
5365
5710
7242
5791
9102
8908
6701
8131
2198
5361
5358
8973
5352
6114
8941
8940
1270
4119
5372
8974
8180
8155
10891
8148
8909
5324
7163
5318
9101
5315
4727
8765
5201
8249
1342
9055
4597
5444
8466
9048
5440
9072
8584
6132
9091
8491
5432
5452
559
4578
4827
6495
7874
7895
7897
3830
6706
8444
8161
5994
4127
5285
6909
7905
7904
6908
8459
6090
6091
8463
9021
9020
8186
8440
3423
6094
9037
7835
8989
8329
7829
9003
5245
5219
5234
5198
6372
9098
5268
9045
4905
6191
5699
8379
9059
4569
7988
8925
5719
8963
8967
8975
8976
5712
8347
8953
5665
4564
5730
6099
8972
8970
8018
1343
8356
8359
6100
7143
8980
4389
8942
7287
5130
5756
8519
9054
5140
5551
570
8798
3883
8261
4139
9007
9006
6274
5490
9014
8494
9023
9030
7930
4395
9038
8999
9002
7944
5112
4914
8924
8919
8617
5496
7956
8966
3795
6103
5557
7104
8918
9311
5614
7964
9035
5612
7940
9070
1279
5993
8904
7404
4796
8939
7978
8936
9047
10893
8338
4401
4402
9018
9079
5641
5639
5634
9065
6921
8756
7408
7428
5576
5560
5514
8417
9385
7399
8718
8246
8684
8064
3761
9391
5671
3834
9408
9406
5284
9395
5239
5126
5303
9336
8761
8405
9324
8414
9320
9316
9340
5240
9358
9341
9482
9516
7424
5406
9505
9498
7574
5446
5323
9428
5382
5380
5345
4456
1344
7516
5347
5438
6555
9203
9198
6035
5467
9187
5461
9128
5005
9126
5456
632
6031
5404
9273
4314
7662
7671
8529
5395
8667
8506
5427
9250
4460
5251
9237
7009
4047
6989
8515
6025
8276
8734
5150
6026
9230
5301
6371
8540
8526
5286
5231
4327
9209
5254
5689
9143
9146
5650
5679
9112
8889
8802
9117
5675
9125
8785
8234
7039
5147
8271
5143
6034
7436
5137
9202
8381
8172
4917
7622
9159
8367
8366
6913
9169
5510
5500
9172
4784
9174
9178
9313
9449
9455
6193
5629
5575
1346
8877
8893
9421
7464
4165
6223
10813
10814
7520
3837
1281
9438
5182
8675
8263
5180
4996
8622
8620
9486
5577
8648
8653
8649
8777
9349
9363
5628
9322
6895
5637
9399
9403
9412
7002
6030
8203
5608
8720
6426
8247
2608
5495
6027
5483
6900
5723
8956
5228
8182
8912
8221
8766
8767
8753
5242
9078
4702
4715
9074
5468
9009
9005
8453
6914
4155
8981
9034
9043
9046
9051
9064
8917
7981
6280
8952
8969
1347
6356
1977
1974
1973
1971
1979
1967
1980
1969
1970
1972
1975
1976
1978
1968
1981
