1681
3380
1664
2184
34
2277
1648
3943
5359
374
2776
905
4426
970
3510
5826
1527
2473
965
3054
2308
5607
3248
3333
9537
1598
1628
4217
9503
6945
156
843
9569
140
2863
1192
5020
5828
2994
2037
4063
4093
5791
9144
339
2344
1424
7807
1461
9069
861
6425
1000
3230
1906
5080
9079
2299
594
7783
8365
3872
6043
6755
8960
1429
748
642
8110
336
6759
370
6762
2413
1472
1099
2474
942
5966
273
3345
1890
10437
827
3149
2272
2292
439
3784
1175
606
1670
498
714
717
8079
5325
1929
1498
68
5055
2442
49
4710
10713
3833
446
1434
4846
2947
538
8235
4286
4707
228
2047
8241
1287
206
5327
881
289
4758
3800
1244
359
6544
15
387
176
316
78
253
199
624
10645
2155
716
2908
7201
232
1783
6105
4821
5458
4144
29
45
425
42
2109
1007
5910
5473
3594
372
9801
2074
4890
1533
6572
135
1693
9880
2285
17
4296
125
163
3456
456
16
4106
6575
326
1105
1126
426
760
8890
1188
4315
1052
2129
951
40
466
961
10264
1490
494
5848
928
3868
3607
2597
6847
7562
2479
1200
147
3624
424
4074
2239
26
1880
5264
4864
3214
9221
5043
10139
1605
6808
7369
3367
277
6067
6844
69
2032
2305
609
2259
1984
4044
4725
4967
2517
2322
6349
658
2247
1573
4243
2485
672
1548
908
1737
319
4249
1499
1154
1167
3949
3406
2508
2238
129
3716
1069
6071
2506
5654
2076
4138
4137
9955
86
12
1237
18
2587
444
558
377
3339
7689
559
10637
2649
2131
6649
733
3870
1845
7622
6659
2928
3049
869
10566
6526
3565
2926
3566
221
3288
258
4865
2146
1733
7473
4023
75
10757
5885
6273
4770
1485
2913
4222
3127
3758
6311
3188
1227
851
3883
752
10388
3842
667
1055
2411
2414
4188
348
2853
7176
2514
155
6944
1077
131
1828
1124
9
185
6108
1970
3588
8034
508
8559
6210
6656
5891
245
10486
893
276
101
22
264
313
73
3450
334
4908
4355
8025
643
3860
1238
10473
4431
5870
1987
6242
7212
7207
5017
2873
8829
1705
9148
3835
7316
3201
4867
4039
512
1435
4968
7775
39
967
6628
354
303
6244
5912
1621
3525
4991
983
4939
710
4755
1730
427
3245
2885
491
175
8921
777
4927
4082
1195
3307
7698
149
8918
6
35
2200
13
570
62
2657
9615
6321
2804
7757
6577
7746
6127
2522
2306
3044
1181
9550
2807
4528
3027
1189
604
1822
2746
1363
9693
6790
1201
142
3034
2535
982
9724
4169
124
1802
3695
5536
1399
4579
8151
5938
3366
9439
14
549
1798
281
7891
4648
239
7401
6360
10549
1936
4698
8514
461
1639
2435
1475
285
9418
8466
3129
3676
3314
3136
3958
1687
3232
3114
32
5003
2981
4608
4986
1855
1097
3258
4630
6338
958
4876
2182
1930
77
5547
744
2165
2340
294
6318
2615
2278
3834
188
3156
4318
5817
7914
2805
4929
412
6594
9528
738
2042
1409
4935
5501
85
332
7739
6583
4519
9513
3337
2722
5991
9616
7750
4568
5812
3022
510
4175
6047
1800
196
5066
1697
8964
647
6543
1720
1083
1565
1579
1288
4727
2087
1416
7248
7714
3973
9140
3627
8535
1994
7421
178
620
205
5279
463
70
76
308
80
1060
1178
6001
1678
7819
1888
5331
1246
1411
3206
7824
2166
1637
1243
1164
7822
1809
6078
4087
3944
5805
1898
2607
568
671
4047
2232
1391
3526
297
8179
1171
3527
1525
3053
2953
1885
1194
9129
1816
8104
1121
3427
6734
1534
380
1054
2268
2500
4750
6448
806
994
5856
1479
55
3960
1523
3195
58
6747
223
1389
5196
669
2892
3987
1268
917
260
2226
301
1823
626
483
241
8522
447
1656
161
808
1440
10494
2321
2331
817
10509
8492
2626
2632
2866
1587
618
10332
1690
112
1925
2841
7191
4476
164
2812
4494
1137
3744
1430
571
6308
280
3743
1494
1471
7273
10314
3100
3445
2002
1190
197
2934
6342
7407
2931
1743
226
269
30
119
213
229
41
421
1196
2102
1384
6041
2108
4384
7045
5689
1630
1202
2698
6666
3764
443
10700
5684
2138
3196
2203
299
1957
1934
2925
2298
6638
1410
1612
6024
6007
542
2122
3190
4002
368
141
1138
10666
2704
5943
4435
3952
94
541
3538
6309
2754
8468
5610
5998
1861
9961
963
891
1229
6714
608
390
3831
790
2642
54
641
20
3208
118
440
9887
3292
8753
8635
6444
298
7413
2116
7535
6061
3981
9881
6613
9835
369
3991
7640
490
6246
193
2694
1569
1572
2009
2309
4244
1960
105
572
311
1503
4274
7291
6387
956
7182
1748
324
10218
7506
6283
6503
3979
4196
3708
7
10186
5823
236
8534
10287
10260
72
3704
3901
4236
723
312
3374
1682
2828
6506
3322
3357
6054
1640
589
270
1436
6842
2162
1367
2945
726
2258
3151
6954
4190
8608
1541
2771
6373
2946
1037
1091
1729
2501
1530
936
1427
4695
5341
2948
95
6498
4205
1649
2106
787
3087
66
6874
4056
449
2250
6942
8267
530
3348
6940
8214
6192
6193
1653
10800
4872
2023
6943
2253
2420
2440
4962
113
2959
2938
2382
398
3869
493
4522
2118
6295
7292
779
911
3604
411
1600
3846
5481
2799
547
5840
486
1606
2152
2293
6421
10278
4613
6797
10226
3184
1187
1366
3317
709
4621
1777
3961
3320
1701
3179
3611
1405
1641
1500
195
1393
8447
282
2540
1706
3964
2990
865
2020
10223
107
1448
1198
2743
485
7260
7309
1597
4103
5540
2846
3597
2729
350
8426
3186
349
9853
2845
2881
1291
778
3274
5150
4954
65
3387
3530
902
7237
772
351
1589
523
6340
6182
2791
4
1402
183
519
204
23
47
31
3619
8581
1438
109
7665
9777
793
7540
2891
9772
7528
2363
9756
766
2388
528
341
7526
1834
574
7529
652
5878
6555
471
631
1406
4562
3335
3596
279
320
2067
9888
1425
1543
515
3843
9969
6723
3595
536
7590
7064
6271
10005
2792
251
10017
468
7522
1524
697
10010
7520
1386
6629
2878
4623
894
159
6964
3347
819
2
8
1
636
173
7654
1473
2528
459
5813
9928
3778
8692
2452
8238
1699
2943
6130
1222
1562
3395
1752
5272
1793
209
919
3016
10670
3073
5917
3584
4921
2159
2648
593
1553
992
50
4980
271
6128
6442
8707
7420
8706
804
5018
1768
833
511
7362
1452
6527
1576
2199
788
2956
2313
2320
4411
327
3239
100
943
1274
7160
10814
3396
4943
4335
10813
4817
6103
8276
4330
8275
2373
10815
7028
8190
2712
3397
4857
1971
7161
10812
3121
315
3299
186
2902
1825
2324
10727
5801
10720
5015
225
2221
3382
3801
234
579
2038
1872
2987
1673
6912
8278
10376
48
437
1939
3370
1643
1550
10373
2117
1421
10363
7396
740
103
3038
3947
2801
4440
10408
3171
2405
3797
406
106
8083
1115
10358
1923
3589
3452
5353
1220
6081
329
2979
10
2207
8166
3808
1623
1185
3055
662
8802
699
8785
7306
1806
1093
6281
7980
4514
7990
1985
134
1870
2939
10536
5877
4068
1457
3536
4035
3213
5047
2472
617
1168
1549
1368
1711
2836
2392
3496
10440
6698
3240
742
4796
3102
2145
701
5466
4684
2245
44
3226
8074
4926
1454
10463
2730
177
8342
4090
516
700
8144
488
3875
4584
4133
6742
4142
3830
2699
3379
8561
8562
1580
8156
2718
3383
6248
8208
470
1551
1364
1841
24
3836
8843
5124
6398
8847
2333
5621
8134
3777
5620
4354
815
1546
5939
6703
8941
545
3557
9149
7835
5889
1493
3037
1226
6710
1723
2366
1339
2599
6712
4180
2447
882
3407
1848
2478
3106
287
4050
496
52
457
1145
7062
517
1975
9060
877
9042
3400
3453
1838
7044
1920
6721
1694
4209
389
1538
1657
9081
3468
959
9120
774
4253
4260
7356
7310
2998
1214
1972
8627
255
3593
9198
1558
9216
4521
2798
5166
4173
218
7378
1634
1868
2119
5404
9133
3280
2148
4303
2493
5959
2620
4327
4715
5143
5568
711
9009
3293
824
2029
5555
4020
6545
8981
1464
5480
3296
8979
1079
3483
6472
71
3942
1387
1771
7249
6423
6138
3259
2354
6201
230
1180
2770
423
1149
8947
2377
3399
478
1492
5888
3193
9555
1377
4892
3398
1794
3159
3189
6391
1869
1753
1772
8681
2211
2093
8252
2126
8695
8727
8728
3931
544
1710
6585
3709
3776
7411
4418
7928
3922
3268
2570
587
5940
5647
3760
1511
88
7933
2586
615
6114
2519
5820
4732
4445
5725
7927
2334
3988
1166
4130
1529
927
4131
1813
1676
5844
4095
9740
9739
250
5859
9737
481
7911
5818
4143
495
5686
2758
9726
288
6418
3766
4359
4806
5073
7945
9628
3537
2579
144
123
160
634
9627
81
8408
6843
2879
9668
5600
1113
3455
4107
4110
2666
5593
3906
9353
3948
5040
3494
7958
9301
2610
1030
56
317
162
278
7365
633
194
87
98
3
61
1074
9318
5768
5787
6884
4413
6289
3301
3533
782
1732
2202
328
57
458
231
7870
1893
3528
7862
3586
9253
4049
3570
656
4931
6329
3467
6848
9238
562
7852
687
346
4681
9228
325
1284
9227
9252
5905
338
1728
3002
3243
1474
2494
3628
2439
9255
2543
2175
3324
5261
1883
1289
9279
706
4704
3328
27
5802
1585
3640
7872
1928
2433
786
1203
1712
3898
4062
5830
1832
4061
880
434
9431
182
9429
9451
3689
6439
4635
3692
5942
8317
1404
1590
4100
4995
4099
923
5960
353
993
1586
7078
1660
6800
3225
1571
6906
6523
5401
2606
6528
9375
3115
896
506
9374
9368
9365
502
9364
2068
1489
2065
137
2177
385
2555
4279
7333
1163
1152
1599
295
573
7879
1859
445
9415
7888
1921
9413
3133
2695
3677
3229
8280
4146
5798
2991
4642
9389
2572
7885
1267
4690
3977
5913
3544
2356
9401
5924
9406
4966
601
2461
166
418
1505
8320
7882
4102
4934
3128
9411
391
4753
3369
305
2723
2090
599
4510
1207
518
1654
2053
4527
2227
1073
3970
1618
539
8818
4229
2520
1155
1865
1414
2561
850
8287
8310
8170
7875
4124
2088
1778
242
3908
651
1740
3664
2181
898
6787
8309
2051
246
2498
9370
7880
1086
6165
3111
2592
2282
1966
7898
3698
2099
769
622
1955
6529
5405
214
1130
1089
2390
795
1563
4600
2603
244
333
7901
3241
3697
3158
6803
7900
1388
3005
1763
2302
403
2864
3512
8832
4930
2422
591
6183
957
691
3143
3260
6535
1508
9475
7379
1789
1174
1864
3693
1445
9478
3524
7899
2733
1376
6806
1995
673
430
3688
2917
7240
6813
9453
632
6772
1874
2992
7178
9427
2315
6124
2192
5035
5983
158
1476
4301
3286
2486
3929
1831
2057
6779
5487
1873
1977
2487
6780
3663
1899
754
3219
4823
7270
36
2483
5004
621
4292
1002
5847
3351
92
7893
9442
6125
1230
174
9444
4067
2802
675
9446
9447
9355
9469
9336
9256
2806
9257
4537
9258
698
767
8820
1151
5120
6264
9261
912
5792
2912
1967
7850
7849
5793
5012
5933
2303
266
9278
2820
1854
362
407
9280
1495
9282
3084
596
2243
5937
5225
4033
1988
6381
6380
169
907
5220
759
5
1481
3262
1109
9285
1361
4784
1613
2888
3633
394
1896
111
2903
233
4651
2532
4639
1234
2897
5334
99
7846
5328
1484
5908
5370
737
7845
9234
8172
1084
5894
2562
9244
9246
1210
33
304
6122
93
104
1122
7840
6316
4709
138
384
1333
43
7417
1756
623
2763
5862
7868
6018
7865
7403
2884
4031
2345
2664
563
6341
2380
1722
6144
9337
9340
7366
3656
6368
802
2056
3273
2871
7335
8781
5125
1403
8779
4177
2997
619
509
7859
6419
243
1153
7858
864
1043
6828
6304
1945
108
5754
7856
3649
2054
5758
4332
5755
2437
5752
937
2742
7943
625
9292
6830
1426
6902
9298
1076
9304
3647
4470
8286
5884
3919
2569
702
9308
9310
2326
7350
2999
6203
3699
1125
7955
7954
4396
3495
428
7951
2865
6413
1644
5644
1486
7952
2558
2623
1811
4003
5087
3751
6432
4360
283
761
3432
5592
2384
3750
6102
7140
3749
4288
5582
3748
1698
1156
179
1408
1407
480
4223
7150
2568
9664
97
4089
2839
5140
7019
8237
2513
5103
8670
8655
9675
1973
5079
7974
9679
3741
1437
610
9683
2911
1941
2995
5708
2086
5706
3253
7978
2248
2996
4128
9652
1218
2168
8671
4265
2049
2870
3350
8676
4263
8667
2436
922
8640
1373
2899
3892
1842
1139
1066
2577
7967
8405
5701
7964
1224
208
2785
926
6782
4104
1072
9641
3126
4754
7944
3316
7120
9647
1998
1433
7925
6774
180
4225
8397
9722
5909
6937
4739
2732
38
3132
19
7156
892
1894
5682
7357
8747
741
8746
522
9733
402
2230
884
3187
6796
139
157
187
1502
9744
7148
6811
5846
2781
1067
7916
5732
2660
4122
4491
5735
969
367
2275
7254
83
6496
1751
5188
8732
2832
1057
7375
286
1041
9694
1001
3051
9695
7940
267
1591
1963
6821
2455
6823
1735
4115
2618
2318
2348
2244
805
9701
1940
189
4432
4430
3951
7199
2264
1915
7154
9710
3003
7153
6769
2585
586
1702
1814
4504
2616
7340
4306
28
9715
5850
627
7127
5790
6948
605
4168
2415
2645
9620
5646
3546
554
3759
3756
4397
330
9522
404
5660
8773
1594
4167
201
4290
3282
4304
7931
7929
4464
2683
3877
5906
1757
307
8450
9533
6176
9536
4427
3714
6929
2136
972
3583
7206
5760
4434
2406
2096
1924
3428
2205
150
6962
9546
1773
3479
9547
4206
4451
7124
9520
9489
883
3175
5086
9490
8446
3710
3343
2887
5918
2515
1191
2560
1596
4057
2854
1513
703
4855
909
2327
832
9497
4833
2317
6266
3154
2702
8445
1933
9499
3706
2901
3110
127
469
7733
1901
5302
9504
4245
6492
6582
9514
6314
6482
6481
8685
2288
309
1397
3312
9590
1564
2287
5154
5031
1087
1765
707
4194
3844
7198
2826
2669
1186
121
9597
1646
7132
2410
9598
6531
1450
2280
9604
5962
5356
3926
1557
3145
6112
997
3338
3717
1135
1931
4730
5364
2856
2796
2425
7007
7762
4264
1943
7753
6429
6573
6379
3424
1206
5091
413
7729
1114
9559
3068
3470
2362
638
7709
7422
3731
644
7706
7704
409
2655
6624
3728
3218
3725
1478
3209
2257
1948
1965
1852
8952
4551
4552
2821
3722
8428
8901
607
2034
3832
170
7278
2223
821
5969
6551
3008
6859
5274
489
6263
7701
7699
6152
1935
136
53
1937
3859
9007
3912
4738
2193
2593
2857
3918
1477
3486
2000
6370
2684
8197
8604
2218
8598
616
132
3617
7425
6386
995
2759
3354
3953
1400
2800
3488
2469
560
2163
9000
724
4065
4845
5524
8898
6614
5500
1895
1903
8973
7287
2428
1607
1235
8989
3065
5482
3099
8968
4741
7700
2457
5964
918
7710
5845
2048
6220
4610
9018
4211
6155
1378
853
3173
5857
1709
4835
8354
4289
1449
2349
9027
7711
465
438
6608
5042
1916
1815
464
4161
7300
6607
3163
8917
8895
7722
6205
2534
650
6307
1309
7721
1423
3968
7174
3612
4108
3180
5929
7716
2795
8939
4005
2497
8934
431
8932
1501
2525
6599
272
2625
9151
722
6556
749
2125
8777
8755
8754
6121
5170
7727
9130
9131
1747
1979
1775
405
4337
9132
5786
1726
1647
3000
6557
979
5027
6862
4323
2301
3287
1146
2714
524
913
7799
2225
996
4808
7815
7814
3247
8344
210
2127
9200
6325
4786
2097
9202
3621
7203
5389
4705
9211
590
3622
1518
381
1836
1136
8215
2290
6426
6471
7408
7804
654
7802
1451
7818
822
3105
9065
1259
7318
6392
2462
4235
7317
1833
598
7828
5919
5976
9040
6563
4649
2753
2546
789
2739
1375
6568
8357
6558
2872
6399
1094
9110
9111
275
1496
6914
7781
9080
2098
535
7774
7780
6720
534
4585
3866
7773
2265
1304
2673
2808
3263
9093
9097
4054
3541
3131
5065
4910
257
9091
2860
9099
1619
9089
4572
9087
1049
7766
1010
5522
9116
5971
2091
291
9113
1398
7790
9076
4822
2550
2735
499
8887
3297
3481
5182
9036
9035
7048
7797
7795
1131
3216
1447
9055
3251
8370
2161
719
4914
5925
3327
4387
1556
373
5838
1734
4011
8369
3001
2385
7798
7204
785
6443
363
8240
2089
1847
4457
4424
3806
4936
4329
1981
3166
3996
171
9178
7787
7786
2788
5627
2370
2511
532
5947
3794
1068
1418
1432
192
9205
4363
5606
9203
7025
1184
1812
7322
6711
3072
399
7229
681
9138
2269
7054
2112
6709
1761
5183
8825
4203
148
172
7332
8830
1159
4749
6474
4230
552
4101
8366
9172
3191
4899
1017
3103
6704
455
450
3112
3140
3941
6142
3823
3821
6701
1620
895
60
2374
79
254
8856
1949
3074
4394
7406
120
6460
758
3915
2993
152
8911
8092
2813
1078
2682
6992
527
1107
4160
247
5068
4045
4339
2680
3315
8375
561
1290
3062
1545
3058
3873
2507
3803
4008
262
6947
3078
2371
8965
2505
9012
8109
1736
5276
592
396
8980
3519
8958
7384
7385
1024
2231
6765
5872
4216
2747
128
2316
8202
8610
1056
6453
7162
1058
8877
1866
2017
4076
6766
4839
5083
4791
4208
2419
2217
2216
7391
4325
6110
2115
8879
453
3782
4092
2242
6328
3224
1918
2300
8337
1919
2295
811
235
6014
5407
347
1724
5836
1204
9510
9941
5000
9755
46
1236
3116
2744
8126
4564
2731
8140
4224
2631
6960
3820
10458
10461
361
533
1133
1232
1160
4726
2141
1412
1134
3976
4646
2924
2073
10464
7196
335
2708
2255
3993
10471
3425
2342
5471
5013
6038
1044
5464
4091
10472
2276
3585
2575
4569
3897
8013
3392
8348
10475
5814
3007
2273
5459
10477
1650
4952
10478
4620
6744
4125
340
10481
7268
6700
10426
6086
7112
3998
2622
1510
6120
8792
8018
8019
2160
10430
3504
1738
966
7177
2844
6445
102
3165
2894
2689
4599
600
1871
3222
2687
212
2134
4094
3391
5930
6446
393
25
6648
2110
8008
8147
8833
2241
216
1779
4881
6191
3814
2463
8007
6651
648
2700
809
352
1487
5794
7170
7068
5851
2347
773
6655
4756
10519
8435
2922
10524
8828
1515
1652
7072
6657
2343
2818
1103
5028
3954
2868
1369
3169
6091
3819
868
8852
2967
2071
1609
167
7991
2588
812
960
2748
1830
2104
7250
10541
10545
839
6171
2128
7258
4250
3023
3408
3779
7021
5016
7167
8842
3962
10487
3075
2589
8001
2084
3223
935
10493
6645
6040
6644
8572
2081
4941
1158
1208
6642
2875
3799
6640
10511
2153
2662
5071
6996
8067
2659
5222
4840
224
7404
1199
475
4034
8069
1506
10328
8077
10334
3448
10335
3061
8084
8159
1636
4232
10342
1776
8884
7349
5135
7319
4699
10345
2825
2553
3064
7402
1570
8038
1242
3178
10351
3938
401
4378
3252
8041
3060
2980
1460
1782
3894
3004
2554
8043
10325
3785
3781
8049
8050
8052
10303
8057
2482
473
10304
4030
8058
6353
8051
8048
8315
2105
4336
1240
6684
3841
6860
4500
6686
259
975
1583
3798
3927
4081
10394
6688
6691
8068
1357
1554
4447
8893
10406
1521
1047
4064
8281
6491
10413
1897
1365
2859
1080
3913
10414
1497
2490
3036
10415
6284
4385
10417
2249
8003
4395
3182
4293
1974
3802
2647
6178
7031
753
2646
1739
1954
8313
5595
7985
3185
1223
6400
1467
5863
10369
8030
1602
5599
3388
6294
3503
6357
4860
2566
10387
2727
8023
63
2016
388
989
991
2614
781
6678
715
10386
10420
10548
5710
1824
2672
3509
3104
2251
6676
704
4412
569
503
3874
5131
7311
3888
800
6187
2082
6145
2215
2279
1177
4262
3390
10709
6674
4505
1911
7334
5676
663
8258
256
5122
3377
543
8106
6672
6505
1932
1719
3454
497
1396
2431
3787
1106
2198
2101
8766
383
776
2850
3559
984
5024
4960
3816
6886
10729
5932
10733
2135
8776
237
429
2147
10738
4480
5727
6175
6670
4261
3891
110
7427
5984
3449
2876
2027
6668
6667
10685
10688
1614
3181
5934
2605
10690
2360
7060
6770
2624
2021
248
3882
7465
10696
10699
5720
10702
6673
5605
3353
904
238
5005
3556
7043
810
8760
5587
1193
10754
8296
7454
6682
1466
10745
1827
1707
4295
1662
5639
655
5886
8198
2304
1431
10744
4341
4785
7091
7373
1574
1420
3551
4202
7377
924
3851
10763
4349
3911
3236
3492
10756
3134
3231
555
306
3125
375
4499
7489
7487
783
5771
695
10746
1219
7484
1283
5750
1913
1132
4805
8279
1886
4438
3042
10583
10584
3221
7479
10586
1755
7002
7476
7303
2291
1417
7241
3484
7032
8277
1141
10772
6115
7426
6347
743
6339
679
7434
2149
628
2085
10562
10563
2665
10565
4402
2961
8705
1165
2877
7164
3489
10568
4920
6636
1714
2450
219
5785
5199
6637
3858
10571
3462
3813
739
6280
4653
7631
792
1462
3793
10614
8453
750
8326
10656
500
10661
4834
3587
1991
6660
1604
4650
8719
7219
360
7251
4017
2477
7262
1085
477
379
7014
1012
442
1415
915
10775
1532
6918
8160
2613
10660
6159
2900
4542
10628
2784
4547
3916
3783
4797
3796
3141
7611
3422
4751
3423
4983
3837
376
3101
3323
3805
3439
4933
10616
10617
7614
6650
1856
10621
1770
1769
6382
2059
2459
6369
10623
7671
10627
830
5247
3789
998
441
5077
7681
10643
1088
10630
2963
7682
3930
1926
3838
2703
2204
521
5146
2338
6746
6873
8347
4040
764
6106
7648
1582
1790
664
2132
10292
5485
1950
3431
1522
9923
2446
1760
1750
4281
2095
7261
1900
2492
1394
1383
4036
5811
451
3955
6463
2847
7650
4280
2524
9934
3818
9935
5535
9936
5902
2055
588
3277
8697
6938
5175
7662
7663
1788
2283
5953
7099
9947
3811
1491
9948
9951
2541
5869
1610
9919
7598
6768
8384
9900
1746
2389
7541
6975
6977
1544
8381
3076
9907
6754
6135
7530
2502
3896
7200
3358
3305
5819
5456
6733
3030
565
6724
2274
6702
9996
3153
9997
4561
9998
2395
550
3384
3959
6390
3507
5898
7517
6473
1542
10009
452
3303
1216
10016
143
10018
831
6708
8362
1096
5445
4139
5191
4826
8730
8731
7323
1213
5176
1372
6438
8733
6437
6522
321
8371
6376
2634
2677
6200
130
2271
1997
8372
3234
1100
7354
7353
8737
89
5916
6722
4843
5440
4659
4140
2352
3096
971
2895
6276
7560
2142
9973
9974
9978
7563
5436
3235
4665
5435
4644
9982
2143
1942
6507
2445
7571
1884
4682
5430
9986
1805
8270
2144
3575
3313
7573
3499
5900
5901
1013
5931
9790
5951
6561
7570
3513
914
7564
6286
7561
7192
1370
3592
1095
1946
8358
826
2790
5474
794
6180
9802
2611
9804
1035
7596
8329
9808
7587
7586
3015
410
874
4508
6550
3598
51
9816
7524
7521
91
9785
637
4762
2024
1081
9757
5396
5784
6322
7514
9763
3024
2368
3363
4256
1785
7509
595
5059
1390
6562
1819
1592
3018
3091
2716
1910
2838
3850
7548
2617
2929
5383
3521
5382
5874
7547
1744
3050
1633
2772
3522
686
9779
9780
331
3250
3059
2466
9781
2932
5420
7659
1294
2341
300
5076
3618
931
4117
2070
4603
7649
1631
4958
7244
9784
3616
5837
5833
9803
4580
1215
1938
1295
3265
4583
6602
8349
1531
416
7688
3080
1465
1956
5875
6451
9871
9872
6456
9874
9875
414
9876
6610
9879
1638
2012
3950
2510
4595
2150
5475
2966
6612
1148
5855
8588
6367
2829
7168
2386
688
1593
4511
9824
2013
292
8390
1561
2379
4310
5955
9828
7507
9834
7125
3615
7605
5089
2667
763
9838
4596
2529
9842
7637
9848
2627
9849
6879
6546
1821
10023
2151
6534
3200
3332
2975
1182
2401
1038
2978
1455
863
7414
4220
10198
6436
2679
1071
3839
1112
2008
10208
3613
1679
3985
11
5062
4748
1212
746
3878
4581
645
6133
8876
4322
978
3498
4326
8875
10211
10216
10217
10221
10222
10192
10191
10160
807
1575
10164
6922
7492
4606
6587
151
2156
1846
2767
3192
2671
6588
7472
7405
5171
217
2533
4046
1627
2312
2531
3861
2523
3609
6592
1912
5815
8451
3608
4199
6593
7448
2481
6595
3204
5567
3364
689
5036
10181
8571
2083
2658
2542
6705
10184
1976
4765
1608
1584
2986
8454
1696
6167
7342
6986
4743
6971
4624
2988
507
2965
1453
268
82
3416
6786
10265
2521
3928
4733
4617
1810
3909
10266
6488
3093
5527
5498
6402
59
126
6306
4906
2351
10273
7272
903
8396
10280
1233
5492
3956
7149
1862
5834
6202
6303
10283
10285
6773
3847
2867
6302
3990
3081
1150
5842
1754
5841
3601
2310
454
3040
1683
3434
191
10289
4778
3257
436
10275
2113
1176
1829
4902
4298
1401
6984
1996
4058
8403
10229
2103
7130
10231
1360
6815
2015
2710
3935
1286
10238
5502
2601
1840
2066
355
6403
7660
10243
3975
7664
4526
6850
10251
6852
8415
5520
343
3009
5197
5968
6930
7337
2398
2201
3574
1172
784
1781
6111
780
8840
10158
3089
4066
2793
2882
7364
6858
6836
720
4853
5965
2764
10062
10063
10067
2960
981
3620
4221
7171
10073
1978
5958
2187
3026
10088
3046
6771
2761
222
7568
1311
2346
2608
7046
7576
1645
7577
5240
6389
1463
2955
1528
7591
6290
7589
1442
7585
7525
6933
2158
5816
4077
6866
6179
6822
2952
2339
6267
3737
2594
10032
514
10035
7390
3321
7657
7185
5810
2674
7656
3475
7107
3626
575
3476
4267
6548
4557
10877
6377
2353
2741
252
6816
5169
8797
2738
6549
2100
3893
3485
7221
7615
7610
7114
708
6791
1296
897
718
3150
1849
2855
5957
1914
4084
7633
6123
2503
5256
3155
6287
526
10128
1615
920
5023
6801
10132
5253
90
8299
6795
6512
3031
2260
1123
10141
3727
1727
4837
5202
2050
7490
3405
1446
6783
74
7498
10125
2602
3052
6493
6198
3730
10092
10093
5210
4654
408
3139
6838
5209
392
10099
4004
7455
2416
4276
7470
6916
7467
2604
2499
5029
5880
2827
10115
7468
4800
10117
3056
5345
5926
7469
4951
4237
8596
3580
7010
657
6277
7115
1385
4893
5339
8597
2001
8591
10102
10096
7450
10095
7493
4640
10124
10140
3720
10147
10146
10142
10137
10134
10133
10131
3907
7428
4907
2137
10129
8464
1065
1298
932
2688
1173
7607
4688
10051
5351
10049
4691
8502
2358
263
4696
962
6365
7673
6394
5164
5165
1050
10046
2429
5147
1299
1547
3032
4674
2852
3108
1666
5010
840
725
6345
4877
3827
10040
1717
1672
4619
659
10036
6857
7381
5948
7552
2690
10034
6941
4392
8853
7400
6221
7066
5358
2721
7518
2404
1514
2488
7523
10028
4969
1951
7553
7583
8495
3702
10054
1907
4048
4383
6343
10057
10087
6832
10086
6939
10082
1686
10081
3463
3826
3275
858
1456
6851
10076
1225
1704
5961
1305
1271
2052
8244
6393
8838
1909
10060
6510
10058
2567
4399
4398
3135
3999
7556
2640
2140
5287
4898
10255
2266
2985
10254
7550
2496
1904
1110
4331
3703
4787
4388
2706
4212
3120
2637
10773
3965
1285
10257
10237
7667
7669
4953
4000
6784
8799
5944
2060
7612
6776
284
1784
1488
866
467
10286
7642
7641
1413
7636
6156
4475
2766
10281
1708
1749
10279
5316
1359
2224
4824
2760
2035
4268
8790
2789
6990
7634
6184
10271
7485
10267
2092
7460
629
8167
4789
7348
8807
3857
1507
7220
10179
2713
10177
117
765
7321
3937
4024
1808
2559
10173
6590
8861
37
3183
4487
10167
10161
10189
5580
10220
5896
211
3983
2094
8171
5935
6495
4429
583
2164
122
4964
7486
1169
7119
1595
2484
7478
757
3291
818
3442
378
3711
1688
7475
2357
1444
4452
7144
7624
2209
4450
2556
3246
10202
3712
2675
7351
1999
4238
4239
6574
1804
5748
2438
3329
653
4437
7627
7628
10199
7630
8577
10197
2408
2654
1539
10196
3148
6364
7380
10194
878
4069
680
1334
5769
6170
10193
9850
5049
3490
906
6129
7263
8631
6212
2861
3436
3478
2451
980
356
9833
4942
584
2019
6468
4922
9882
1796
2449
314
9878
6609
9867
1241
8653
4294
2372
9783
7147
2768
7658
3493
4482
2551
973
9782
775
7141
6910
9775
9773
5914
4971
6197
145
9770
3880
6567
751
9758
9788
9813
64
9812
3281
10865
4740
6404
603
10866
1725
1070
10863
10864
1349
3553
7347
3113
6417
7438
3285
4299
5082
1826
9789
3886
3549
803
5881
3207
948
9889
9985
3094
365
3917
6363
7566
5158
6951
8576
3718
3738
1443
9975
8739
8738
1762
5034
7036
2220
9970
4367
7557
9966
4148
5652
6000
2751
3554
7555
7593
6729
9965
9963
1680
2154
2740
1860
5985
3340
3864
2970
3924
165
7578
7089
8569
3048
2157
10014
10006
5596
10003
10002
10000
9999
9991
9954
9937
6865
9916
1040
9913
9912
9911
9909
9908
9905
9904
9903
9902
9898
9897
6761
9896
9895
2968
9894
6291
9891
4105
9922
4361
4775
9942
6767
4307
9940
9938
3249
6737
3254
825
4408
7652
8211
5613
9927
9924
6305
6741
4468
400
4768
4302
6467
8690
8689
8686
2464
1577
10629
7690
7680
10626
6029
7675
7672
10625
5162
1064
6461
4454
5085
844
5867
2210
1818
1993
4421
433
2815
2475
2775
8679
7023
8700
4317
4718
6893
4118
10619
4441
1567
6653
3572
2262
7608
1820
1468
2773
10646
7242
1742
3465
6658
6003
4443
2018
6422
1147
4449
4917
2233
8722
3555
2705
7255
8720
67
2612
999
4001
1480
1731
5882
5741
10665
10664
3762
7073
755
6361
1658
6119
8711
7026
5185
2079
2685
546
4129
5056
2376
1922
10651
7638
10650
3590
227
10647
2765
3763
6441
5950
3028
2240
10644
10576
4997
10573
949
10569
3198
7625
10559
2580
6223
7508
2755
2061
3283
5981
6310
5871
6230
10557
7679
4259
8704
5161
6028
10555
448
10553
4466
10551
358
2621
2693
3298
6388
7297
857
6513
10604
2896
4348
2007
10603
10598
8174
3142
5675
2026
1098
5795
6654
10591
2810
5670
3138
4345
7283
2630
5156
7274
8688
6484
1162
8691
8583
8593
8595
8612
8594
8605
8603
8601
10750
4405
10753
3564
6681
4370
5691
6186
7443
7445
3170
8490
3203
4278
7447
640
6072
2651
7451
6245
7215
5173
1952
2031
2254
4925
2574
8765
6675
2573
415
551
10704
1839
6671
8778
4015
2044
4200
953
4961
3571
5685
934
4368
7051
1603
7059
1469
10693
2075
6508
7808
10687
684
4376
10683
10682
745
2194
944
10679
5693
482
10691
10707
2480
2921
10735
5698
10734
8470
8472
683
4403
3122
8096
10724
2186
3124
8118
5681
5671
3769
8120
3770
1601
7003
6677
3890
4390
4191
1143
3172
6536
2185
10384
7423
5674
3130
566
3772
10381
2426
8529
4351
6185
6319
3577
2040
1120
2822
5873
10371
10370
7098
5704
2183
2430
2465
1336
7397
3117
5831
10389
2167
2661
2581
4836
10404
4782
612
3137
10418
4764
4458
4736
8660
8663
10411
10410
4501
318
8656
8645
8646
3409
10419
3534
4227
4812
6487
730
4955
2883
5051
2350
10403
4210
10400
6485
3176
10398
8076
2668
3957
4415
8078
1371
8062
4021
8039
10319
5037
8664
8662
2471
3884
1382
3107
2195
7008
2170
3967
8575
10323
3755
5712
10306
3109
7282
1853
3508
5100
8031
1209
2080
2270
8657
7213
4760
2969
7087
4119
2717
8513
8625
8628
5640
21
8047
8046
7376
2886
4428
842
345
8045
10308
3848
7083
2365
8564
1221
1947
614
8882
6519
8037
4469
5026
5009
1927
801
4147
2172
3162
3936
8059
6297
1119
1787
10343
2974
520
6634
4772
202
2977
3502
8871
6109
1205
5581
2197
8085
4134
5090
8484
6140
1509
5030
8080
3199
10331
7180
713
5589
10329
8073
2910
7080
8072
8071
2757
8888
8491
7077
6359
1458
2711
293
762
1715
2069
2214
7415
8803
8812
8800
2728
798
3157
8063
10499
6362
4328
310
10495
646
901
420
735
7027
8517
8000
4916
4374
10518
3753
2564
7999
10546
10542
7995
10540
10539
5655
2565
3700
7992
2816
5642
6132
8892
5989
2111
7159
7424
8271
10874
6240
10875
6401
6378
7029
2208
867
6241
8155
6239
2709
10528
10526
2964
7984
875
1713
10516
7982
2950
10485
6278
6074
8005
6652
10452
8501
10450
8192
3645
8089
3393
4362
8029
10445
4195
7186
7264
10441
5052
5081
2590
5915
3646
10451
6064
8024
10431
3013
8795
2006
1578
10429
10427
5078
10425
10436
10453
10454
10482
5774
2033
2489
635
8153
4488
1741
4059
721
6745
10479
10476
3514
3295
5006
5782
10474
8011
4448
4793
4183
5854
3840
2407
484
8010
6740
4884
10465
6738
8515
395
5832
5025
7102
8088
4901
3650
10457
6736
8105
8916
501
4444
9020
4075
3194
9014
1303
3414
5941
1791
6012
1616
8905
8928
3020
8511
8993
4410
4904
8114
9011
4905
4079
6511
8121
1379
7033
1758
9025
3651
3325
1857
8115
2794
9026
5897
5014
7210
2780
9005
6735
1671
6333
8908
1102
3986
7184
6252
7005
1101
364
2889
3856
4041
5307
2656
8124
8903
8499
1990
8942
3352
8129
9031
9166
6706
9168
5808
4957
2294
2072
6327
10781
2114
9136
597
1982
3331
1668
8849
4880
5824
357
3368
9142
5319
8540
1170
4781
7056
5320
2460
1766
8557
7785
9174
3326
3531
3361
9199
5313
5956
9210
2467
3997
4338
4868
9215
8528
7788
240
7789
1843
9181
9183
9195
9190
9100
6524
1961
2787
6717
7792
2456
2014
5997
8579
10776
7796
5291
9052
7361
8504
1519
84
847
3174
8225
8868
1661
9115
1329
2237
929
5299
7767
4380
1568
2906
8633
8637
2835
4722
5022
2393
1837
8626
2643
9086
4801
2811
9085
1328
4257
2402
8634
4201
7017
4052
7778
6718
2819
146
4231
5362
6630
6751
10816
7030
3581
1669
10817
6164
4944
9088
5988
665
6920
6414
114
7801
9123
9109
4686
1889
8469
462
4701
9107
8509
6565
682
8780
1844
854
3643
1381
4832
2537
8650
8652
5109
7358
8486
9038
3903
2536
8460
5911
7831
2219
1322
9072
5332
4657
8666
1140
5072
8554
1211
2638
2206
3067
3010
7325
6934
9063
9056
7803
9194
2653
8578
6566
5344
8527
871
4233
9208
3244
9218
2982
7811
2176
7812
977
1009
1315
7813
3267
836
1552
3057
8745
7416
6917
5216
5213
2058
3355
3435
4179
8742
2491
8516
8574
10825
8218
10824
7175
4038
6219
2843
1559
7764
9147
3070
7387
1036
8471
9161
8976
585
6542
921
6970
8927
7717
4022
2174
3632
3634
1745
3963
4544
8948
1858
8768
8767
8762
7724
855
834
8900
6605
8896
3168
9029
9022
3411
5267
9028
1228
1063
8962
939
9023
5270
8998
3342
8988
986
8713
2526
6617
1850
6136
9016
6619
6620
5876
5273
2022
1059
7157
6384
215
3413
2539
8922
3635
8899
872
6950
8526
6622
2476
8530
8954
3047
5807
8152
5229
4565
7702
397
2769
7703
9222
6435
734
3637
9567
3638
9566
3300
9563
3639
1144
7728
6601
9584
1655
7129
3284
9587
1025
1217
3660
6538
2470
9614
9613
7755
3017
7246
9612
2930
6576
9608
9606
9600
3371
1439
4513
9599
8624
3304
3021
2591
9596
1807
6415
6868
10774
6867
5552
5375
4320
9553
4070
9552
2527
2907
4516
4517
4866
9519
337
2030
630
9517
7736
9515
6876
1422
9512
9511
1624
5515
5516
1622
5517
5518
7731
6903
7183
6231
10820
10819
10821
9498
9493
9492
9491
9549
9548
5001
6293
2400
5130
705
6589
4529
5996
9542
9541
6974
322
2281
366
9540
1032
3887
9538
9529
3440
2834
678
2530
4932
6591
6356
7837
4746
9527
302
7930
5843
5483
9524
2636
7932
4170
4851
7121
5057
8508
2453
9621
3217
5488
4609
1721
3683
2399
9717
7936
9714
1142
6107
845
5825
7937
6849
3362
9706
4615
8478
7926
4616
8483
9750
4164
7299
8736
7279
6864
5063
8523
9738
9730
4773
1104
7915
7137
9729
4627
7118
2046
6805
6807
6809
5821
9736
2547
3506
7921
7922
2039
1959
1269
3278
7923
8639
3889
6900
3211
2890
261
2383
9642
3992
1767
879
9637
729
2229
6315
1665
910
9636
9634
1048
2004
9632
3690
7965
7223
3691
1520
7966
2958
5946
2848
8665
9622
3573
3147
5088
7971
6841
9653
6013
5534
9654
4973
7145
9681
1944
6919
3433
2123
9674
4719
4587
9673
4589
9672
4300
4911
5923
2028
9671
9685
9665
1877
9663
9659
9658
6896
9487
4333
2011
2957
2862
8674
2171
8673
649
2644
2043
7339
2916
6317
7960
6999
2504
7959
5096
2962
987
3876
1005
9303
9300
2036
7055
5954
9291
7871
7857
1560
7328
8878
3497
4598
9332
5799
1362
9331
2336
4283
2549
3164
4123
2107
7864
3682
3144
2777
6824
6222
9327
3461
7867
4116
1958
5101
2063
6450
4316
6229
2180
1258
5041
7869
3681
7370
5414
9322
9288
2629
4240
8485
9250
4631
296
9247
9242
2010
6846
974
9232
1774
2756
2495
2898
8811
7018
1625
7233
184
9225
5379
2983
4946
2041
3665
3666
7110
6839
4126
3237
9223
4909
7848
2840
9274
4612
9270
6324
9354
3669
5390
9437
9435
460
5393
7067
7070
9433
8457
6775
9422
3671
1555
2824
6194
8482
9479
9471
7906
9466
4999
2421
1516
9464
7307
5454
9461
2972
2971
5995
4985
3098
3672
3673
3674
8536
690
4014
3233
1061
7903
1021
860
5936
422
9457
8193
4882
9456
8846
5972
203
1197
7015
2434
580
6214
4272
6516
7280
8228
9384
6810
4556
3865
9382
2681
4154
4252
5450
8506
9372
4548
6904
7071
9369
3385
8209
7169
10818
1535
2062
8784
200
2381
7104
3945
8541
5437
8542
1117
4721
3994
9417
9416
2707
7187
6554
2715
3576
7224
9414
3547
6224
8862
8864
5974
8869
3227
7883
2749
1324
6833
859
2936
7049
2173
9402
4924
5069
3678
862
4242
3118
9393
9392
6270
7887
10244
1759
540
6358
7886
1695
5447
2359
5002
3012
9403
4729
639
4656
9409
4269
2369
3228
8551
7052
4145
4675
7881
5033
8889
3940
2267
9388
1635
7878
3344
5887
4669
7877
4141
7876
9357
9358
9360
432
2256
6282
9367
6077
3540
5428
9371
7090
6781
2915
2583
2169
3011
1459
9376
6814
6812
4814
2188
4558
9386
4109
2701
9420
6181
4878
4918
9421
3373
2078
3469
7904
2444
7902
3675
9458
9460
4098
9462
890
6804
9463
6334
9465
4809
9467
5462
2448
7374
9472
9476
5788
9480
2512
9481
9482
6440
9483
9454
9452
2367
9423
9424
9425
4923
8475
9430
9432
2120
7896
6777
6416
4538
9434
3670
5392
5391
7894
9438
1380
9440
7892
9450
7873
6789
2904
9259
8525
7851
9264
9265
4127
3852
3668
9276
5384
3667
6346
7108
9224
5378
7106
5376
3437
2984
7105
9229
9230
9231
3567
8806
7012
8805
9237
9239
6845
4915
4708
7842
9245
3276
9249
955
7839
7838
3238
7854
1851
6030
4097
7855
9323
6854
4113
9324
5423
6818
2025
9326
2670
2641
5406
9330
4844
4165
8555
3167
6825
9341
8622
5477
7860
9344
9345
9346
9348
9349
9350
9351
9320
2387
10828
10831
4972
10826
10829
10830
2809
10834
4182
10833
10827
10832
693
6405
3418
5546
9305
6834
9306
154
8539
7957
7956
9311
3867
9312
3946
7058
7953
8175
8510
7950
5545
7949
9314
2719
7947
1968
7352
6540
9317
9486
1879
9656
9657
2284
2619
6009
9660
6831
8602
8619
9661
6827
9662
1989
4776
9666
9667
9670
4591
3696
6153
4588
7975
5879
9676
8494
685
581
5044
9682
7973
7972
6298
3279
4605
6454
1517
8474
3694
6817
2817
9624
9625
9631
2842
2837
4873
6006
2600
9635
5575
4634
9638
2692
9643
9644
9645
6313
1310
7190
3579
9648
577
9649
3687
7920
9650
7919
2335
7918
9723
5562
274
3686
7917
7135
6226
1795
9727
1780
4626
7308
2364
5048
4757
7913
7188
9735
7912
8518
9752
3685
476
3684
9741
9742
9745
5556
9747
10793
10792
8195
8546
3215
5075
4219
5866
5526
9751
9720
876
9691
692
9692
6905
479
7941
9698
9699
6926
9700
9703
9705
7938
5497
9711
116
7004
3035
9712
5060
4737
7142
8461
9716
4830
1962
2686
3430
8507
9602
3039
4308
578
1908
9525
4937
5839
3220
7907
5835
3041
9531
9532
9534
4535
7743
9539
5499
2989
5829
435
7741
1003
7740
4060
9544
7738
7139
9545
220
3516
727
9551
8488
7737
9518
7735
3662
1239
4716
8154
820
4523
9500
4151
6894
4720
8694
9507
3356
4520
9509
5519
7286
8677
3517
7730
1674
2538
2833
4990
5510
9516
2545
6216
513
5504
1617
5979
2935
6099
9588
9589
6578
9593
3661
7747
4815
7761
6101
4071
7760
6126
889
7759
5243
8210
9618
9605
417
6521
5127
1082
8724
3969
9609
3885
4073
487
2831
4241
4829
838
1470
9617
7751
2228
3330
4734
8717
8716
8726
7312
6433
9585
5019
6600
7748
9557
9560
4903
4763
9562
4567
8521
5235
7016
7707
4566
9571
5232
9572
4078
6424
2246
9686
6375
1272
8949
8953
6237
7708
3636
2823
4563
1917
8894
6621
3412
1659
6046
1526
9008
1835
9001
3879
7697
3641
4759
1302
6616
556
6371
7696
8986
5118
3294
7265
8725
3520
8977
8978
8990
7695
7214
8680
6987
4254
8682
7694
8589
8585
9015
9017
941
1799
6227
7122
9013
7718
2544
8909
8758
8759
848
6457
7296
7725
5263
6901
5262
1801
3083
7304
4549
8189
8923
6603
731
8497
3242
7720
7726
7719
4545
8498
4571
8956
1392
5952
6447
3631
8926
3090
168
7713
3071
2874
3980
5204
8617
1964
3978
4731
9143
3069
4271
3630
7765
1878
6564
9146
8556
4678
9196
3460
6477
6464
2297
3458
4037
5219
2548
5999
2509
5347
4647
537
4673
7809
1358
1252
9182
9185
9186
8458
5343
9191
7806
7805
9192
7222
7131
9193
2909
9124
852
6570
4661
8519
8538
7693
4662
3066
6065
7826
4668
2412
6569
9075
9066
6146
7314
9070
3881
1161
9054
7830
9033
5329
9037
4888
4086
9041
8487
5350
7827
9043
4689
9047
9049
3899
2914
5102
2432
5094
5108
4838
4683
7158
9108
8251
3443
2222
6504
9121
8661
5099
2178
4652
8549
9112
7817
4677
732
7216
8552
4178
1675
9082
6044
7343
3644
3914
3063
3381
2609
3319
7776
841
3403
6292
3982
5352
5865
9095
9096
7769
9098
9084
7768
9101
3989
9122
5297
5295
9106
7782
6725
9104
3444
8863
1419
3177
9034
6552
3934
5292
9073
9071
4945
8817
7794
2296
6730
6494
5070
1118
5286
3659
2598
9125
9126
6430
3529
9187
5284
8532
5134
7313
988
2196
249
9179
419
9177
4366
9175
3417
6713
4158
3657
4977
1157
4149
886
4478
504
4811
5318
7326
1340
2595
9128
9127
7979
7981
5139
5315
8131
9030
8143
4171
1581
9167
3933
9156
3085
4463
3655
7092
3079
8951
8822
5309
8914
3532
8919
2418
8101
8850
7409
3654
8910
290
4083
3653
8091
8845
6949
4255
3464
5746
8997
8496
3652
2212
4414
9024
8798
5115
2423
2691
3270
8116
6090
8969
8987
6758
8481
5753
1015
6861
2633
8963
7205
3019
8959
8111
8112
8999
5890
1270
4963
6449
8265
6953
8975
4842
2252
9006
8162
8161
4965
10859
10858
10857
10855
10854
10856
10836
10837
10839
10840
10842
6195
10852
10853
10847
10848
10850
10851
10843
10849
10844
4975
10846
10841
10838
10835
10845
2443
10795
10789
712
1019
7103
8874
10462
8242
8873
5128
2628
660
6406
6739
6465
2289
10469
3202
6743
837
8872
10483
1441
7289
4818
7109
5772
2064
6991
2676
8015
1626
5762
2179
8016
4497
10468
6749
5773
3902
8017
7269
10424
2263
3648
2941
10868
8618
10867
6206
3895
10784
10778
2940
4085
10439
7288
5058
3501
4312
676
10442
10444
6663
8580
1566
10446
8196
4711
6968
4747
6428
6261
7266
10447
10448
8032
10449
1042
5630
9754
3849
2814
4950
1183
5628
7983
4342
1277
2724
10520
10521
5625
6898
5624
10529
323
5622
8823
10534
7234
1343
10535
2124
3375
3680
2869
96
8257
10538
5084
8548
3271
3701
7993
985
1685
3853
3394
3754
7997
7998
3092
1905
4324
8223
6646
10532
2329
4159
5045
10489
10491
8004
10492
3829
5645
1629
10496
10498
8035
5643
10501
10515
10507
1902
6643
1504
6641
1006
10510
8815
6479
8813
4016
10422
3752
10484
5618
2557
3871
10421
1354
7079
8070
10356
7166
696
7197
2736
4863
4940
887
5597
4948
1352
10330
6150
5586
8081
3491
1332
10333
5585
10341
10355
5583
8061
6936
5588
6921
3511
5617
6372
3747
6633
10344
8036
3746
10347
8615
6632
10349
10352
797
2005
3386
8233
950
10354
4013
8205
4486
1875
2571
10295
7189
4185
7086
6631
4120
7228
7006
10297
10298
3505
3742
3376
8056
5800
10301
6233
1280
3740
8090
382
6869
5713
2584
7277
5709
10310
5707
8216
6517
10312
10313
6689
3757
3774
10316
816
10317
6683
4121
4875
8273
6885
10320
10321
8272
10322
10324
4153
10357
611
10391
10392
6988
5740
10395
4419
10396
6096
8087
1764
968
10401
10402
2778
4483
674
8647
5129
8255
2582
4275
10409
1537
3535
2130
770
2830
6694
10390
3773
1983
7994
10860
4198
10861
10862
8194
8616
4989
7097
10364
10365
3863
2427
6870
3569
8028
1892
10374
6680
10377
10379
10380
3410
10382
5673
10383
3771
1008
8128
8141
3349
7013
10385
8108
4998
6408
10608
602
1703
10550
10710
8741
7217
10711
10712
10717
8512
10723
3768
2927
10725
10726
8473
8165
6036
10728
3767
8467
5945
6057
1075
6669
10706
6157
4136
6532
4372
10681
4891
3625
10684
10686
4377
10692
3119
10705
4340
4381
8505
2720
342
10694
7464
10698
4919
6059
4506
5278
7458
10703
3457
10736
3372
4347
4247
564
6501
694
10737
7320
8224
7324
10798
8268
8269
1129
3095
10758
8489
5690
10760
386
7442
10766
4369
5893
5692
10748
1536
6035
4404
6269
7410
6509
6696
4406
5699
10743
5683
3446
1891
10740
7173
10752
7499
5789
10741
5664
6690
2576
7069
8180
8463
10769
10751
10759
10755
10739
10747
10749
10765
10678
10676
10612
7481
8545
10585
1029
10587
5669
10590
8553
5672
7011
10595
1028
2803
10597
5678
8710
505
6330
8708
10607
8186
661
10609
10582
5726
10564
7436
1260
10552
814
10554
1022
10556
6932
3306
7082
4459
531
3563
3845
6312
3447
8182
10560
7626
8533
10561
474
8274
10567
5734
10570
6913
7629
3197
3971
3561
10578
10613
2725
6882
7247
5736
3558
10649
5927
823
8149
4874
2933
4422
8537
10658
4912
10659
6661
3086
8262
7398
1014
4913
10667
1611
5743
870
8721
10668
5039
5722
10669
10671
181
3545
4135
10672
10674
1292
5716
8543
5719
10615
8703
8702
8701
10618
5796
7617
3419
771
3310
10622
5194
2849
3539
10624
3974
1482
2403
8250
8476
1483
4496
4111
5609
10631
3761
1345
1876
10639
10640
7293
4461
10641
3920
1346
4462
5611
10642
6466
10372
10157
6149
5612
4096
9929
9932
7651
9933
4807
7653
6301
5614
9953
9939
6760
5615
10293
6753
7661
5616
8714
7392
2851
8756
9945
2458
9890
3542
8764
4956
5584
7532
5864
265
7536
2918
1792
9899
7539
9901
3921
5092
4371
7543
4207
8771
6147
5852
3082
5591
6320
9914
952
4847
7412
9918
1803
7510
6300
954
9956
5594
9995
207
548
4828
4346
5619
10021
10007
10008
10013
6336
4761
7329
10019
5809
7527
9990
9989
7554
9957
6048
8480
7579
7580
9960
4852
5649
9962
6715
6716
1863
6731
6483
8735
9964
5650
6215
7592
3739
7594
6728
6727
6726
6732
4803
5653
3212
9967
9968
1677
557
5658
1245
8558
5641
9977
9979
9980
5949
9981
9984
5623
4780
7567
3548
8743
3309
8744
796
3550
7338
3578
9791
3552
6559
9792
9794
9795
2858
9796
9798
9800
7558
8531
3302
8751
6434
5187
5632
9805
6560
4350
5633
9806
677
5975
8632
8630
8638
1797
5634
3715
9814
9815
9817
1020
9787
2409
7516
9759
9761
9765
9768
9769
5635
7551
5144
3966
6995
8659
5149
8675
8658
2880
5157
7542
9776
7538
2133
938
7534
6452
9778
8649
7386
3014
7331
4498
4900
7209
916
4825
8566
9821
9870
9856
9860
9861
9864
9865
9866
1588
8459
6374
9877
2976
5172
3205
4181
9855
9852
9825
7618
9826
7295
9827
3932
9830
3474
4425
9836
6615
7601
6571
4409
2697
4007
9845
9846
2311
9851
9988
4442
7383
5978
4319
4861
8883
4987
4473
4407
4996
6243
1667
8881
5764
10200
5765
6027
5779
670
6486
7327
7432
10205
10206
8550
8573
7238
4277
4712
7284
10209
10210
5860
6579
1700
10212
10213
10214
10215
4273
7133
5179
8870
7256
668
3401
5777
4423
5780
10190
6889
3255
6497
4485
10162
10165
5849
10169
10170
6952
10171
5525
8560
344
2286
7444
5883
4495
10174
10175
10176
5021
10178
6076
3043
10180
6597
2652
10185
5305
4258
1090
10187
7691
1293
10188
10207
7471
10225
10261
7211
8479
5306
10269
10270
3707
2563
7480
10272
6792
7433
8524
7152
10291
10277
5311
6050
5312
7146
6351
4270
4477
4334
6017
3705
10284
940
5321
7143
10288
10290
6008
10259
10241
4358
10227
2213
5064
4251
6785
7646
6412
10228
10230
8520
10234
7686
10235
7687
10236
6299
5289
829
10240
8547
4344
10248
10250
5280
10252
3972
10253
4799
4032
10258
10123
791
2639
4042
115
10061
10064
2893
5038
8465
8462
10075
4043
7609
1253
10077
10078
10079
10080
5053
4375
5294
10084
10085
1331
1512
4379
3360
2678
10056
10055
5326
3378
7588
6829
10026
190
7581
8493
4189
8841
1330
2314
5357
3261
4204
10029
7513
6265
10031
10033
6855
7549
7172
6957
2332
5360
6042
7599
6288
4053
8848
7394
5372
10037
10039
1053
6161
7666
2944
7298
10041
10043
7685
10044
3719
6079
613
8500
4685
6788
856
6033
10050
3736
10052
5361
7604
7245
10089
10090
6427
10091
10126
10805
2726
10803
10802
10770
1395
6431
8786
7020
5074
4643
7429
10130
7437
6385
3451
7497
2361
10135
8477
849
10136
5337
6793
1045
4850
4777
3828
7113
7382
8544
10151
10152
10155
873
6274
10106
3341
7491
7441
10094
4672
7446
4671
6275
10101
5335
10103
5338
10108
10110
10111
10112
10116
3735
8503
5342
3734
1231
3733
10121
3732
10120
10119
10118
5346
4676
6225
10114
10113
4010
7466
7462
10109
5277
10122
7360
10107
10105
10104
7459
6174
2745
10100
2949
10098
10097
7453
3473
1969
2951
3318
4692
7494
8303
5895
8304
10154
10153
7495
5221
8804
10150
7505
10149
10148
7503
4700
10145
10144
10143
3729
10156
4697
8293
10138
3726
5200
7290
799
3389
6798
6348
1276
7430
6802
1817
4543
3724
8291
5258
1016
7074
10127
7243
5160
3723
976
10072
10053
4553
10779
10777
8191
10780
2077
885
7645
10048
7674
10047
6218
4554
3984
10045
7285
8839
2397
4266
1882
10042
8844
6819
4080
2121
10038
5251
5249
2663
5806
7533
6820
5230
6151
6053
10030
4879
900
10027
6826
7575
756
10025
7336
8824
2954
3477
3487
3210
6160
925
1026
8292
10083
6837
8423
4072
8327
7569
7341
4507
7572
10074
3266
5246
4006
7345
10071
10070
10069
10068
6098
6502
10066
10065
7559
4515
5503
5506
947
10059
5507
1318
2797
3614
1428
10159
10256
4285
1004
6982
6853
4524
4827
4525
10249
3256
10247
10246
10245
7692
946
3606
10242
5523
7655
10239
4530
7647
4531
6840
7684
10233
10232
5478
4745
4533
5479
8406
7621
3862
8402
2325
3602
7603
8400
3599
8188
8181
5484
3603
8399
3995
3605
10282
2750
4611
4305
8226
2441
7038
6955
10276
10274
5827
2516
5494
6794
8782
8263
4614
10268
6177
5528
4192
1262
10263
10262
7039
3568
3441
5558
10224
6856
4870
5559
8425
4291
5560
5561
4938
10183
10182
472
6596
6247
7449
2782
5570
5571
492
7330
8819
8859
6871
525
4051
10172
3161
5565
5530
10168
5532
10166
5533
3500
10163
7123
5008
3623
7500
7393
5174
2045
3146
3910
7504
10219
6584
4576
7488
4213
6881
7482
8441
8440
4577
7477
5899
7267
7474
7439
6019
5050
3336
6002
768
10204
10203
8176
10201
8433
8880
1374
5184
6627
2323
6998
1108
6626
10195
6625
4593
10024
4723
10022
3459
4717
8629
7635
3900
3334
9847
6268
7639
9844
9843
2518
7623
9841
9840
9839
5544
9837
1692
5198
6296
6470
9832
9831
5921
9829
5903
371
7613
4810
4132
9823
7619
5007
9854
6025
9885
1257
9884
9883
4597
6611
728
5403
7676
1300
3905
4592
4012
4590
9873
6021
9886
3904
9869
9868
6455
3415
8651
5061
7668
9863
9862
6966
5412
9859
9858
9857
2920
9822
6004
7179
1306
4578
4214
4574
3925
5418
5419
5421
5400
10804
1867
4028
6972
8582
8584
6211
5397
3088
2635
7001
9774
6094
6056
7531
9771
6981
6993
5394
9767
9766
3923
9764
6232
9762
4218
9760
7515
7041
5425
2468
1256
9786
5426
4512
9818
10806
7040
5452
5455
3346
2378
7138
7584
6148
9811
9810
1651
9809
6055
9807
8331
8330
4540
7595
5987
9819
7597
5151
7574
5461
5463
5467
8750
8749
8359
1307
4088
9799
1027
9797
4559
6411
1279
9793
2696
7047
5451
8157
9820
6927
4885
8383
4792
4637
5429
5432
3562
9983
5434
7565
6719
6070
8752
8253
3438
6541
9976
6967
5904
8377
5922
9987
9972
8376
2190
5441
4947
1718
6238
3290
2937
10823
4883
1716
10822
846
1663
7582
8367
5444
3591
3765
9959
9958
4018
9971
6060
3775
5141
1312
5054
10020
6236
8173
2139
3097
4798
10015
2337
6915
10012
10011
3426
4645
5431
8363
7519
6707
10004
7371
3466
10001
4228
2774
5986
8775
3152
5469
5465
9994
9993
9992
7512
1313
7511
1314
3812
4804
9917
7093
9915
4618
6756
8249
7399
9910
8378
7546
7545
5387
9906
7544
8770
8769
5982
5377
4625
4769
3523
5417
8385
7537
6928
5416
5415
7600
9893
9892
8328
6763
4114
9920
9921
5413
9952
5409
9950
9949
4586
4594
9946
6764
5548
9944
9943
3824
10787
10786
6163
4714
8217
6458
6154
6462
4184
4849
2973
1689
7101
5554
9931
9930
4633
6010
6875
9926
9925
5564
6190
7034
4215
2905
567
10294
3308
3029
4536
6750
3815
6748
7111
10638
7683
10636
10635
10634
6331
10633
10632
8351
2786
5511
4518
3788
7678
7677
1264
7670
5797
7644
153
1250
8431
10620
7616
8587
1540
7194
3272
1953
7294
5145
4859
4226
1632
1642
899
4658
7606
10673
4820
7009
4702
4694
7602
5214
5215
7620
2234
5206
4176
6924
7643
5928
10663
10662
10675
4666
6647
6946
10657
8715
7181
5177
10655
10654
10653
10652
8449
4664
7302
2236
10648
5148
8709
4641
7632
7076
10580
1316
5907
10577
4680
10575
5365
10574
8424
10572
4663
5195
1317
5298
6478
4150
6255
10579
3311
5300
2734
6396
6994
8648
8229
6635
10558
6480
4993
7368
6323
7435
5314
6518
7431
8407
10581
4502
10596
4724
10610
6515
10677
8411
10606
10605
5578
8412
8413
10602
10601
2762
10600
10599
5781
10611
582
8420
10594
10593
10592
8421
7065
5761
10589
10588
6088
3795
5776
4959
7081
4771
5783
7281
10708
6664
10764
6665
10767
7483
2391
7163
10742
4282
4420
6685
1887
8683
8684
1319
1248
6899
4474
8687
7252
7502
4356
4357
7501
8305
6489
6104
7496
5631
2596
4862
3160
6695
4364
1320
4313
6141
8696
3543
8698
5155
8699
7440
4401
10768
7094
10762
4788
2319
10761
6679
2261
4774
747
8761
6499
7218
8763
5159
7452
4417
7456
7457
7461
5721
10701
8298
5717
7463
10697
5711
10695
6395
5973
7418
2424
8456
198
10689
6257
7063
6533
6397
8774
7344
4493
4112
3033
10680
8139
8295
8133
4465
6260
8138
5745
6249
5892
8127
2650
10732
10731
10730
2752
1321
7359
4949
2942
5665
5667
3560
6877
8107
7363
10722
10721
5993
10719
10718
4794
933
10716
10715
10714
529
4471
8117
8094
8324
4974
3289
5113
4928
4436
4439
8098
8294
8020
8021
5804
8022
4172
10378
1323
5723
10375
5604
4984
8609
8201
3421
8231
8678
6332
6093
10368
10367
10366
7096
8325
8623
4373
6199
10362
10361
10360
10359
6973
964
5651
8284
6037
8290
4978
4365
10416
1325
7372
8261
6188
5661
10412
6693
2330
4456
6158
8169
10407
6118
6490
8312
8066
5749
6692
10405
10807
1275
5747
7395
8075
10399
6697
10397
6547
5757
4728
10393
4489
6687
6272
8086
7231
8643
8642
8641
5121
7193
7202
3402
2396
10318
8042
8669
8668
6383
8044
8300
10315
6530
5324
6520
10311
3420
8053
4752
10309
10307
6514
10305
5994
5323
3825
10302
7085
10300
8055
8054
10299
4343
5281
4389
10296
7230
7084
3792
10340
10326
5288
8740
7208
4819
10353
8040
4886
10350
4854
10348
8404
6137
10346
5366
5371
4248
5340
4679
8060
1691
6073
10339
10338
10337
8592
10336
1265
8082
3264
6979
6978
1326
8395
1046
5260
10327
5205
6410
8891
5223
8599
4742
6407
5211
5217
2191
8455
10514
10513
10870
10871
10872
10785
10873
8065
6888
8064
10512
6058
6639
8801
6068
5254
10508
7075
10506
4546
10505
10504
10503
10502
5257
7035
4713
6878
5266
10497
5269
8452
8033
5271
8006
8448
10490
8002
10488
3077
2355
10500
10517
8821
5112
5116
1327
5234
8444
5237
10544
10543
7996
3786
4197
8858
8851
8254
2737
3518
1992
3045
7989
10537
4019
7988
7987
4607
8437
10547
10533
1254
10531
10530
7235
7986
10527
5490
6923
10525
5491
10523
10522
6662
5496
5513
6020
8886
8837
8836
5970
4629
5572
6925
6420
4321
666
8227
3429
5531
5046
8855
8430
8027
8026
10443
8222
5107
5097
5476
10438
6476
576
10435
10434
10433
10432
4858
8185
8355
8796
1786
7276
5110
5111
5098
4575
1986
10428
6699
5967
8352
2578
10423
6092
8212
6935
7301
7165
3810
10480
1011
5067
5193
8014
2375
5123
2923
1092
5449
10470
5438
8012
8009
10467
10466
7239
3817
5446
5775
8239
8243
8346
5011
8340
4703
10460
10459
3822
4848
6213
3854
8136
10456
8137
2328
10455
1034
4783
9753
3809
4601
6752
4602
7100
8130
8103
8102
8933
8945
8334
8100
8095
6208
10869
1179
4992
6209
8620
3006
6207
4994
8621
8904
8148
133
5868
8897
5509
6958
5348
4009
8093
8912
8957
6344
8341
1018
8122
8123
8966
8992
5241
5236
7000
5228
7195
4982
2235
8970
8967
1273
888
736
8203
8113
8982
8382
4555
8974
8380
8971
8972
8994
8119
8995
6757
8791
7419
4550
1251
5920
8996
5363
9003
9010
8097
2783
1266
5308
8125
6234
5636
8099
4186
8920
5629
8854
4284
2779
6256
8142
5705
4446
3804
8936
4479
8132
9155
10809
8135
6259
4400
8207
6217
3791
5697
7367
8360
5694
5688
6872
835
7784
4353
9137
4481
9139
9141
4841
4455
9145
5739
8361
9173
4416
5724
3780
9204
1980
9209
6235
9212
10808
9213
9214
6069
4484
8364
828
5751
5304
9180
6032
8368
7791
5282
6961
9188
9189
5152
7050
3471
3807
5212
5201
7793
5250
5255
9067
9068
3123
8373
1308
9051
9032
8374
5227
5803
4193
8600
4979
1261
9048
9050
9064
5244
9077
9078
9103
7057
5514
9105
7227
7772
5142
9114
7355
5521
9118
9119
4532
4766
9083
7037
4896
4573
5489
5858
6134
5153
7770
7771
9094
5553
2307
9092
8379
9090
4735
3790
5422
7777
7053
8168
5032
7779
6337
1297
813
7800
8386
8387
9102
10801
10799
1127
8145
4560
9117
7820
4166
4660
8388
10782
7232
10783
7821
7823
6500
8644
5181
1301
5443
6475
5442
9046
9045
9044
7825
6258
7834
6262
6066
9039
8654
8234
8230
1033
7829
9053
8332
9074
7832
4670
1111
5433
2454
7833
8333
5427
6352
9062
9061
7226
5472
9059
9058
5468
9057
8335
6907
8336
5460
4570
7042
930
8338
2919
8339
3610
9176
4539
9184
9197
7816
3515
7810
9217
3025
8356
8343
4831
9219
6963
5388
9207
9206
1116
9201
5385
4622
8345
5398
5399
1249
8245
5990
4636
6350
5402
9135
9134
5424
1062
6366
2394
4638
5192
7388
5180
9160
9150
9170
9169
5822
9165
9164
9163
9162
9171
1278
9159
9158
9157
9154
9153
9152
5542
7712
6326
7715
8929
8930
8931
6026
1881
8935
8937
8938
5541
5551
8946
4582
6959
4174
6976
4744
8940
7723
5573
6604
8350
8200
8906
6606
4795
4314
4632
8913
5577
8925
5566
9004
3582
6895
4287
8353
5853
5493
1247
990
4604
6469
3600
6890
8389
8961
8391
8984
8392
4297
8985
8983
2003
8150
8220
8221
4534
1350
6087
8950
8427
1348
8915
4311
9002
3365
4856
6100
8991
5245
3482
6080
6618
9019
9021
8712
2417
8567
1051
6162
8568
7151
5233
8907
8902
1128
3472
3721
4027
6139
8924
8955
6039
8429
5259
6623
4790
8944
8943
9220
7116
5203
9583
9582
9581
9580
9579
9578
9577
9576
9575
9574
9573
5207
7705
9570
1263
9568
5218
7134
9565
9564
8213
3939
3359
9561
7745
4887
9558
5579
9556
6172
8184
7749
9586
8432
6598
4767
4693
7752
8434
8718
4869
7305
7022
5167
8723
9611
9610
7756
6525
8436
9607
8563
8565
6956
3480
5355
7758
9603
9601
6909
5354
5301
4382
4025
4802
9595
9594
5293
8438
9592
9591
4386
4029
1341
9554
8439
3269
7754
8442
4055
6580
6189
7275
5285
6581
5992
6011
8693
8443
6887
9508
7257
9506
9505
6023
7732
1039
5303
9502
7734
9501
5322
8256
5190
8259
5189
5963
9496
9495
5310
9494
1342
5186
8729
8757
5178
6586
5770
4871
6553
6931
6131
10810
10771
10811
5767
9521
6965
7128
7744
10791
6117
10788
10794
10790
6116
6084
8177
9543
7742
3713
4163
5168
7763
1338
1023
9535
7836
8614
8613
5763
7117
6168
9530
7155
8260
5163
8772
9526
6063
6169
9523
6279
5657
7126
9619
8204
4976
4187
945
4391
7935
5598
7942
6031
9713
5608
1351
5603
9709
9708
9707
4895
5601
9704
7939
9702
5662
5714
6228
1335
9697
9696
1337
5742
4970
6969
6196
6985
9690
9689
5738
9718
9719
7934
8734
9721
6143
5737
4503
9749
8606
8199
7910
8422
9748
4467
6085
9746
8393
5728
9743
6863
8607
8183
5703
5861
8394
6082
6799
1031
1684
6539
9734
5680
9732
5668
4393
9731
8748
4246
7024
9728
10876
6254
6062
9725
4352
7924
5374
9688
6250
9687
9669
5687
8398
5105
5114
8636
5695
9646
8401
5696
5700
7225
5666
9640
9639
6778
7961
2189
5677
5679
9633
5702
6089
9630
9629
1255
4152
5729
9626
8178
7968
10879
7969
9623
5730
7136
5731
9651
5733
4706
8672
5132
8236
1344
9684
4433
5715
8409
9680
5718
9678
8570
6113
9677
8410
5663
5602
553
4492
4779
6459
7976
7977
7963
3745
6835
8414
8146
5980
4157
5590
6908
7970
7962
6892
8416
6051
6049
8417
9655
9488
8163
8418
3404
6045
9316
7946
9315
8419
7948
9313
5648
5656
5659
5133
6354
9309
5626
9307
4889
6173
5637
8283
9302
4460
7909
9299
5638
9297
9296
9295
9294
5744
8289
9293
5778
4490
5759
6075
9290
9289
7908
1347
8322
8321
6034
7061
9319
4453
9321
7315
5117
5756
8306
9347
5138
5766
6285
8827
3855
8219
4155
9343
9342
6253
5317
9339
8301
9338
9352
7861
4472
9335
9334
9333
7863
5093
4897
9329
9328
8586
5283
7866
9325
3658
6016
5290
7095
9287
9286
5296
7844
9251
5349
7841
9248
1281
5977
8885
7389
4816
9243
7843
9241
9240
10878
8297
4667
4687
9236
9235
5367
5368
5369
9233
6880
8810
7259
7253
5330
5333
5336
8323
9226
7236
8814
8266
8816
7847
3642
9254
5208
3629
9284
9283
5224
9281
5265
5119
5268
9277
8788
8318
9275
8316
9273
9272
9271
5275
9269
9268
9267
9266
7271
5252
9263
9262
7853
5226
5231
9260
5238
5239
5242
4509
1356
7889
5248
5373
6537
9449
9448
6095
5505
9445
5508
9443
4988
9441
5512
7088
6083
5486
9436
4309
7895
7897
8302
5495
8857
8307
5557
9428
4628
5563
9426
6980
4026
6983
8308
6015
8248
8831
5126
6022
9484
5569
6355
8311
8314
5574
5576
4234
9477
5539
5529
9474
9473
5537
5538
9485
8835
8834
9470
5543
9468
8826
8246
6997
5106
8247
5104
6005
7346
5095
9459
8319
8158
4894
7905
9455
8282
8285
6883
9419
5549
5550
9383
4813
9381
9380
9379
9378
9377
6166
5408
5410
1355
8794
8793
9373
7890
4162
6204
10797
10796
7874
3679
1282
9366
5137
8787
8264
5136
4981
8590
8611
9363
5380
8783
8860
8789
8809
9362
9361
5381
9359
6891
5386
9356
9385
9387
6989
6097
8164
5395
8808
6409
8232
2552
5411
6052
5453
6911
5457
9412
5470
8187
9410
8206
8865
8866
8867
5448
9408
4541
4655
9407
5439
9405
9404
8288
6897
4156
9400
9399
9398
9397
9396
9395
9394
7884
6251
9391
9390
1353
6335
0
