9075
6730
9318
8243
10815
8879
9335
7966
2215
10438
7540
9918
4412
9886
6444
6995
9370
7931
9887
7066
8202
2211
8242
7104
2212
9173
9129
7625
2213
5436
10700
9976
2214
10686
8528
9667
7246
6868
7245
8585
7641
7638
7168
2208
10471
8756
9405
4285
9459
2210
10004
6515
9823
8306
8851
7273
2206
8896
10383
3736
2203
7757
2205
5601
2204
9395
10076
10180
3752
10472
5626
10442
6121
8115
9444
9825
7911
10001
5598
10548
6786
8760
2209
10099
6787
8936
8937
10508
5600
9719
10365
9083
10486
10227
10261
4744
2202
8244
9404
10853
7215
8187
10789
7609
2201
8140
10502
9401
7199
7222
10270
3392
5034
5406
10599
8570
3391
9571
10729
2199
10088
10679
6381
5682
9595
10625
4743
10869
10600
10752
10664
10830
10704
10735
10191
2197
8347
10253
8453
5428
10594
8978
6767
7572
2207
7649
10821
10848
10561
10797
8525
9829
7167
2193
5714
10439
2200
8441
3766
9361
5857
10690
9064
2198
8872
10867
5028
10793
10766
8178
10509
10868
7642
5622
10485
9848
9764
10423
10063
3390
9711
5035
9770
8979
10005
10816
10358
9937
2187
9330
10495
6918
9979
7639
5776
7861
5599
3714
7925
9670
10782
5877
10400
7646
8975
10829
8770
2186
7535
8323
2191
7238
2188
9151
6055
5030
8220
10544
2190
5604
10836
9033
8918
10332
8947
9072
7740
5151
7426
8118
8751
2182
10159
8953
9230
5122
8014
10297
9276
10048
9056
10491
5291
9396
9733
9693
7917
7451
8023
8983
10703
5614
9879
2179
8028
2177
8443
7668
7716
2178
10818
10874
9562
10866
7645
10537
10415
10606
6822
3779
10413
2176
7648
8281
6020
10223
7669
8878
3715
5648
7211
6849
9989
2180
6327
6495
7233
6289
10605
7195
10557
7536
8253
9257
3710
5616
10754
2181
6821
5826
3910
9420
8439
7619
6790
5607
5644
8259
9678
9992
8085
10201
2189
8127
10483
9906
8121
8114
5431
10446
8546
5474
8729
10673
5566
9760
10701
8942
9766
10851
10646
130
9078
8016
3756
10463
2175
6707
6217
7003
10613
2174
9927
10678
10810
10865
10687
10669
10833
6578
10480
6791
3775
3876
10307
6279
9610
2167
4557
6789
8684
6695
5404
5405
7251
8445
3387
9279
2165
7205
5031
8271
7539
7661
10303
9426
7428
3712
10801
9894
5668
10634
10503
6684
6869
9176
6281
3562
9855
7483
10272
7435
9258
10387
8388
8447
10319
10742
2168
10046
7506
7674
9682
8237
4739
10778
2166
10875
10855
8452
10873
10406
10839
7643
2162
5602
8552
3711
5603
3718
6759
7640
8881
7166
9703
2163
7582
3878
7087
9707
10367
9182
8628
9510
2160
5663
9685
10684
6805
7710
9866
2164
7567
10708
9208
6216
2157
9461
3953
3707
6985
8224
2161
10870
10262
9149
10541
3889
3733
10582
5130
6653
2155
8771
3763
2154
10364
9128
8094
9446
10527
2156
2158
6788
5619
6794
7113
7948
9296
8378
6882
10817
7379
7200
3720
5722
8910
9814
8325
3858
6659
9901
7516
8269
9091
10831
2150
10080
8285
8817
10513
5898
8714
8939
7247
10645
6984
5337
6905
3759
7515
6415
10565
5690
2146
10210
8582
9487
7482
2149
10756
10477
4736
6046
3809
2148
6816
7578
4296
2147
3734
3747
6955
6798
10304
5496
2145
9202
10638
7208
9289
2143
10177
3713
9263
9859
9349
9213
9553
5045
8518
9485
5044
3732
7928
2144
6125
2140
8674
5084
10651
10194
10727
2139
10360
10809
10832
10670
10820
9897
9714
5466
9301
3737
8853
2141
9545
9438
8370
3717
8379
9113
9592
9690
3906
9159
2142
7659
7950
7156
8753
7650
10391
10176
7699
8249
9478
6316
10507
2136
9708
6287
9364
6811
7217
8827
9650
2137
9197
4325
9768
6625
5613
9360
10433
10073
8943
7914
7593
6282
10142
9925
6833
9450
10781
7935
9376
8246
10841
5835
10721
9474
3104
10298
8444
7910
9617
10022
10697
8245
10501
9106
10279
10328
10577
2133
10369
9131
10725
10158
9363
2129
8802
8752
10168
2130
2128
7922
8708
8448
9215
10350
2127
9294
10796
9124
7478
5434
3727
10763
8317
4022
9734
6211
9419
10394
6212
10538
5609
9422
9440
5050
2126
6906
6573
8656
9681
10633
7248
6672
5288
7197
9019
10706
10552
10827
10798
10640
10713
10850
10390
9674
8920
9481
2119
8542
4732
3960
2122
9094
9653
8671
6209
6208
10540
2134
2135
8250
8343
8450
10505
8727
8849
7239
8923
5780
9470
9180
2123
2120
10271
9032
8295
7993
10458
10685
9732
2118
8573
6799
3883
7944
10732
10273
6361
5792
8627
2115
2117
6770
9198
2116
9898
10072
9648
5987
10359
10427
6564
10023
8613
10819
10308
10862
8248
10800
10517
2114
7196
3386
3385
6297
10506
5029
8554
4731
2113
8008
2112
5661
2111
10632
7912
3716
10313
6682
10724
8676
9237
9225
8635
8205
5285
9087
10807
10242
10498
9423
5138
5284
6569
9905
5464
9242
10487
2110
3719
5709
6354
7909
7627
5632
10856
2109
6883
10586
2107
2104
2105
10761
5606
6206
5137
10241
10555
6740
9076
7489
6367
6809
7201
2108
9127
10209
10551
9394
5605
8247
9509
7230
10231
8221
6815
5562
5429
3593
9288
7538
6618
7204
9915
9794
9244
7960
9366
9978
9409
4029
2100
7198
10731
6280
5397
9331
8442
10136
6792
10837
2097
7788
10528
8231
5569
3664
10285
8236
5568
3676
6728
6729
9325
111
3663
9055
5567
8948
8080
8740
7467
10802
7235
7394
8171
10590
7693
10317
3723
8565
5628
5319
10051
10021
5700
10408
9205
8131
2099
8560
10260
7010
10321
9201
8320
8898
6288
2106
3872
6205
2098
8390
9699
9513
6800
10274
4462
8962
8003
6810
9000
8262
5789
9434
9133
9391
10726
9476
2094
10572
7694
9273
7938
7206
9961
8632
2096
10806
9381
9677
8539
10311
5131
5056
9171
7730
2095
7444
5630
8637
10639
2092
8268
10641
2093
7434
8461
9518
10049
6782
3384
7433
10770
6710
6324
9921
5135
10055
10445
9145
10293
6663
6576
8557
10864
9455
10747
10443
10622
10863
10846
10859
5701
3616
9387
10722
4434
2089
10020
3788
8513
2087
3847
8816
2085
10183
8747
10286
10470
3803
8932
10240
4233
10148
6793
5764
10342
10335
9491
3750
6853
5848
10539
10655
9045
2103
9425
9271
10459
8134
2090
5680
5627
10425
3870
3768
5706
2086
8572
10570
2084
10356
4728
9377
10280
2088
3726
9497
5705
8446
3755
9926
10771
2091
7041
10121
10878
10854
10877
10325
10746
3948
9453
7749
10363
6885
2081
5869
3382
8454
3381
9283
7393
3383
9686
9250
8200
9454
2080
9415
10618
10029
6795
2083
6803
6796
7913
6807
8303
8702
10309
9351
9874
10787
3592
10550
3380
6283
3378
5283
3379
10035
7391
8985
10133
10302
5059
9369
6359
9239
9010
10169
7323
8196
8183
3826
10481
8327
10812
10003
9644
5493
95
6687
3637
6689
97
7577
6712
3656
5494
3657
8180
96
5522
3636
8659
6688
7551
9077
5495
98
6860
10665
8241
10744
8456
8956
8846
2072
6866
2070
7229
10718
8871
6717
5659
10592
10234
8563
8870
7213
9310
2073
2076
2074
10845
10523
8765
7937
9112
9267
2071
8566
9421
2075
5032
10083
10743
6917
7956
8592
4048
2069
8260
8598
5683
10579
10799
3731
9834
2068
9135
7999
6568
2064
9679
2065
10482
7203
10872
8464
2066
6204
9153
9705
6806
10167
3377
10093
3376
5037
9191
9752
6202
3920
4067
3721
9074
10691
8921
7212
2059
6802
7651
9368
6480
7758
8251
7220
7990
10352
9710
9272
9511
9274
7429
8161
6320
2062
5735
8336
10082
4116
7023
8298
10111
2061
3791
8988
10792
8267
3821
7507
9315
2060
8642
10751
2063
7719
10456
10092
3771
10315
7825
3904
7713
6102
7717
8143
8673
6731
3644
3642
9346
3643
7597
8210
6679
3678
10346
9355
9515
8903
10847
7227
3373
3374
6580
3375
8844
2053
4725
6203
2058
4262
10157
9277
6942
5687
2057
10426
6370
2054
3792
6823
9392
6907
9669
5638
9035
8824
9643
7647
5608
7202
8068
10206
8144
8912
7920
6840
10524
7714
10492
10785
10514
9728
3885
10451
8722
2050
10091
2052
6680
6563
8925
3767
9115
5652
9290
5393
10424
9358
9323
2051
8167
9904
2049
10173
5072
5036
5147
5281
7237
9684
8189
3370
10720
5664
2043
9256
2045
4724
8568
3369
5500
10608
5079
9101
8922
8564
2046
2044
7406
8279
5063
7939
6783
8010
5049
3704
3368
2037
10268
2036
7405
10039
8606
2035
5665
3798
2040
9350
2039
7216
2038
9759
6284
6285
10765
7921
9477
8959
5046
6306
6745
8294
8852
6714
10595
9695
7537
10388
9721
2033
8177
6681
10343
9403
6817
8266
2034
9495
3956
8199
9211
6996
8257
6575
8934
9235
8982
3367
9007
8475
3365
8957
3366
3363
3364
8074
10432
9265
5681
5621
5698
5042
4667
3832
5669
8258
7747
10211
7009
2032
5612
9324
10824
4723
7655
10351
5584
8077
6876
5336
3898
2031
3751
8855
7945
9692
7715
9379
9941
7778
9150
9308
6938
7695
2027
2029
10563
6884
2028
10329
3728
6827
7771
10493
2025
7624
2024
10522
6380
5747
3814
3811
7269
3738
2023
6466
7753
10683
10707
10769
10330
2022
10764
2019
5679
8470
2018
2017
9830
6562
7728
7750
7686
2016
6199
2015
7992
7292
6318
4122
2014
7662
9847
10779
10660
10767
10542
5064
10187
10642
10826
10813
10876
10840
9869
2008
2009
6911
2011
3782
5715
7192
6298
10045
9249
8481
10484
10842
10519
10712
3790
8850
6513
3864
7932
2012
7755
6276
10153
6299
5618
6547
5783
2010
10245
4721
10130
10449
3983
2007
10488
9626
2006
2005
7126
10647
9255
7218
8275
9441
8046
5994
8078
2004
7653
8254
7124
2003
8768
9561
2001
10247
5463
6820
10828
6977
9342
5653
3743
9136
8081
10166
9651
9122
5617
7785
7007
8897
7667
10019
10549
1996
10648
1997
1999
6083
6366
3915
5699
7955
2002
9437
9210
7652
7207
7738
10030
6750
10444
9928
9505
2000
9322
5761
8318
9238
1995
6303
1998
7665
6286
1993
7101
9923
10310
1990
1994
1991
10476
1992
9044
8691
8547
10784
8263
10430
7734
5280
5081
9724
9737
9147
10511
10212
3836
8938
10536
1989
4704
9125
1986
6819
8678
6015
8272
1987
7763
7120
7335
4177
1988
7709
3819
9546
4720
7915
6831
6397
8763
1984
6801
1985
3628
10372
7996
10668
10392
9413
1982
3801
7697
7484
6877
1983
10422
7580
8218
10672
7579
8494
10205
4719
9668
10447
9126
8605
3805
8308
9762
7958
9340
10265
3361
5033
8723
9717
9138
9482
7677
9997
1981
1980
1979
3810
7891
8449
8954
10575
5881
10181
9013
5767
8276
10025
5662
1978
8574
10564
8032
1975
3799
9864
1976
6954
7670
8926
8716
3724
5615
8500
10188
10326
8724
6512
1973
10611
9742
9754
8156
10028
9247
4326
7685
10574
10473
3725
8252
5611
6797
5610
3722
9475
7191
9002
8876
10414
8495
6295
3360
6488
8089
10301
6609
9903
10104
6818
8365
6274
9417
1972
5039
8946
9704
8913
5625
9371
1970
6470
3815
8633
9499
5763
9067
10135
10389
5634
8004
5095
5620
1977
10305
6197
8790
7236
5473
1974
8744
6752
9021
7214
3359
10760
9448
5279
7388
8020
5809
8931
8636
5736
1968
8880
8670
7965
5639
5724
8823
10204
8270
7569
5043
10805
7981
7312
10195
5278
9813
6862
8235
10736
4487
1960
6753
9647
10653
1959
7707
8558
10115
1962
1969
1961
1967
1965
1964
8551
1963
4718
1966
10281
10192
3357
9725
3358
5971
1955
10090
6845
8435
8715
3749
4369
7127
7260
6909
8915
10554
1958
8360
8940
10623
10580
1954
9429
1953
7158
10208
8989
6986
1952
7801
9070
6574
6582
10663
10053
1951
10065
10857
9436
8424
9841
1950
9517
3998
9207
8536
5623
10596
8792
10748
8502
10589
4306
7780
3986
9528
8526
1948
10811
3861
1944
9389
6836
1945
10085
3772
1942
1943
9872
6874
7681
1939
1940
9660
10858
10499
6760
10733
10808
9749
3882
5781
5399
10688
10429
9642
10849
5099
9232
10314
8611
7081
3859
1935
3739
5040
8497
7660
8856
7698
10244
6660
8170
9141
3850
1936
1937
5100
5810
6623
10041
9049
7636
8463
5077
3356
3355
9451
3354
5487
7259
10353
10466
3729
6290
10573
9736
3730
10002
9846
5624
5772
8805
10783
1930
4397
6196
8556
1929
5027
1927
8090
1928
9969
8485
4070
10190
1926
5791
9410
1923
1922
9761
1919
5678
3902
1921
6852
5646
7673
10000
1924
1925
8830
5047
7210
6709
5647
9746
3735
3835
3794
6314
10385
3780
8455
5106
9097
1917
9431
4714
7748
7918
9170
7930
7225
5629
6294
3949
10534
10061
8181
1920
8166
5884
1918
4584
6194
5322
1916
5867
9286
9716
10650
9488
9489
10461
7477
3829
7656
1915
10814
7700
7430
3353
5067
3352
7942
3351
3350
3349
1913
8700
7403
3744
1911
6195
9398
10357
1910
8434
8832
7209
1914
8483
1912
8255
3745
8974
7240
7823
1908
9675
8337
3348
5125
8600
8460
8082
3346
5214
3347
8083
10011
3345
9506
8532
8104
8864
9748
9892
7890
3868
1905
1904
3833
9662
10621
8594
9910
5879
7663
9767
1902
7014
7443
3760
7048
4312
1901
8665
9418
4710
5637
10649
6784
1903
1899
7151
5572
6969
8631
10803
6895
10835
4709
10071
8780
1900
5333
3343
10084
3344
10294
1895
10411
8304
10040
8292
6193
10786
10772
10741
9408
1898
4707
5712
6943
7519
9890
3911
1897
7658
7657
4706
1896
9888
10615
8909
5038
10759
6321
9243
3341
3342
7442
9891
5117
10533
9845
1893
9821
6804
1892
3748
10553
9168
8952
6191
7973
5642
9028
7654
7916
8190
8843
8992
10042
1890
8835
10656
4226
3928
7919
5432
8807
9117
4303
1891
7250
3962
5636
7672
10225
9281
9174
4006
7949
5134
5091
10860
1884
7011
10348
4156
7161
5451
10202
5519
8741
8704
1889
1888
6358
10255
5839
5631
4317
10659
1887
10583
1885
3340
9172
7432
10631
5246
7221
5277
3740
3741
3742
8685
7679
6824
9218
10529
1875
1876
6620
1877
4701
5765
5480
8256
9893
7964
5413
1874
4041
8135
8520
9104
8182
8474
10680
1872
1882
8986
6510
1879
5400
4700
3971
1878
1881
10086
8273
7219
1871
1868
5686
7076
8465
6829
7908
9661
7836
9209
7684
7425
9314
10125
6627
9914
8828
10132
1865
5862
8191
5673
6813
7606
1863
8759
1864
5769
8451
6838
10791
10500
3764
8854
1859
1858
5330
6360
5640
1862
5893
6292
6315
3339
8868
10593
9486
6812
1860
9245
8908
3337
7348
9849
8994
10276
5438
8116
5430
7485
8657
9691
10709
1857
9332
4511
8122
1856
6312
9367
8887
1853
3561
1855
5633
9254
6839
6328
9922
6808
5945
9757
5891
5328
1849
7423
8555
8088
5066
3881
5320
8857
3770
6308
5779
6593
6639
9654
7194
10569
4699
9824
1850
7159
6305
8795
10316
3777
5041
6188
10174
3828
3802
10410
7692
5643
5694
8280
5650
9447
8261
8222
9090
9081
8865
1851
4123
3892
8287
5871
1848
1847
10200
8559
8141
10662
5053
8993
10006
6777
6272
7189
5596
1846
10320
6186
3757
3936
4503
8797
10790
10843
8758
6300
1845
5934
3699
9024
7666
8239
5899
9457
6402
8660
6619
8682
3591
3589
8999
3590
10354
10696
5655
5026
6570
9870
7552
8233
7995
9462
8603
6293
7929
10418
8264
1843
10228
7851
7254
1841
1842
5770
1844
8767
8801
1839
5326
8092
9155
9615
1840
6837
1837
6825
1838
7599
4201
7962
5676
10031
3746
6910
8553
6365
4380
1835
6908
3886
9494
9953
8296
6952
9266
5856
1836
5114
9384
8845
1831
3769
10417
10377
5734
7226
9102
9146
10378
7683
5129
5844
6814
1833
1832
4687
6708
7705
10296
6185
9641
3765
9400
7952
5475
6079
7759
8289
6846
4697
8571
1830
8013
7924
1829
10469
1827
9397
7879
5955
10689
8035
1824
10221
5635
10074
9026
3335
3333
3334
5048
3331
3797
1823
1822
9236
8697
8991
10576
7614
1828
7020
9048
9334
7234
5657
9930
7270
3332
5080
8928
7331
9917
9029
10375
9998
3761
8330
9850
3945
3977
4696
8315
1818
10616
8973
1820
5883
3844
8473
1819
5713
3698
1817
7280
1821
10380
5674
9307
10629
8916
9756
3560
8917
6319
6353
5120
3758
10150
3917
9374
3784
10134
6870
1815
9640
5054
6571
7936
5276
5275
8902
10373
3877
7013
3330
1813
5766
4695
7557
7790
10027
8471
9501
5874
1814
5641
8501
3665
9753
1808
1807
10545
9399
1809
4066
1806
8479
10436
4149
4146
5754
10431
3873
6342
4028
8766
9639
8025
7512
8324
1801
1804
7688
6509
6920
7268
6937
10558
1796
8538
1799
9195
1798
3934
1797
9908
3786
9838
1792
1794
6780
8462
10515
1795
9464
3816
1793
7570
7706
7573
10337
3329
7385
6344
3328
1788
1787
4104
3789
3754
9763
8283
9468
1789
8288
1790
8290
10259
6894
6934
6830
3974
9260
10440
6899
9246
6296
1791
7253
8750
3806
3697
10154
6302
10609
3327
8543
8893
3925
3753
5649
7487
5324
8692
6946
7933
10661
1780
4693
4129
8569
1779
8799
7986
10368
6826
5984
9880
9432
9428
10643
1783
4692
1781
1782
5068
9698
9167
5065
5654
6975
10420
5389
10118
1778
8211
4690
8440
5692
9229
3322
3323
5410
10780
10658
5096
3321
9727
7581
6482
5116
10251
7776
1777
1776
8286
6888
9812
7092
5785
10520
10525
6850
7004
7934
6650
5658
6184
5645
9158
10069
10776
8179
10753
10560
3320
8960
6842
4729
5060
10710
6310
10064
5726
7224
10675
1774
3778
8293
9876
7616
5524
10288
9843
7664
10571
7272
7678
3774
8693
6994
1767
10246
9605
6903
9280
6855
7741
7926
5753
7907
10695
5454
6858
8769
1768
7946
1763
4078
9027
1766
10384
10587
1765
6375
1762
5051
5062
9842
8282
6180
6843
7626
8630
10825
8194
3587
3588
9907
6346
5485
9769
3324
9137
9060
7816
5727
5688
7304
3851
5396
8087
8998
8997
5271
5270
6481
8562
3319
10531
5768
7676
8969
6179
8291
9111
8929
1756
9134
8930
10155
10588
1754
1757
10448
9130
6879
9683
1760
1761
7223
1759
10838
9597
6828
7687
4092
3991
8644
4414
7445
8713
1752
5751
1750
1751
10628
10282
9740
9646
9720
5105
8265
9452
9738
7927
3762
7231
8517
1758
5437
10478
8664
8225
7969
1744
6634
8837
1745
7258
1741
9836
1743
7675
1740
8891
8057
7770
4026
5806
3773
8204
1737
1739
6835
7502
8919
1742
1738
9333
7439
1753
4095
5866
7751
10460
1755
5188
5749
1733
1734
4025
8001
7978
9326
5143
3318
4333
3787
8274
1736
6331
9025
9882
5472
7431
6301
10804
6991
8486
8524
4684
10374
9160
8277
8681
10612
8407
7767
8203
6861
6304
10567
10834
5656
8459
3970
3316
3317
8980
10610
8987
7517
6566
6177
7941
3862
5822
10178
8672
10151
10637
9430
6893
5482
3978
6834
8829
10185
5660
7468
1732
1728
7257
1727
3315
7353
9328
5718
5804
8786
8326
9833
7228
8059
8506
9512
7784
1726
5888
10009
3314
7256
8626
9188
10755
3871
7721
10141
9940
7561
8905
8469
5055
1723
1722
10106
1724
8981
5083
5052
6847
8197
6175
5169
7232
5484
3313
7957
1725
6919
7723
3776
8476
8305
9972
1718
5693
1719
6174
3630
8458
7490
9715
9687
5738
8482
5832
5704
1716
8278
7745
7401
5142
3817
7727
1714
5719
10734
5321
9659
10347
7708
3793
9424
1715
4422
1713
6601
1712
7018
3929
3695
9120
5136
1711
8964
3311
5057
3312
5061
4031
1709
8548
7689
7058
5178
9226
4679
9607
8418
1708
3822
10419
3783
8314
3795
7078
7321
9353
8977
6832
7193
7680
3785
1710
5675
6026
3820
3961
4113
1705
4477
7943
10333
1703
7819
3781
1704
4315
4674
1699
8489
7615
9533
5886
7903
5595
4672
5872
10699
9899
9343
5752
5902
7761
1702
5651
6003
3854
9604
9262
3812
3103
1698
9365
9837
7690
1697
6307
1695
8811
9514
8457
9758
5703
1696
9411
8060
6841
1689
5672
4239
1693
8955
3843
3946
8340
5069
8701
6170
8703
6742
5517
10207
8575
9015
8728
1692
1691
3890
8309
9680
6565
9449
7038
2159
3818
9166
2153
8209
5730
6386
6657
5075
7711
1686
8647
3823
10775
9062
10421
9867
9873
8718
10054
6168
10243
1683
1685
1684
1682
9100
7623
6335
6844
8951
5711
10116
4669
10407
10479
7671
3309
5264
8110
10007
6572
8472
4266
9001
8904
9718
5108
6696
1680
5990
4034
9095
5316
1681
10156
3307
10559
3308
6433
10269
3901
5843
6311
8754
9216
6558
10464
9465
8084
6166
9795
9023
8499
3306
10602
10050
7447
6383
9854
7357
7436
6131
1672
1674
7022
1676
8311
3305
10585
10547
8423
1677
4666
1678
6632
6167
5315
8108
10719
3675
3304
6581
8477
8614
5947
6165
1666
1668
9140
8344
6864
7754
1670
8764
4437
5716
7954
7390
10566
8086
3800
1667
1671
1664
1675
5667
1673
8232
9919
10584
7285
6364
5499
10161
3303
1669
9676
1660
1661
3951
5670
9456
1658
8963
9270
5314
9319
1662
10149
6865
3586
8941
9472
1663
4664
4663
4189
5058
9222
9466
6477
5424
5070
10038
8117
1665
4665
5742
8312
6489
1659
6851
8284
10249
10671
6967
10437
4661
4636
3905
10043
1651
10160
1650
9666
4109
9590
1654
9093
9741
4660
1655
8757
3842
6958
1653
1652
8316
3845
1649
9755
5092
3931
5076
8885
9483
5074
6334
5518
3654
9735
100
6762
101
6662
10081
6661
10131
3808
8364
10344
8521
1647
1648
7682
1645
4002
7383
3302
9697
8484
5490
6475
1646
6983
5774
9061
8733
10624
6944
6336
5865
6309
1644
6551
5671
10450
5677
3804
4475
10013
9460
5685
1642
1641
10203
1640
1643
10306
1639
6091
8009
8719
6163
9189
4659
3301
5401
10630
5262
7902
7940
5089
9862
10331
10434
5261
9840
10376
9484
9912
142
9303
5585
3696
8717
1638
3973
8531
4038
1637
8576
4657
5790
6162
3966
5759
6931
4658
6631
7587
6626
3585
8139
10598
6886
6896
5684
6577
7486
1634
1632
3895
6112
8888
1631
8971
8990
6595
8645
7963
6624
1636
3927
1635
10110
1630
5755
9920
10543
7296
3827
1633
9871
1627
7278
3848
6086
9092
8137
7608
8466
10355
3298
8789
5885
1628
1629
7789
10060
6765
4515
9344
9157
10164
8301
1622
1620
9079
8186
9386
1621
8738
9234
9228
5071
8504
5258
8812
7998
9467
9500
7722
6932
10530
7991
6291
7448
4656
5232
7691
1619
5794
1615
1614
1616
6848
8550
10386
7266
3297
5577
3296
4651
4124
9004
8866
6854
4650
1608
6159
9407
1609
1610
7886
6970
9163
1612
3896
5708
1618
1617
9241
8746
3930
5525
5526
9268
1602
7139
1605
5744
6160
3879
7947
8075
5435
8229
8024
6960
1593
5737
7016
10403
5812
8927
5936
1598
6857
1592
4184
1591
8149
10258
8214
7979
6606
6474
6988
4649
6349
8950
1601
10526
7951
9671
1597
10774
1595
10108
5743
1596
9852
1594
7782
3294
7562
3295
3293
5087
9665
3292
9502
6355
3291
6313
6337
10490
1588
6621
8707
8688
6715
10702
8899
8762
1584
8412
9822
5256
5254
3290
10822
6923
6004
5725
1583
4647
7703
8847
6856
9884
8468
6158
3839
8319
1579
1578
1577
4645
1580
8329
4646
1581
4461
3840
8297
8813
6325
8736
3830
8848
4221
1575
1576
9165
3102
8300
6654
6980
3846
6329
7030
6873
9804
6880
1572
6859
6071
4644
6322
9913
4119
4000
3796
5433
9507
5696
9771
8742
1571
10117
8577
1570
10015
6737
1568
7847
1567
9839
4087
1565
1566
3867
4071
7427
10409
9960
4643
3620
6157
10844
1569
3947
4017
10739
1559
10312
6508
8623
9856
1560
1562
6872
6156
4320
1561
6902
8755
6754
5093
8984
4456
10382
7286
9473
5907
9154
9196
6976
6863
8652
8781
7474
8120
3935
7987
7242
1557
6352
1558
7154
4641
9017
7155
9098
7546
6347
10129
1554
1555
10474
8385
6867
7984
1556
7265
1553
4638
9637
8783
10667
7249
5707
9983
7885
9037
4640
4639
9107
7438
5085
1552
5873
7082
7153
1551
4637
9672
8814
9636
8338
3913
5778
1548
9388
10402
3831
6881
9402
8726
7152
6374
1549
1545
6372
1543
1544
10393
1542
5756
1546
9103
8649
7953
7970
3855
8313
1540
7400
5691
9722
7044
3584
6622
7497
5486
8165
10103
9183
4633
1533
8646
10518
1541
9259
8175
5173
6950
1535
4527
1536
4232
5740
3993
7295
7857
10062
1531
3813
7884
1528
4632
1529
7974
1527
1526
3807
9175
1525
8302
6275
8351
7129
7252
9701
8142
9883
7277
9390
9942
5078
7622
1518
6323
8695
9877
8136
9777
8639
1517
6152
9300
7972
10871
7255
7590
9689
10078
7881
4628
10172
6658
3282
5248
9933
6472
5249
3283
1512
1511
1510
1514
1509
1516
1513
1515
10152
9220
1508
4627
3937
3900
5695
10677
8342
8869
8616
8310
8651
6150
3857
5082
3281
10723
7701
7766
8629
8861
7839
6387
7702
5689
5775
9132
6927
1506
5803
5407
5702
3891
8012
5801
8307
1505
8226
10100
7241
1503
3629
8534
7880
7732
6149
1502
8699
4623
9156
9217
7261
1501
9284
1500
5086
5527
7583
5528
3894
7308
10465
7305
9463
10654
10750
6718
6001
1498
7744
6063
5175
4059
9206
5710
1499
6317
6913
1496
1497
6560
10777
10705
6148
6968
8787
1490
5113
10057
1492
1493
9645
1487
7968
4500
8894
7149
6719
5833
1488
1486
5717
8119
8514
5837
7988
6973
9726
7021
9224
6891
5729
8201
10366
6963
9299
6585
10644
1485
3824
8299
10532
1483
8437
9706
9139
6892
5305
9492
5529
9066
7873
1480
1482
8480
4620
1481
9596
5830
9059
8661
8069
9606
1484
1479
7729
8873
9041
10636
6559
3825
2152
7982
3996
4738
5732
1478
5828
1475
1476
10453
7500
7190
6779
5582
5088
8148
8478
7437
9700
10179
8965
6469
10052
3280
1474
7147
7720
8578
8492
5159
5750
5827
10256
7283
5697
8608
1471
1473
1472
7244
9865
5728
7621
5481
1468
8698
3625
8419
6928
1470
6916
6130
8615
10604
3926
9635
8833
7802
3856
4182
9109
4619
1469
6607
9458
7243
9380
4618
6140
3875
9382
4069
4616
5571
8322
6871
7806
5590
6741
6109
7399
8859
6120
6146
7712
1467
10454
1465
5303
6901
3897
5439
7121
7959
3834
6484
4617
5976
10238
6341
6362
6025
5723
1464
6778
8819
8488
10562
5836
3372
3371
8000
3866
8491
7079
6487
5398
3853
4213
3992
10275
5903
9634
10066
10252
6982
8867
7424
6878
9119
7718
3838
6755
7977
1463
6915
5841
10289
1457
9341
10032
7263
5746
1460
1462
10740
1456
5825
6326
7060
8945
9747
1454
6016
9252
6059
1455
8583
3837
6664
9469
5720
10758
4141
1453
7810
7146
6453
6723
5808
1452
1451
1450
4612
10581
6889
6090
1448
10597
1445
7961
4065
8096
5139
4101
5505
4079
7743
7975
7267
6953
7488
1446
4379
4394
1444
6951
1447
6898
4401
7441
5240
3582
8157
5094
10146
5745
4297
9479
4090
1431
3580
9063
3581
1432
1433
4607
1442
3852
4611
1436
1441
5972
1426
1420
1422
1424
1419
1421
1425
5842
3903
7024
8335
1427
1415
9885
9633
9980
8680
9702
3865
4044
1417
1418
1416
3888
1414
8761
10556
4465
9895
6643
4043
6584
3278
3279
9772
1413
8091
3277
9632
9278
7069
4602
7440
7005
8334
7313
9964
10213
6665
7520
8145
1403
9039
9085
3841
10162
1401
5788
5101
7130
4598
8198
1402
5570
4597
3276
5112
6333
4316
1398
7584
4595
8138
9312
8022
4596
1399
7422
8839
4393
3912
1397
5762
1396
8777
7731
4457
6666
1394
1390
5721
1391
5471
1395
9071
1393
8172
8146
8147
9995
9416
5799
1389
9658
9269
6667
9630
9631
8580
3266
6579
3267
8842
1385
8206
1384
7815
4011
4591
7143
7976
4050
8706
8377
1382
7045
1383
8774
7279
1381
3874
7971
8858
9844
5024
5946
3893
4023
8579
6979
6900
7632
143
8048
9593
1378
1380
4046
3849
7457
7967
5805
3265
6887
8638
4354
5991
10681
8976
9327
9939
10349
1373
4098
4142
9445
4091
4055
3955
8617
1369
9275
9223
1370
1372
9629
8381
7568
8620
8581
5104
3264
8601
5530
4588
6612
1367
4447
1366
8505
3907
10341
1365
4587
5090
3268
6445
9427
5402
1956
8361
1957
10714
10193
5109
3941
5811
9200
7724
1363
5773
3261
10852
8328
4282
1362
1361
1359
1360
1357
7008
10788
7923
8522
1358
6890
6345
4391
10230
8345
10795
7476
3860
9709
3916
9187
8011
4585
10068
7373
10139
6605
10435
5851
9293
4299
8834
9378
3943
4170
3863
9008
4463
7733
8368
1354
5820
7618
5126
8663
5216
5115
5813
9162
1352
8079
6989
10143
4063
3975
4583
1353
4582
3624
1350
8123
7877
9287
1349
6947
6645
5110
1347
9936
7800
10128
9627
1348
1346
1351
1345
7262
6465
10044
3256
5239
3255
6369
8529
6604
6343
8490
9853
10468
1342
7491
10226
8634
6500
7142
1337
9152
8734
10666
1343
5731
1339
9567
3254
5218
8825
1336
4008
8612
3909
6330
4580
7793
9994
1326
10047
4205
1335
1333
1332
7141
6746
6716
10692
1330
7735
5951
10170
1325
1331
1328
10773
1327
7325
43
7601
6561
10370
44
9034
10058
41
42
9628
6399
5103
6904
6350
3954
7375
5299
7264
8961
1324
8093
6377
10037
7083
8399
9996
1320
1321
6912
10617
5733
6644
3869
3250
5422
3626
5834
5784
9362
2030
3247
3248
9199
7361
5501
9285
1314
4578
4179
1317
7726
1313
6771
7554
6338
4100
4577
6137
1312
1311
9099
8355
8508
8911
3249
6936
6499
7271
5777
10762
3918
3919
3634
6981
8349
1300
1297
1295
1293
1299
1294
1302
1296
1298
1292
5587
1291
9835
1286
1280
1281
1284
1288
1290
1287
1289
1285
1283
1282
5748
1278
1277
7299
1275
5928
1276
7739
1279
4417
4576
1301
5758
5098
1273
1274
8396
5771
8417
10036
4033
3880
3679
1270
1271
1272
5741
5739
3887
10412
4573
5298
6368
3246
3244
3245
7997
9231
1269
3979
3922
1265
1266
4062
4508
1267
3243
9889
6401
4074
7314
9982
7026
9006
9193
8667
4538
10535
8333
8034
7541
3242
5107
3241
5097
7603
1262
7736
1261
4570
9347
5797
6897
8944
3884
9169
9442
7544
1260
5297
9012
6692
5817
5462
3908
9057
6332
9739
4173
7085
8341
3240
6460
8567
5145
3239
10768
8721
9815
7980
9435
9248
6922
1255
1257
1256
5829
4133
10094
6652
9302
5233
3238
5234
3237
8487
8683
10428
7798
7336
8586
9096
1248
3899
1251
6711
10716
1249
8618
5757
6357
6945
6961
8968
1252
1250
7282
1253
9993
1246
8331
3939
1247
7843
6498
3933
7604
9047
7371
3235
6129
6930
6339
1245
4007
5128
3236
3234
1243
1241
10441
1244
3987
1242
10627
7983
7612
7275
6583
5132
9991
6340
1233
8503
4068
8705
1236
1232
1234
6929
1971
8607
9797
7074
6126
1235
7508
1231
7012
4565
5230
8207
3230
5102
3231
6356
9723
3232
3576
3572
3577
3574
3573
3579
3575
3578
1230
4564
1229
6497
5793
3923
1228
6598
4082
4562
7742
1227
8339
5272
4073
10182
1222
7830
3984
6683
5408
3229
8735
9054
8227
7509
7756
3336
5787
7858
10399
10257
1220
8914
6082
3228
5561
8584
5420
9990
7449
6278
1221
9968
3989
4004
9178
4286
9443
1216
8493
6496
3914
1213
10112
4556
1212
1214
10079
9016
9944
1205
1209
10327
1207
1217
7985
7293
1218
1219
1206
1204
1208
10127
4554
6948
4553
1201
8358
6935
3952
1202
1200
5900
4540
6122
9203
5292
5840
8095
4112
5452
9729
8332
6277
8346
1198
5023
1194
7067
10404
5760
1196
8111
1195
4550
6600
6002
8162
8604
9773
8356
6957
1187
1189
4549
1188
8366
8099
8063
9624
5289
6924
6939
1185
8397
7777
7803
5921
1183
3921
10196
7037
1181
3990
4544
5118
3226
3227
1175
1176
4543
10494
3223
3224
3225
7138
1173
6403
5127
3980
6456
10239
7471
8467
7355
8796
1172
7137
1174
6394
8403
1170
4012
7752
8021
4536
3944
9508
4292
6116
4537
1169
7294
3221
3222
8047
8109
9490
6914
9018
5268
8321
7989
3623
1167
6101
1163
1164
7135
5111
8900
6455
3220
3924
9649
8523
8883
3219
5419
6348
7274
4368
7831
7598
1159
3218
3217
1160
10861
3950
4534
5225
8515
4533
9974
10452
3972
1158
8125
3963
8793
3641
9673
8749
10198
3216
6351
4200
3964
7287
7289
9108
10033
7746
8416
7134
8070
4132
5904
9751
9009
1157
7281
10295
5831
4093
10626
7369
6371
3215
6429
9664
1154
9020
4530
7765
7378
1152
6747
9414
7310
3932
8359
1144
5468
10263
1145
1149
3981
7419
4089
4016
4528
8624
3213
1142
4131
6655
9357
7602
10512
10059
9240
9042
9003
5186
3210
3212
3211
8643
10034
7025
3942
1139
6646
5121
10657
1137
10171
10012
10396
10236
3633
1136
3938
6999
4522
1132
6108
7760
4188
1135
1134
4085
976
978
977
7768
5782
3968
8398
1131
3101
3098
3100
8438
5497
5022
3099
24
25
26
6567
5403
5025
8436
9938
23
3702
27
7620
1129
1130
7276
3940
9957
9050
1127
3958
7290
1128
6106
1126
4086
5959
1125
1118
1123
3693
6105
4520
6693
4519
4428
1116
5445
5444
5155
1111
7298
7284
7783
6926
6103
1113
1114
4001
1108
7459
3206
9040
9214
1109
1107
7389
1106
1112
1115
2078
2079
1102
9051
8007
10186
3661
4517
9022
7796
10248
5850
1099
1098
6450
7317
7365
1100
1101
4298
4516
4128
5467
6925
1097
8124
10322
3965
6100
7513
1086
5795
1084
10516
7019
7301
4512
4081
6971
6085
1081
5786
4211
1080
10475
4218
1078
7804
8414
1079
9623
6649
6992
9179
1073
9339
1074
1072
7105
1075
1071
4510
6966
4307
1068
7128
7808
6390
4308
9504
5516
9233
1062
6098
7114
8882
4505
8587
1058
6921
7291
5409
7526
1057
6010
9086
4504
1056
9792
8030
5440
10
5183
9805
10614
8535
6384
7872
1053
7781
4054
1047
1049
5985
1052
8234
4364
1050
1051
5897
1054
7027
7450
8875
8621
5852
137
8590
1043
10232
8689
6875
7543
3202
7523
6956
10462
5798
1037
1033
1036
9696
4140
4498
1035
8043
8996
1031
3957
1030
6933
6409
6758
1026
1029
6965
1027
8050
7994
4390
7533
1025
1022
4052
10578
3976
9219
1023
1024
1020
1018
1019
6391
9084
8588
5854
4497
8033
8641
6773
140
141
4440
1803
1802
5140
1011
9385
10823
9965
8348
3201
3200
9320
1009
9621
8958
9966
1008
4075
3959
9190
8496
3199
3198
7462
5220
7362
8160
8906
3197
7630
1006
4435
8352
1002
9620
5148
8743
3196
5418
5196
7792
3967
6089
8408
10682
5174
993
6087
5824
94
5520
8155
9311
93
6743
3635
997
6738
10137
4064
5217
10794
4486
991
990
3969
8831
992
10361
4483
985
984
5819
10119
3192
8933
9988
6133
9503
5954
7779
3190
3191
3189
5215
982
981
6081
7769
975
7029
4480
8995
9619
972
974
4479
3188
9750
7309
970
9657
7633
8509
7125
7498
5119
5576
969
968
4107
967
7764
3619
5807
966
965
9987
5213
957
8380
962
7307
4136
8350
4047
9878
9776
9638
3999
8410
10113
9354
7063
3186
5211
5586
946
910
8640
6764
6592
7628
3184
8017
943
3622
84
3672
85
5476
7864
6478
7446
9253
4400
940
7090
5123
9832
938
937
935
10216
4472
10026
5531
931
4057
5878
8362
5802
6032
9227
8002
4321
928
8886
3182
3181
3180
3982
9986
10122
924
5800
923
7834
922
921
8192
920
919
9655
9857
918
9999
917
916
915
6964
914
9875
3179
7772
6077
8889
6078
908
5823
5998
7118
907
9036
9900
4032
6594
10711
6651
7835
905
6076
904
9947
5417
903
6075
8039
901
902
6940
6941
3708
1707
4563
4143
10591
8609
4010
899
6376
10220
5875
897
5861
896
8240
898
6073
9731
4280
6072
895
9105
4466
7343
890
9827
9656
5996
891
8036
889
888
4464
7116
5152
887
7311
6070
883
885
886
7115
9383
3988
877
3550
8006
6949
7842
876
9194
6546
5589
139
5588
872
873
5251
875
7840
874
7868
8507
4459
4040
7547
871
10497
9052
10336
2184
4740
2183
868
9412
869
870
9143
864
860
9144
861
862
4030
1786
91
6706
90
89
88
853
858
857
856
855
854
7316
6066
8745
3174
10277
6065
4454
6587
851
852
5532
10489
8884
10620
850
9828
8106
849
848
6586
7466
10126
7821
7494
6029
845
3985
7588
842
10504
4449
7112
840
841
8711
4015
7637
7381
4110
7288
838
8730
836
8387
835
4445
9038
5855
8498
834
4446
837
9730
6766
9967
6972
4018
6061
6757
833
4444
829
4443
3995
828
827
7813
5245
3173
5197
5594
7352
830
832
831
4442
9809
4441
4304
825
4438
4127
8589
5814
5815
5816
6959
824
7794
6468
3997
4439
8595
8720
9535
7366
3994
3172
8098
820
8371
8541
10698
8169
821
8056
6990
10089
819
10214
8353
5868
9316
9934
818
817
9831
8653
816
5838
4138
5394
5890
9372
4060
7376
7108
7463
3170
809
7464
7107
7306
4432
5845
810
811
807
812
3618
4430
806
8820
5498
804
9030
803
5219
4125
808
4431
1624
5312
7098
7028
8622
802
800
801
8804
794
795
798
799
797
7617
8648
7351
8516
3169
8373
3168
10175
7629
8593
5124
8054
6054
4021
5146
8055
4042
3167
7341
9868
7000
9802
792
791
8596
4020
7031
790
4424
4077
9251
5202
3338
6485
4423
787
7017
9516
789
8860
5150
7786
6998
7865
8511
4378
5901
7106
7534
5847
6389
780
6557
4005
7820
9088
3166
9014
6379
5192
6363
8357
9618
7320
4003
6034
5208
773
774
769
8018
5241
765
767
4392
10510
766
764
8650
5963
9902
770
8966
8625
8027
8530
3164
5144
9161
5149
10745
762
763
7356
7473
8591
5896
6052
4013
6050
7774
8372
758
7103
4051
7461
756
4411
753
5895
754
5818
746
747
757
10362
741
4409
4408
745
738
5929
740
6049
9261
7504
74
734
735
733
4009
732
7324
8097
9309
739
5238
743
742
7302
7354
4407
7420
6962
5863
6048
5821
736
10109
5564
8369
9765
4027
9807
9956
6993
10405
779
3692
3655
728
3162
6775
10730
9663
5190
8105
10237
6418
5141
6417
5162
3161
724
7372
4404
6454
2185
7634
7852
5073
721
720
723
4403
719
4024
718
8212
3680
5483
92
9359
9046
3160
10738
8174
4402
8031
717
716
715
9826
5236
8049
713
710
8662
5449
3583
8655
8158
709
707
6413
6412
3159
3158
3157
3156
8374
4014
7556
9616
6040
9985
7300
4389
8363
705
7510
7297
6035
9984
5231
6974
703
704
6036
4039
702
9221
10266
6656
4019
9058
701
8785
7349
8431
700
5235
10184
4395
696
5176
8840
8395
694
4388
7832
4235
4097
7340
3152
5574
7503
693
9123
4053
7034
7099
4045
4386
7863
4150
688
691
689
10381
8223
6013
687
686
6457
685
684
4332
6033
7522
7837
8375
7493
9356
678
5932
5940
4383
8401
4198
677
7805
8666
672
6739
7521
7097
673
8216
8512
8168
4371
8737
4076
5941
670
671
7807
669
10070
5860
667
4118
666
4381
668
664
8732
5133
665
654
7095
655
8005
656
657
6438
648
649
651
8772
652
653
650
7093
644
639
637
8784
4373
5933
6442
4322
640
5882
641
642
4374
638
9493
645
4375
643
4372
5986
8537
634
636
4108
646
647
7850
6373
6028
635
633
6027
6668
4139
631
632
4281
630
6588
7339
4370
627
629
628
6441
3151
5180
3150
625
626
5970
7091
7542
4049
623
7338
624
9952
4367
4037
8389
4061
8874
622
7811
4220
618
5849
7791
615
616
6023
8610
617
8213
8675
614
612
7368
7088
613
6978
5853
605
3549
609
4215
606
604
601
603
607
602
610
608
8748
75
78
3621
77
80
83
7511
76
5470
79
82
81
10096
6555
6642
599
598
6022
611
10676
593
4339
4159
590
6451
589
8015
4356
4357
591
596
4359
597
4363
592
7600
4036
9069
5166
4355
587
586
8836
588
585
8890
8041
583
584
6019
3567
3558
582
6018
579
8679
4353
578
577
576
4352
5846
4351
4348
4157
7084
572
571
10124
10235
7364
570
4058
4294
5993
7342
4346
6427
9306
569
6014
5864
8367
565
567
563
7452
7456
7524
561
7856
558
560
4343
559
7610
568
566
2121
5880
9614
5441
8159
553
10219
554
5923
4088
552
4340
8841
4337
551
550
10546
5981
4115
4603
6503
9186
1406
8970
4601
5331
8800
7322
7470
4335
5442
545
4072
546
547
6009
10339
6047
544
543
539
540
541
121
120
3691
538
8382
7315
5387
6987
537
536
533
9981
532
10095
1573
531
10416
4214
528
527
4330
526
523
524
4329
525
521
10715
5223
7075
518
7318
5221
4328
517
516
3706
9082
7631
8184
513
514
7047
5222
10233
8788
515
7492
7080
8400
4117
7033
7032
511
512
510
4327
4096
508
507
7319
7001
10379
4323
9820
4413
7853
504
4599
4600
505
10607
6443
10222
502
503
4183
501
4319
5973
9582
3703
3705
10123
4056
500
7644
494
5165
3132
492
8230
4314
493
491
5164
3130
6393
4313
9080
7855
7458
3564
487
489
7799
6439
10455
488
9338
3127
7326
485
482
484
5894
483
5968
4311
4287
4240
479
7812
4310
6756
9932
4309
476
3681
477
478
10395
6392
3125
9863
3124
8026
466
8100
7841
10324
7499
5212
3677
10120
9439
460
4120
8402
7071
5160
3117
3118
3119
5154
6388
457
7358
5997
4295
455
456
7109
4293
453
4130
454
452
5158
4291
4290
445
446
447
7797
6434
8967
438
6628
9613
434
428
6701
4105
5858
7575
4217
9121
427
5887
8193
9321
426
9375
425
8892
424
7795
4083
5859
6378
9612
5870
10345
6633
4084
423
3114
7303
5263
3113
6430
419
417
418
4279
5412
3112
5535
5153
3111
4080
3569
3570
1319
1318
9977
9142
6428
4276
410
4106
7849
411
3110
3109
9973
6408
5177
4094
398
402
401
9204
6997
5201
4265
391
390
5910
10229
392
8376
4267
4269
4268
4270
394
4264
389
9471
7002
6385
5889
388
7040
10757
4263
7006
8533
8019
387
3557
8731
8038
5200
386
7015
5199
5876
4559
8776
5938
232
379
4260
380
6556
6425
6424
8901
6700
7817
356
7845
6772
8029
378
4551
10278
4253
4103
9625
9609
376
375
374
1934
1933
1932
4716
4717
372
5395
4251
369
8510
368
9971
5982
4250
367
366
4102
4114
7062
363
4171
4249
8129
5974
361
360
4247
5198
359
5591
9712
353
4111
350
352
351
4244
7844
357
355
358
4245
354
4246
349
348
5977
8433
3284
8107
3286
3287
5975
4241
4242
346
3105
6589
8935
6382
344
3106
3107
8393
4099
342
338
4234
4237
10215
5411
335
5488
9304
334
333
5157
5989
5969
7057
6721
7814
7046
4231
10292
6669
6074
8052
329
7056
328
332
4230
331
330
4126
327
8037
325
324
322
320
4228
5892
321
6590
3108
9480
8391
319
6273
7564
317
316
312
3631
3115
4219
8924
5965
6422
7344
9819
306
5966
7827
307
302
6420
6421
1407
1408
1409
3116
5156
9858
9011
10568
300
10398
1547
4635
298
6720
5961
7833
5942
3571
9713
7809
10075
4209
10397
4208
294
5191
9608
7869
289
290
4206
4121
3120
285
4204
286
4451
5504
9345
279
8072
275
7050
4203
6068
4202
7051
274
3121
268
272
6416
273
8102
4197
3126
5163
5956
264
10521
7725
5666
4662
3122
3123
5161
8173
258
259
260
5906
9005
4194
256
3129
3128
8101
7611
8386
4192
252
249
250
5952
248
251
9818
3131
8712
245
5414
7043
243
4185
4186
242
7042
9603
7453
6395
3133
5563
240
5949
8690
1379
3701
3700
7454
49
50
51
52
53
54
55
72
56
58
71
60
64
66
57
48
70
69
68
67
65
3617
63
62
61
73
59
8071
119
118
10264
9817
4552
3134
239
3135
3136
3137
8061
10165
6554
5944
6410
8877
237
8384
5943
10114
3138
236
9373
5184
7576
4490
235
8549
5536
8687
4502
9336
1045
8383
4180
4181
234
5939
233
5937
4629
5309
1521
8217
5935
7330
40
3559
39
38
8076
37
133
7328
7829
227
5167
7329
6396
5168
10105
229
228
5931
138
9348
220
4
7607
5538
7591
6398
5
5287
1165
218
4163
219
9816
216
217
8126
8405
7455
9694
214
4172
4137
9602
7585
207
208
209
204
205
206
10652
200
3139
198
5182
9601
199
9031
6736
5979
8527
10728
3141
190
7337
189
4168
5920
4167
9861
9297
6404
6690
5919
4688
4686
7035
8782
5172
3142
5916
184
8775
7818
7334
182
179
4161
180
6591
176
9118
171
170
4147
165
166
164
163
8838
5905
9406
5908
9806
148
3143
6400
3144
5558
151
5909
153
150
7862
7848
149
9600
4145
4148
152
5489
10283
5446
7571
7548
7495
9931
146
7475
9599
1190
4546
1191
4547
6486
9598
161
158
159
157
162
4151
5575
160
4154
6490
1182
6630
6138
5912
173
4158
5913
172
3563
5914
175
174
10024
9043
6713
3149
9975
1461
7905
3683
4162
8809
7888
183
5447
5448
4164
5917
7822
185
5179
187
188
6406
5918
8215
4165
7036
191
6698
9622
5922
4169
10603
5592
192
7824
5181
193
194
195
3674
6407
196
197
5925
5924
5927
202
10145
201
5926
7828
7518
3658
203
210
211
3659
212
213
7826
215
10199
226
221
5537
225
224
4175
223
222
4176
9212
9881
231
230
6768
4178
10291
3155
3154
3153
7696
5185
238
9337
6543
8668
10067
7496
5948
241
6128
9073
4190
47
5416
46
45
3632
3565
3566
4191
247
246
6414
8103
5187
6670
4193
8773
253
5953
254
255
257
8195
261
263
262
6092
9811
4196
4195
6785
5189
266
4199
7345
6552
271
10371
9053
277
278
3163
5415
276
283
284
964
963
5958
7347
288
287
293
295
296
291
5960
292
7052
297
9860
5962
299
4210
7838
3165
6419
301
4212
5964
303
304
4216
305
7053
314
4225
4224
313
7596
10467
308
4222
315
7054
310
4223
311
4227
318
6699
323
7055
4229
5193
10267
6423
10147
326
5195
3171
5194
114
3662
3667
9745
7059
336
337
339
341
10601
4238
340
4236
7065
343
345
9295
347
4243
5978
5266
6426
5980
4248
362
364
365
6599
8778
370
5477
371
4252
7061
377
373
5983
7846
4254
384
383
382
385
1091
1093
1095
1088
1092
1096
1094
1089
1090
4261
381
393
9810
395
396
399
400
397
5203
404
9803
8602
403
405
3175
10318
4275
3176
408
409
10144
413
412
414
415
4277
9591
420
10138
422
9775
421
5578
8238
4283
4284
10284
6432
8128
5992
6597
430
429
4288
432
433
10334
3660
437
436
439
444
4289
8394
8040
6431
451
450
7589
449
5209
448
6436
458
7070
10014
3183
7527
7359
4305
461
462
7072
463
5999
7073
3185
5210
9808
6000
464
9177
465
9970
3187
475
7360
474
481
480
10749
6440
7854
486
490
9519
498
496
495
497
3194
3195
3193
499
7077
4318
6629
10056
7049
506
4324
7469
6446
509
8042
9352
8176
3203
522
9433
4331
7859
530
529
6007
9589
8779
535
534
5224
4334
542
6008
9588
4336
548
549
6449
555
556
4345
562
7860
564
574
4347
573
4350
4349
6132
575
580
581
6017
595
594
6021
4358
1520
3207
5227
7472
3208
620
8044
619
6452
3209
7465
621
4365
7089
10693
4366
8045
9181
772
4418
771
5911
6722
4341
4342
6602
3214
4376
7096
7094
660
6030
661
9959
7370
5228
659
9164
4377
6031
9954
676
675
674
10619
10254
7558
4384
679
681
683
680
682
6671
6458
5229
692
7100
4385
690
695
4387
697
698
699
4506
4548
1186
7363
788
1861
6037
6038
8907
6039
6459
3233
706
708
6461
4396
6041
4399
6045
6043
6042
6044
4398
711
8354
712
714
9305
10338
722
9587
1082
1083
730
729
727
7102
726
725
731
4406
4405
6463
3253
8132
3252
10018
6462
5237
8163
744
6464
5967
737
748
749
7421
750
751
752
4410
759
8051
3258
6405
3257
755
761
6051
4416
760
768
10097
3260
3259
3263
3262
9148
775
6053
778
777
776
9786
658
8133
4420
782
786
784
783
785
781
4421
3270
8053
5318
3271
3274
3275
3272
8540
3273
4427
793
4426
8404
9962
4425
6467
796
3310
5265
7187
5244
4436
7111
5423
9911
7563
3640
469
467
471
473
472
468
470
822
9192
823
6635
826
7380
3471
8406
5479
1392
839
843
4450
844
5247
847
8073
846
6471
4448
459
6062
4452
6064
4453
7867
5597
859
866
8862
865
867
4455
5205
3178
5206
5207
3177
6067
4460
4458
7346
6694
9313
3285
881
879
878
882
884
10299
6473
5252
4467
892
893
894
3627
5253
5255
3709
5257
900
906
7117
6024
9185
909
913
912
911
5259
4468
3299
3300
5260
10300
6685
927
4470
926
930
929
8409
6476
4471
933
932
7131
934
936
5565
939
942
941
10457
8895
4474
7122
4473
1400
948
944
7327
945
947
7123
949
6080
7775
950
951
5267
9778
952
4476
9586
953
954
4478
956
955
5425
958
959
960
961
5796
7762
4481
983
6084
4482
979
4737
980
1523
988
987
986
4484
989
5269
4485
7565
995
6088
994
9955
1001
1000
998
999
1003
1004
1005
4488
996
8810
7384
5273
6093
4494
6548
1016
1014
1013
1012
4495
1015
4496
1017
6095
1021
10102
1032
1034
4499
1038
1039
1042
1041
8062
1044
4501
7871
1040
1048
10008
1184
7737
10717
1060
1059
8519
7386
1061
1064
1063
7874
4507
9585
1066
1065
1069
1070
7387
4509
1067
1077
1076
9584
9317
4514
6776
8694
1105
1103
1104
6732
4518
6104
1117
10737
4525
435
5450
3362
9583
8415
1133
8411
6107
1138
4523
5995
1140
1143
6110
4526
5478
5555
8803
1146
1150
4529
6113
7876
3269
5243
1153
1156
1155
9779
4532
4531
7392
5286
1161
1162
4535
1168
6115
1166
10197
1171
4539
6117
9945
1178
1177
6119
1180
1179
4545
5290
1193
1192
6491
1203
1199
108
7592
106
109
107
9496
6411
3389
5293
7396
4560
4561
1225
4566
6610
6611
4567
8826
1239
1238
9963
1240
1237
6127
9799
7350
4166
8150
4569
5296
1258
1259
1264
1263
9943
6124
1268
7140
4574
4187
1303
4575
4572
4571
6134
1309
1305
1310
1306
1307
1308
1304
1316
1315
6136
1323
1322
6135
9652
6058
1334
6139
1338
1341
1340
1344
4581
6501
1356
1355
7906
4586
4589
1371
1368
1364
5300
1374
1375
1377
4590
1376
7878
1387
7398
1386
1388
4592
6502
8709
7397
7144
4594
4593
1405
7145
1404
1410
1411
4604
1412
3393
1430
4606
1429
1423
4608
4610
1440
1443
1439
6142
1437
4609
1435
1434
6141
1438
5302
10016
6703
6143
6673
9579
4613
6144
9184
4614
6145
1459
1458
9793
4615
1466
5304
3394
6056
9916
177
178
4160
136
135
3694
134
8544
10010
4621
1494
4622
1495
6504
4624
8065
1504
5308
3395
8151
5307
8815
2321
3396
6153
7882
8432
1519
1530
1522
7883
7150
4630
6069
1537
4634
1538
1539
7530
9935
1524
6154
4631
10107
1550
5310
3397
7332
6506
6507
8420
4642
10017
9801
1574
1586
6169
1585
7887
1582
4419
5242
4035
4648
1587
8421
1590
8066
5311
1589
1599
1600
1604
1607
6494
1606
1603
4654
4655
1613
1623
9951
1625
1626
9578
8599
6164
9393
1657
1656
5313
9800
5539
6155
4491
7555
4668
1679
8422
1810
1694
1690
4670
9946
6171
1700
1701
4673
1706
4676
4678
4677
6172
4675
1717
1721
1720
7586
4680
1731
1729
4681
6447
1735
8798
6178
4685
1764
6173
1769
1771
1770
6181
1775
8058
6114
1773
7559
4691
5323
3398
8739
5507
5559
1784
1785
7136
8130
244
5950
3400
3399
4694
1800
6638
1805
5455
9577
1811
1812
5508
6479
6613
265
267
5957
3666
269
270
5325
1816
1826
7501
1825
1834
10340
6187
6686
4698
7528
1852
1854
10323
5327
3401
3402
5329
10290
7889
1866
7160
1870
1869
1867
1880
1873
1883
6511
1886
4702
7402
6189
4703
5332
3403
8561
7148
6190
4705
1894
6192
4568
4671
5390
1907
4708
1909
1906
4711
4712
7162
5334
4713
4715
1931
7404
7064
6724
10189
1938
1941
1947
1949
1946
3404
9498
3405
6198
8821
5335
9798
6176
2309
6210
4841
2382
5339
2013
7529
6614
3406
4338
6011
7163
2026
6201
4722
2020
2021
8725
4144
147
2047
2042
2041
2048
9291
7188
6200
6514
2056
2055
7164
2067
7165
10496
4726
4273
7892
2077
4727
7407
1532
1534
2082
9611
2102
2101
4730
6207
10217
2124
4733
9576
6183
4735
5593
4734
2132
2131
2125
6214
2151
2138
6493
6647
3388
7395
4524
2169
2173
2172
2170
2171
2192
2195
7408
2196
2194
5469
9575
4742
5506
4741
6057
2216
2218
2217
2219
110
8863
5543
5540
3595
3596
6516
2220
7119
8710
5306
2223
2224
2225
4745
2226
5541
5542
2227
2222
2221
6218
2228
6702
2231
5388
2230
4746
5509
2229
8067
9574
2234
2233
4747
2232
6
5510
2236
2235
7169
8658
4748
4749
4750
2240
2241
9329
2239
2237
2238
2243
2242
4155
4300
6774
2244
4751
3407
4752
2247
2248
2246
3409
3408
2245
9573
7894
2249
9796
1449
4382
6549
9572
2254
8677
4755
2253
3646
2255
4756
4757
2251
4754
4753
2252
2250
6519
2257
2259
4758
6215
2258
3204
3205
6596
4759
2261
2260
7039
2262
7171
2265
2266
2264
8426
2263
7479
9065
5338
7409
7377
87
7514
9264
86
9958
9110
4760
2267
2268
6219
6220
2271
2269
7904
2270
2272
6221
3410
9570
7374
2273
6704
2256
8425
7170
4761
2274
8794
5511
2276
2275
6640
4762
2277
2278
4683
6222
1687
5317
6550
1688
5340
7550
3411
3412
7172
2280
2279
2282
2283
2281
4763
9569
4764
9568
6223
4344
2285
4766
2284
4765
6224
3416
5341
2286
2288
4767
4768
2287
2289
4769
3414
3413
3415
2290
4770
4771
6520
2292
2291
4278
5583
416
2297
4773
2300
2298
2299
6094
7870
2302
2303
2301
2306
2308
2305
1010
4493
4492
2307
6225
2304
2310
2311
6226
129
128
6744
7605
3673
6517
4774
6483
5465
7382
7410
9292
4776
2312
2313
2314
4775
2315
2316
2319
2318
2317
6733
5513
5512
8545
10401
186
7480
7086
4777
6229
6228
6227
4778
2320
4779
2325
2324
2323
4780
2322
863
2326
8597
2327
4781
6012
4134
4135
9580
4782
7173
4783
10674
9566
2328
2329
4786
3568
9282
5443
7545
9089
5342
3418
5343
5344
9116
9114
9924
4790
4789
2330
3689
5345
4791
4787
4788
2331
1007
4489
8413
2332
6691
4794
4793
7174
2336
2337
2338
4796
5930
5453
1477
3146
3145
3148
2341
2340
2339
2342
2335
4795
5346
8972
2343
3419
3420
4799
4797
4798
2344
9565
7175
2345
4800
2346
2347
2350
2348
2349
4542
4801
9594
2352
6523
7895
0
2492
7133
2353
7574
6603
5301
3422
3421
6230
2354
6524
3552
5347
6231
4803
2355
6525
4802
2356
2357
4804
2358
5348
2359
6526
1141
2360
2361
2362
2363
2364
2365
2366
2367
8619
1746
1749
1748
1747
10218
1124
1122
1121
1120
1119
4521
2368
2371
2369
2370
6232
2372
7481
4806
4805
5533
5349
2374
6099
2373
6213
2376
4807
8164
5491
2375
5274
4808
6233
8818
3424
3425
9563
9564
2377
4689
3423
5350
4809
4811
4810
4812
2381
6448
6769
4813
1085
7875
7549
7176
6234
4816
9581
5352
6748
3427
6528
3426
3429
3428
4817
4818
2383
4819
2384
4820
8188
2385
6235
8219
4821
10077
3432
6527
5427
3430
3431
4823
4822
4814
4815
4824
2387
2386
2391
2390
4825
2389
2388
2392
6615
3433
5353
8112
2393
10635
2394
2
4878
1
6608
3458
5361
4861
7893
7177
2452
4851
2451
4856
4848
9
4879
2525
11
7178
4880
7896
2530
2395
2396
7560
9560
5204
7460
7411
2397
2398
6529
2399
4826
5354
2400
2401
4827
2402
2403
4828
9949
2404
2405
2406
10287
4829
4830
4831
2407
3670
7412
3434
7505
4832
4833
4836
2408
4174
4834
7068
4835
5514
2409
9559
2912
2542
557
3599
3598
3597
6636
3435
3436
4837
2413
2410
2412
2411
4839
2414
3551
4838
6725
2416
2417
2418
2415
5544
9896
2422
2421
2420
2419
3600
4840
2423
9558
5355
3437
6734
2425
2424
6236
8822
4843
4842
2427
2426
5356
6521
1329
4605
2428
6237
2429
7
9557
2430
5357
4844
2431
6238
2432
4429
2433
5358
925
4469
6111
5988
4845
5391
3440
3439
3438
3441
5457
5456
6674
8152
1087
4513
3442
3443
6616
4846
2435
2436
6530
2437
6532
2439
6641
4847
7594
2441
2440
6531
2438
4850
2442
8154
2443
4849
2444
4360
4361
600
4362
2446
4852
2445
5392
4541
6118
2447
2449
2448
3251
5421
3690
2450
4854
4855
2455
7553
2453
2454
6005
2457
2456
2458
5359
2459
4857
4858
9068
880
1428
431
2460
3601
2462
9555
4853
8392
5546
5545
9556
2464
9787
2466
2465
2463
3288
3289
2467
3602
6761
6553
2473
2472
8427
2470
2469
2468
28
29
30
31
32
4863
2475
4862
2474
2477
6240
3444
2479
2478
2476
4865
2482
4864
2481
2480
2484
2485
2483
5502
7531
2486
2487
1055
2488
2489
4867
2491
4866
2490
2493
4868
2494
7179
8808
2496
2495
3445
3446
3447
9554
2500
2501
2497
2498
2499
4869
6241
5523
3449
3448
3450
7566
6533
8669
7180
4870
2502
5556
4555
4872
4871
2503
2504
2505
9552
2506
1254
5226
4874
2507
2508
4873
2511
2509
2510
2512
6096
2517
2515
2516
3451
3453
3452
6781
4875
1028
4876
6492
5360
10140
3454
8185
2518
7333
3147
2519
4626
4877
2520
3457
3455
3456
2522
2521
6534
10224
2526
2523
2524
2528
5362
2527
2529
3459
8949
5363
3462
3460
3461
4881
8686
2533
6242
6243
2532
7897
2534
2531
3682
5573
5364
5492
6244
2535
9791
7413
4883
4882
7414
3465
7415
9790
2537
2539
2538
4884
4885
2536
2540
5365
6246
2544
2543
3466
3467
2545
7416
2546
7613
2548
2547
6247
7367
6435
6535
4886
2550
4887
8806
2549
9788
4888
2551
6249
4891
6248
4889
4785
4784
4892
4890
2554
2552
2553
4893
4894
33
34
9688
3553
35
3556
6648
36
3555
3554
2555
3468
10694
7181
2556
2557
5557
2558
7417
4895
2560
2559
6676
2561
9789
4897
4896
2562
2563
2564
2565
5366
2566
5458
3603
8428
2567
2568
9551
9929
10087
3684
4898
2570
2571
4625
2572
2573
2575
2576
2574
4899
2569
6250
3469
5367
4900
9550
7157
2577
805
2579
2578
4901
7532
9549
2580
4579
6697
2583
4902
5459
2582
2581
3470
5368
7525
22
4931
2656
4903
6251
2584
4905
4904
2471
15
4906
17
4933
3685
6505
6151
1507
5282
1148
1147
1151
2585
10098
4907
4908
2586
4909
973
971
6252
4433
815
814
813
2588
4910
2587
6006
2589
8696
2591
6705
2590
18
519
520
2593
4911
2592
10101
2596
2598
2597
2599
2600
4912
2594
2595
2601
2602
3472
4913
6536
6253
2603
2607
4914
2608
2604
2605
2606
7182
2609
9548
2610
2611
2612
2613
7183
5460
3604
3605
9547
2618
2616
2615
2617
2624
2625
2620
4915
2619
2622
2623
4558
3473
1210
5294
1211
1215
2627
4259
4917
2626
5515
3647
4918
2629
7184
6751
3474
4919
4920
2630
2628
8208
2632
2633
2631
5369
6255
2634
4921
4923
2635
7418
4922
6677
9544
10163
4924
2636
2638
2637
112
113
9743
3668
4925
2639
4926
5521
4927
2640
131
5386
132
4301
4302
6437
3476
3475
9543
2641
6537
2645
2644
2643
2642
4928
19
4947
21
2732
2731
3477
3478
3479
9781
4207
2647
2646
2648
4859
4929
9783
2649
8064
4930
2650
2651
2652
2653
2655
2654
309
442
443
440
441
2657
2658
2659
2660
4932
5503
9950
2666
2665
2664
6161
2667
4936
2669
2668
4935
6538
4934
2670
7110
2671
2673
6239
2672
2662
2661
2663
2674
9784
2677
2678
4272
2679
2675
2676
9542
3480
4938
4939
2683
2684
2681
2682
2680
9785
6637
8153
4940
3482
5370
3481
2685
2686
2687
2688
7185
2693
2691
2689
2692
2690
9541
2694
2695
2696
2697
2699
2698
2700
4255
6256
4937
2701
2702
2703
2704
8791
2705
2706
2707
2708
2709
2710
4941
2711
7635
5547
7595
2712
4942
2713
6257
2714
3594
2715
6258
4943
5371
4944
2716
2717
2718
2719
2720
6763
2723
5372
2724
7186
2725
9539
9851
4946
6539
6182
2726
2727
2728
1224
1226
1223
5250
2729
2730
8654
3484
3483
3485
4271
9538
2734
2735
2733
9537
2737
5373
2738
8228
3671
2736
2740
2739
6522
2741
6259
2742
2743
3486
8113
3638
9909
99
3639
4948
2744
2746
2745
9744
6540
6097
5548
6749
2747
2748
2749
2756
2754
6123
4950
2751
2750
2755
4415
2753
2752
2766
2764
2763
2762
2761
2765
2759
2760
2758
2757
2461
4860
2614
9536
2767
2768
4951
2769
2770
3686
5581
4953
2771
4952
4954
2776
2775
2774
2777
2773
4955
2772
181
5915
4258
4256
4257
2778
3487
6617
5374
5375
3489
3488
2779
2780
4956
6541
2781
2782
3648
3649
5560
6542
2434
4957
2783
2784
2787
2785
2786
4958
6254
4792
2333
2334
2788
2789
2790
2791
4959
5549
9540
2793
2792
8429
4960
2794
7866
6060
6735
5376
2795
6261
4961
2351
3491
2796
2797
2798
5377
2799
2800
2801
4962
9782
2803
2802
4963
2804
2805
3496
3494
3497
3495
6262
2808
2809
2807
2806
9534
3493
3492
3464
3463
6245
2810
3669
5580
5579
103
102
104
105
2812
2813
2811
4964
4965
122
127
124
126
125
123
1563
1564
2814
4949
6260
7773
3498
4966
9532
9780
2815
4967
3606
3607
2816
4968
2818
2817
4969
3500
3499
3501
2819
2821
2820
2822
6263
2823
4970
2541
3687
3608
5461
9948
4971
4972
2621
4916
6726
2824
2825
9531
2826
2827
2828
1772
3645
2829
2830
4682
1730
2831
2832
6544
9530
2834
2833
9529
2835
2836
5550
6727
5551
663
662
2895
2868
2869
4973
3417
2839
4974
2840
4975
2838
3610
3609
4976
2295
2294
4772
2293
2296
168
169
167
3502
3611
2841
1110
7132
1491
1489
6147
9774
9298
4977
2843
2842
2846
2845
4978
2847
3140
5171
5170
2844
16
13
2883
2882
4652
4653
1611
2848
12
2889
2888
2887
2886
3503
3504
3505
2853
2852
2849
2850
2851
2854
2855
2856
2857
6265
4979
8430
2858
2861
2864
2863
2862
2860
2859
9527
7787
2865
2866
2867
4980
20
4981
2871
2870
4982
2872
2873
2874
5426
3507
3508
3506
9526
2875
4985
2876
2877
282
281
280
144
145
2879
2880
2878
1046
10250
4987
4988
6518
4986
4984
4983
6266
6267
2881
3510
3509
7898
2885
2884
4989
4991
2891
2892
2894
2896
2901
2898
2900
2899
2897
6678
2902
2890
4990
2893
2905
4992
2906
2907
2904
2903
3511
2908
2915
2909
2910
4993
2913
2911
2914
2916
4994
4995
2917
2918
2925
2928
2920
2922
2927
2921
2924
2923
4996
2926
2919
2929
2930
4997
9525
2932
2931
2933
4998
2934
4999
2935
5378
3512
2937
2938
2936
3513
2939
5000
3515
6545
3514
7899
2941
2940
8
2964
2965
2513
2514
2942
5002
4152
2944
2945
2943
5001
3650
3651
2946
2947
3612
2948
5003
2949
6264
2950
2951
5004
2953
2952
2954
4153
2956
2957
5005
2955
9524
3490
3516
5379
5007
2958
5006
2960
2959
3
2961
5008
5009
2962
2963
2966
156
155
154
2967
3518
5380
5381
2969
2968
2380
2379
2378
5351
3521
3519
3520
5010
6268
2970
2971
6269
2972
2973
2974
2976
2975
3522
2978
2977
3517
2980
2979
2982
2981
2985
2984
2983
2986
2987
2988
2989
5382
2991
2990
2992
5011
2993
2996
2995
2994
2722
2721
4945
9523
4274
407
406
2997
2998
1197
2999
3002
3001
3003
3004
6270
3005
3006
3000
3011
3010
3009
5383
5013
5012
3007
3008
3523
3012
3016
3015
5014
3014
3013
5554
5552
5553
3018
3017
3524
3526
3525
3020
3019
3026
3025
3024
3021
3022
3023
5384
3028
3027
2837
3033
3030
3031
3032
3029
3325
3326
3034
3035
3036
3527
3529
5295
3531
3528
3530
3037
5385
3532
3038
3039
3652
3653
5015
3040
3041
3042
3043
3044
3046
3045
3047
5016
3048
3049
3050
3051
3052
3053
3054
3055
9522
3534
3533
3056
5017
7704
115
117
116
5018
6271
9521
3057
3535
3537
3536
3538
3613
3614
3615
3061
3060
3542
3540
3541
3539
3062
3065
3064
3066
3063
3068
3067
3070
3069
5534
3073
3072
3071
3543
3545
3544
7900
3075
3074
3076
3079
3078
3077
3081
3080
3082
3688
3546
3548
3547
3058
3059
5019
5020
3084
3083
3085
3087
3086
3088
7901
3091
3090
3089
3092
3093
3094
3095
5021
14
3097
3096
9520
6675
