9191
7499
9209
8745
10845
8604
9222
6873
5634
10505
8106
9974
6183
9907
7351
5073
9354
8384
9909
7788
8571
5599
7623
7566
1595
9270
9241
6656
1593
3933
10723
10026
1591
10739
8011
9675
5881
5087
7958
8842
6781
6816
5082
1583
10540
8551
9448
3237
9416
1614
10029
4346
9840
7635
8967
5853
1645
8592
10284
3235
2410
7003
4809
4041
1641
9450
10131
10236
3233
10548
4052
10509
4049
8470
9408
9762
8416
9934
4909
10605
7570
8998
1629
10040
7795
8588
8580
10439
7083
9703
10272
9201
10379
10165
10158
3231
5506
8948
9381
10811
5844
8436
10830
6166
1617
7041
10432
9443
6031
7892
10337
2655
6579
6170
10651
8824
2631
9519
10672
5585
9999
10589
6117
7124
9618
10520
4330
10864
10492
10703
10563
10800
10626
10679
10254
1532
8703
10159
7980
3689
10647
9091
4770
6055
5552
6719
10850
10834
10454
10837
8785
9870
5038
5531
7132
10506
1517
8790
5985
9342
4266
10744
9180
1515
8607
10862
6609
10754
10716
7421
10421
10863
6821
4314
10553
9777
9751
10453
10119
2252
9689
6569
9824
8750
9936
10839
10412
9916
1566
9386
10384
4987
9951
7000
7118
8294
4182
3229
8380
9676
10732
7116
10465
6785
8639
10853
8981
5472
6014
7644
1553
5837
1551
9267
4165
3616
7512
10601
4856
4157
10810
8845
8608
10269
8619
8892
6768
6150
5910
8361
8550
4525
10223
8630
9298
6549
8377
10206
9326
9970
9136
10560
6546
9366
9724
9704
6916
7472
8375
8636
10750
7159
9808
4784
8408
5504
8788
6797
6804
1724
10793
10867
9622
10861
8319
10434
10317
10502
7532
3253
10318
1732
8218
8695
4218
10144
6999
9017
3252
4202
7953
7828
10011
1772
4353
7383
7893
7393
10657
7592
10621
6009
8690
9143
3248
6850
10803
1781
4925
4608
6066
9391
7966
6651
7848
7050
4584
7671
9660
10033
6991
10127
1760
7026
10211
9822
8469
8468
6686
10531
8026
3707
8364
10724
3935
9801
10748
9047
9753
10870
10694
4767
8907
7290
3244
10369
2416
4665
4299
5067
10634
1681
9986
10602
10780
10857
10615
10566
10806
7426
10543
5963
6207
3219
10235
7015
9621
1667
6180
5065
8890
4633
3669
3666
5840
8016
2065
9164
1659
7038
3495
7646
6010
6778
10365
9444
5909
3192
10840
9908
4062
10524
10577
4629
5083
9249
7369
5885
9889
5939
10168
6119
9140
10452
7626
7989
10393
10704
1713
10102
5950
6727
9684
7573
3189
10730
1708
10873
10844
8673
10866
10308
10817
8212
1702
4587
8089
3187
4084
3195
4751
8323
8603
7748
9697
1694
8072
6379
7751
9692
10274
9077
8133
9515
1686
4030
9673
10737
7754
8278
9887
1684
6704
10756
9081
7066
5601
9477
6341
2729
4965
7515
1339
10865
10322
9080
10600
3181
6441
10635
3578
4516
1335
8942
6417
2533
10418
9237
8449
9398
10593
1331
2467
7720
7109
7548
7716
6899
9186
7686
7725
10847
5795
7947
6435
5889
9041
9761
7608
6440
4535
9918
6001
8723
8947
10801
5501
10135
8712
8543
10584
4566
8263
8606
7040
10691
7783
6646
4930
3177
8074
5946
10466
4104
1366
10141
8830
9468
5936
5450
10804
10544
3185
4107
6414
1361
7563
8157
4880
1374
3197
6439
4951
7755
10367
6698
4816
9073
10683
5830
9174
1352
10233
4339
9153
9794
9309
9295
9583
6155
8792
9460
3586
3198
6894
1271
7122
2503
8884
3544
10701
10257
10673
5565
10415
10809
10802
10570
10798
9817
9700
4873
9195
3214
8983
5564
9624
9466
7690
3213
8698
9236
9625
9706
3212
9065
4795
6836
6888
4950
8980
8354
10306
10207
6829
8649
9486
7370
10581
2704
9708
7371
9349
7773
7923
8996
9674
1302
9060
3209
9756
7452
4112
9341
10499
9989
8610
8413
6131
4455
10071
9883
4944
9401
10824
6930
9344
7648
10821
4139
10655
9488
5679
10208
8006
6929
9609
9956
10618
8650
10576
9051
10252
10390
10639
2546
10431
9217
10718
10067
9432
1377
8512
8521
10066
1474
2590
8254
8243
7974
9288
10262
1469
9184
10767
8958
8040
3692
6506
10715
8063
6529
9740
7281
9455
10307
4606
10599
7164
9377
9402
3646
1456
7715
7443
8873
9679
10682
7883
4536
3649
7889
9133
10653
10609
10849
10760
10665
10650
10838
10455
9680
9036
9493
4782
8798
6519
3730
5458
9243
9686
8178
4125
7175
10435
1502
5520
8737
7683
8674
10579
8921
8938
7955
8602
4130
9467
9268
4773
4774
10338
8756
7622
6893
10511
10738
9739
1490
8172
4998
6359
6931
10785
10334
7368
4565
8125
2486
5647
4876
9271
1480
9913
9988
9649
4045
10270
10490
7043
10077
8235
10825
10237
10859
7645
10761
10440
1402
7598
2136
2137
4444
10580
3634
8762
3313
4813
6895
1394
4051
1393
10510
6897
3311
10385
4628
10686
8183
9299
9300
8865
8569
6545
8916
10774
10297
10567
9382
6593
3476
4491
9920
3701
9120
10555
1410
3348
4592
4435
6917
6677
7112
10872
1438
5031
10643
2482
1437
1436
10807
7068
6972
6639
10152
10613
7505
9192
8053
4434
7550
7522
4857
9233
10288
10608
9441
4042
8699
9511
7948
10147
8621
7756
3925
6681
2281
9334
8103
4505
7910
9839
9787
9139
8401
9350
9922
9447
6510
5447
7932
10784
4425
6668
9224
8796
10092
7717
10813
3993
6769
10429
8628
3936
2612
10347
7531
3939
2667
4683
4682
9220
80
6005
8854
3937
8625
8453
8437
5920
10766
7884
7885
8498
10481
7004
10395
6513
8764
4573
3513
10103
9967
7052
10468
9287
7025
5118
8082
10323
5039
10388
9283
8714
8605
4442
1835
6339
4253
1812
7642
9694
9512
7535
10170
6347
9101
6890
7534
9111
7628
7073
9472
9228
9376
10684
9484
2446
10596
8283
9163
6914
7917
10038
8857
1889
10772
9426
9687
8138
10391
3525
3465
9274
6789
5168
8043
7171
8148
10529
2570
7685
10530
1879
8041
8001
9522
10101
7606
5729
5912
10814
7492
7357
9976
3528
10107
10528
9262
10354
4539
4693
8090
10875
9474
10696
10358
10674
10856
10832
10848
7123
2300
9434
10770
3279
1840
10075
3278
8003
1883
3277
8555
1892
10113
8489
10348
10538
3275
9042
10292
3283
10212
5012
4294
10400
10251
9471
6358
7556
7130
10597
10559
8809
1888
9451
9325
10364
7029
1881
4260
7113
10341
3271
3794
4579
1797
8095
10631
1810
10411
3270
9352
10180
1814
3269
9491
4183
8008
6462
9985
10720
3913
7553
10060
10877
10871
10878
10240
10706
3268
9399
8271
10419
5075
1899
7151
2059
8426
2660
9176
7882
4746
9650
9312
7483
9411
5135
9370
10670
9955
7839
1945
7849
5088
7288
5962
8726
8229
10382
9322
9888
10829
5895
10607
4745
4422
2070
3618
2027
10087
5875
9090
10043
10366
3610
9429
4420
9302
8684
10091
7938
8565
8559
6528
10552
7672
10779
9928
9605
3723
64
7482
5934
6539
65
6059
4772
2605
6544
2606
8505
66
3851
2691
8165
7481
6019
8906
3722
63
7850
10564
7581
10693
8014
9048
8557
1847
5068
1862
5848
10654
8657
7497
7111
10642
10294
8828
9005
7928
9200
4000
2349
1909
10831
10442
8944
7509
9232
9332
1903
8763
9453
1916
3551
10139
10776
7794
6869
8077
6447
1788
7611
8473
7153
10472
10773
3290
9766
1861
8949
7289
7425
5158
9657
4845
10550
7944
10869
8677
2701
7163
9250
9693
7811
10221
2132
10179
2138
3589
9078
9783
4598
3287
6444
3176
8893
10745
9008
7908
1957
4962
6735
9420
7308
6731
7667
5854
8374
10259
9707
9329
9509
9167
8028
8488
7350
1927
4211
7674
10137
6080
7862
8713
10177
5187
6497
8629
10835
7662
3060
5953
9423
459
8151
10702
2329
6742
10360
10178
3056
10392
7006
6505
6760
4278
6758
7044
8177
7500
2316
2317
9294
2724
8159
7496
4627
2678
10406
9324
9514
9024
10855
7039
2143
5735
4485
2142
8552
5169
3052
7141
5167
6363
10069
9331
4937
4215
451
10332
7358
470
3051
4941
9369
7853
9653
4209
9150
8534
9574
8316
4206
6693
8431
9998
7471
9021
8394
7812
10592
6709
10381
10827
10420
9732
3788
10361
8902
489
10003
488
7478
7423
9014
3787
8959
4244
9179
6664
10491
9337
9216
486
7408
9921
481
10105
6610
6621
3598
3599
7888
9664
8905
2009
10624
7131
433
9314
382
6378
8076
5692
6700
10660
3545
9234
9007
8760
5354
389
7590
8717
6565
8378
4917
8250
6566
6161
5699
5356
10169
394
7585
10056
8849
5360
6853
4337
380
9413
5362
7591
365
9799
7372
4373
10808
6891
9490
9097
3553
4372
4734
7707
8514
4674
10649
9698
8108
10463
9727
375
8501
7479
10403
9367
4943
7664
415
9500
5989
7480
9055
7746
7668
4490
9006
9126
9104
2042
8667
8799
2620
8751
2039
2037
2046
6944
10333
9169
4230
7115
7143
3569
6431
3078
6977
7654
8281
10290
4936
5367
7174
9364
10791
3085
8276
10261
4761
8359
4935
6141
6390
5322
3074
8556
6906
9711
6790
9345
9950
6813
9064
9196
4929
6807
508
600
10633
4927
603
10397
3071
4938
6803
10383
5326
8121
610
10590
4367
7161
6409
6088
5803
3067
598
7349
8344
10735
10755
10719
10244
582
10797
2553
4168
7982
585
5328
9778
7422
6792
6794
8211
5329
6948
592
6907
5811
7316
3017
593
8349
9865
10823
10562
10717
10598
3627
10245
10685
10792
10781
10876
10818
9804
636
5334
4977
3982
6436
4552
7579
7400
10097
9144
8672
10551
10822
10422
10648
3013
8979
7374
3012
7287
646
6838
7304
10215
5947
4556
7410
4195
650
10315
3011
10193
10535
6346
634
10554
9524
624
618
4963
10541
9146
7926
7640
9405
8371
7077
8440
625
8287
8739
7561
5415
8985
9558
630
10173
6172
7568
10852
4956
9289
7051
3004
8961
8461
10093
9688
9161
6960
6720
4955
9040
6747
10000
10445
538
10697
539
540
7277
4389
6515
7106
6926
2453
9475
9269
6762
5834
6725
9959
4916
10526
9884
9504
512
9213
4309
7678
9301
3987
4390
5426
8303
4418
517
7726
9983
10371
520
521
522
10376
524
8810
9387
8812
10742
8733
10495
8356
6584
3510
9715
9726
9263
10586
10295
3039
9033
10433
570
3038
8952
572
7722
8181
7098
7619
2525
6722
4923
7940
6455
561
8288
3035
9611
6452
6876
4924
7378
8529
546
4983
547
5911
10277
8397
10713
10456
9375
2447
3030
6783
5942
7714
556
10489
6125
7510
10573
8152
8789
10279
6480
9672
10359
9218
8836
6464
8644
9805
6880
9256
10339
2139
6592
8358
9723
9011
9461
8284
10027
2508
2495
2716
3024
6808
8782
9106
10638
6947
10227
9129
7177
8728
9981
4311
2457
8843
10628
8379
172
3087
9793
4703
7769
8291
8594
8910
3088
7081
8779
10110
10256
8923
4413
5440
10664
9747
9788
8486
10074
9317
6209
8300
10640
10546
3148
7655
7088
7772
4261
3146
9487
7874
9112
8589
10477
8004
7375
2188
5948
8446
10286
4692
9919
10198
7774
7706
4344
9380
146
3508
9085
9710
9015
7095
9435
143
7398
3140
8145
9501
4249
8881
10205
10449
7097
7962
3469
4269
130
10246
4288
8982
7898
3706
135
8563
4748
8678
5820
4893
10721
9404
6585
7594
8398
6951
9016
8817
4283
5390
9004
8900
8396
4279
7100
8987
10125
7666
6053
3506
10843
8420
5828
10258
6596
9841
5061
7528
10787
3135
320
4750
9648
10705
315
6752
8088
10185
318
319
303
311
302
361
8073
284
6186
285
10181
10112
2196
9728
5763
4580
290
9966
5071
7967
8911
3163
3154
5057
5817
5055
8579
10612
322
8067
9013
10517
10471
345
9371
347
7749
10282
8635
5051
5400
6831
8889
4488
4487
10709
9971
5402
10120
10874
9395
7681
9769
342
9517
6074
9278
7979
7065
10485
8978
10768
7971
10645
6286
8280
6284
9623
8010
5407
10778
3170
5408
9392
5089
5411
10142
3168
339
2696
9795
5084
8298
241
224
9668
10846
10574
4753
10786
10775
9755
3166
4599
6167
10741
10494
9544
10836
3462
9125
10255
8114
5085
3165
4802
3173
3488
7978
6771
8544
8223
10314
4534
8496
9151
4718
207
208
3483
7148
4502
10081
8821
8248
7994
3475
2168
5749
9473
2236
6696
7887
10263
10370
3159
4406
10637
9725
3157
10036
9833
4021
4557
8940
10771
5226
3156
7155
8831
5229
6543
5232
8452
5233
9939
8140
3132
10253
277
4061
9449
3972
263
9802
262
7160
6313
2572
5028
6956
8324
9938
245
246
8548
3644
7899
4672
7162
9752
3131
3108
6312
7346
10451
3106
7985
4462
9239
5240
9390
3105
8347
8257
9057
6911
5800
7166
4403
6309
10595
10115
7448
5243
8494
7167
4852
3741
7168
6604
5244
7170
9173
9720
10700
9469
9470
10398
6649
3737
8334
1051
10782
6770
8029
5767
3862
2624
8407
5716
2217
2244
1027
8903
5836
3096
1022
7146
9440
10268
1026
7968
8941
7909
5250
8774
5251
7698
3092
8631
7904
6782
1032
9663
8706
2017
6571
8832
7986
7529
2010
6570
2016
8456
9961
1991
9505
7990
6989
9029
9737
9812
8277
3097
2518
5222
3109
9662
10669
8079
9952
4116
6840
9806
1090
7787
6120
3110
7541
3738
1073
8879
9445
3128
4135
10699
6648
2497
1061
5011
3943
6137
8146
10841
7734
10860
3729
9987
8991
5203
3566
2004
10138
2022
10355
1020
10479
8652
9995
7621
4146
10740
10722
10692
9378
969
3749
4144
5041
8098
9810
3126
5209
8214
6828
6268
5210
9905
10514
8583
3560
10795
4400
9123
5697
2091
8037
9820
3570
10591
9830
952
9869
7786
955
3123
10611
9277
8914
4090
8373
4089
9138
6833
8260
8561
8524
8632
10082
981
8932
10690
6262
6261
6933
3693
8613
8954
3780
1009
7935
3781
4081
8292
10304
9171
9071
6259
8252
3547
6556
10851
202
5035
10249
3783
5033
3932
10273
6705
8463
8232
987
5220
7401
10326
7139
7142
6244
10549
993
10475
5257
2110
9273
6706
10676
6550
7593
6552
3118
3117
6245
8193
6998
5022
9118
10571
2441
1189
4698
1191
6250
7129
3950
8691
9912
7292
3674
5291
6265
8472
8800
8950
7446
8670
10729
3915
1184
9100
7319
1168
6667
6242
3755
1170
1171
9997
7695
5852
1182
2468
7114
7544
7993
5016
8363
9681
8320
9266
6734
8025
9362
10176
6021
9969
8511
10044
1226
6034
8560
4603
7857
8174
2584
8936
1232
7176
7975
7838
10752
10409
3262
8997
5297
1235
6630
4392
4035
1222
4590
4391
4358
2028
8597
10569
9480
7538
1207
9316
8591
5702
5869
9790
9109
10171
6678
7032
3699
8048
8208
9695
10758
1167
9225
3756
8464
1165
4394
9425
8596
1114
4914
5302
6952
9311
7833
4764
9880
7539
7071
9742
8946
6157
5306
8023
8094
8447
3884
3355
6633
8934
3384
4402
4121
4483
7450
9671
5784
10467
3408
9773
1098
7810
7359
8545
10241
3417
3542
7078
10229
3398
3391
10470
8224
4050
7092
7633
7089
9410
7614
8620
8929
8912
9038
1130
6306
6308
8068
7084
2332
1152
10271
8835
7042
10710
3519
8655
10058
4907
4328
7871
4019
5314
10387
4568
3368
3352
4717
8935
10743
10826
8937
7012
1137
6975
6138
8682
8337
8022
6965
9406
7348
8877
4503
8192
2681
2279
8658
2277
10260
10747
7076
3458
4496
9882
8120
7527
6883
9478
8087
7321
8410
10319
8702
748
10155
6737
6028
5262
753
4318
5263
8972
8973
755
3479
8462
9275
9635
759
7830
5265
7825
752
6135
3425
8417
4913
9954
3423
5077
8837
4662
6327
732
6661
4719
9499
10024
7613
5086
9168
6036
2399
6599
9427
8532
739
3396
10413
10441
4186
5847
8963
9083
10414
6780
3635
4192
7801
762
763
3393
4670
8352
10228
4604
9525
3394
9452
6908
3708
7165
6810
7651
5074
3418
8081
785
6915
8393
786
10448
787
9385
8293
4159
10606
8261
789
10145
4160
10130
8754
2121
2098
2096
4754
5756
3385
792
793
9117
8898
9089
10474
6537
795
5050
9147
9223
7951
4167
9898
5865
4018
6583
8581
7596
9878
8752
10436
9965
3362
8648
9881
6073
3365
3371
7643
2391
10671
8748
774
4589
6070
8797
777
7056
3680
5278
6171
726
10287
7110
9357
10498
9026
9741
2666
8601
4421
4375
3600
3432
10214
3449
9428
3453
10057
7818
683
9628
3576
4484
8367
6591
3541
9032
10280
3421
5076
4895
655
4203
6185
8127
8273
10078
8139
9503
4239
2412
4232
7976
4477
9784
665
666
10603
9373
3977
3353
688
8773
10342
3401
3392
4194
10343
6195
7022
3390
8614
9563
8204
8071
7703
715
716
6729
7386
7834
5841
5966
10622
721
7992
723
9251
708
6196
706
9827
3412
9866
5275
694
4906
8775
10583
698
9479
3382
700
6054
8290
8143
10378
2239
7597
7391
5751
704
725
3819
3422
3434
9746
7649
9431
893
7653
2411
8696
10163
5964
5091
7559
6288
9319
10507
5090
9142
6862
2398
7956
8493
3444
3679
10094
4423
10516
2652
8768
9027
6273
6300
7191
5941
6626
8895
7816
6934
10708
876
3367
3405
8093
5267
8526
8395
10345
5006
7181
9813
9459
9442
10687
884
6320
5259
886
3880
9690
9084
3631
4063
7847
10480
3654
10197
910
8609
3828
8767
4127
9127
5690
2152
6673
10731
10707
3632
2155
9719
6129
4429
6574
10330
6795
2357
934
7665
5965
9860
7841
4137
10423
10426
7798
7831
6882
4733
7223
7224
4087
9248
9984
10819
8504
10799
10625
2147
8928
7827
6271
3593
10759
4450
10121
6969
7922
10725
916
3438
8058
9800
8195
3904
10350
9768
6826
10629
5856
6827
6232
8201
7543
2418
10316
9523
7819
9328
7815
6997
8409
7220
6865
10617
3931
7859
8547
833
8382
827
3436
9137
5298
10285
10482
832
7347
818
3628
3633
9857
8647
4242
5015
6657
8132
10751
8562
2684
2280
9821
4352
3715
9819
2203
9010
8861
6730
4173
6041
5846
6108
6665
8459
8660
8661
3606
6555
4765
8761
2213
10427
7209
6756
8641
4610
7652
8964
8575
2345
8962
8576
10068
10646
4842
5239
10536
9149
5043
9683
867
868
5785
854
10833
9615
7845
8134
3395
6258
8150
3407
6650
8245
3918
7257
842
844
10519
10344
9744
9646
9718
6145
8721
9464
9743
6920
6266
7925
8793
846
3694
10547
8169
8623
6901
843
7454
8516
5205
5821
4815
9837
5204
6823
855
8590
7291
8306
6219
6967
2804
7486
2336
809
4985
7872
8599
5197
805
9227
5917
802
6224
4227
6842
10537
829
3535
4323
828
4822
3814
6896
8256
9365
4756
2141
2784
2788
8709
923
7364
9135
9910
3705
8032
4445
10777
7738
7995
8188
6239
10278
9252
7701
8190
10666
8704
6775
7488
4996
4460
10486
10854
4136
8776
2802
2731
2156
8642
10662
9103
5998
4684
7237
8383
2753
4120
10230
8179
10061
10527
9389
5002
3713
3830
5003
8518
10106
4059
6122
887
2379
7911
883
2255
9360
9221
4549
4071
8546
8066
9779
5801
6912
7972
9510
7710
4864
7215
10012
2233
7877
8806
9261
10711
2931
8331
10064
9917
8131
9034
8769
3537
699
705
10045
4705
8749
3496
6625
7762
7470
7193
3877
5808
3720
1990
6910
712
7729
8308
2986
8780
7659
9924
689
4164
4805
4166
2309
8772
5943
9721
9670
4229
8000
7213
4241
660
8710
8221
5813
3865
2992
8219
5413
6043
10678
3579
9678
10402
6779
2997
9379
684
2975
681
7431
677
7777
2959
2722
9242
6605
724
9099
2088
3559
5741
3561
6277
772
8054
8297
7760
3630
9306
2973
9617
7691
766
6937
10476
6281
7702
2861
7739
7913
9417
9098
6981
7875
8274
2858
782
7216
7231
2837
2819
2820
740
2822
8411
10401
736
6824
2826
4519
2827
2828
2402
8778
6538
9616
4308
7033
4020
6289
4321
10619
9902
9291
7242
6949
6716
750
4315
4303
2888
9595
9321
6297
1989
1144
9355
9835
6746
2352
4412
1140
8993
9513
8017
9798
6961
1146
9368
8388
7740
1158
4594
6210
1157
8638
2866
6202
7692
6644
8904
7182
8230
4697
3848
10126
8231
9132
8920
2334
5387
2879
7618
9652
4475
9400
5058
1109
2882
9264
5399
7491
4607
7366
4518
6016
8309
1119
8149
2881
10816
8860
10488
9892
9893
8265
10104
4073
10164
1126
1125
1122
5443
9052
8205
7388
7768
8627
4093
10175
6511
10310
10374
6995
5723
3580
6985
10080
4688
8781
4729
8663
8587
9701
6622
7490
1233
4114
6469
8951
3577
5446
10216
2628
10623
5693
7502
10335
2834
4098
4393
8933
9154
7424
10380
9481
8448
7267
9772
8681
8777
2074
10496
10098
8027
7331
9885
5831
5925
7256
4001
995
4980
988
8734
2115
10644
10450
8741
984
6362
5421
4700
4076
6636
6993
10769
3456
4896
7437
7987
8852
4083
4091
1008
1005
9260
7625
4959
8285
956
8508
3775
4153
8259
8856
10630
6992
2961
964
972
5347
978
4115
5346
7525
9973
10641
5809
7379
3836
10063
2008
5345
9682
1069
2496
2994
4150
9403
1063
9050
9165
6616
9211
5340
10226
4974
2683
8572
9446
1084
6438
6062
3745
3643
9297
9457
7314
6674
3647
9957
7024
1029
6397
6954
7700
7309
1024
7743
7669
10329
10572
7752
10504
6406
2920
2919
10096
5327
10183
1045
9659
2915
9521
5325
8960
9745
6111
2585
8977
6403
7742
652
566
7694
2951
258
9791
3860
2950
3607
8574
9463
3629
7329
3847
2604
9736
106
4760
3457
4537
10136
4540
10188
2940
8708
10247
8786
280
272
8220
268
6399
7878
2250
9713
7977
3716
7362
221
5969
4056
9159
8429
10659
4940
5676
4069
7017
209
7415
7221
10140
4564
6425
2737
10076
9415
7232
231
2597
10129
2478
240
10377
225
6035
7286
8886
4028
9286
6416
2126
3663
10518
3521
6855
8404
3492
9792
10404
10500
3868
9846
10437
9462
9963
103
9343
3962
2719
8264
353
4716
7999
6344
323
8084
6355
6971
7202
6091
7248
7724
2777
7455
6124
7453
5897
7037
10503
7842
7533
7254
7442
5944
115
111
2767
4282
9045
113
9096
9095
4495
8818
8365
4507
134
2738
129
10051
5097
7205
9879
10438
5788
2749
138
9789
119
7946
2765
6963
8966
7036
8175
8671
10356
5775
8527
4258
4007
2438
6711
10118
4768
2759
9293
9059
10219
8686
193
5166
8927
7445
9351
175
8434
9119
9114
6553
8804
3482
8999
8405
9483
9494
6759
4981
10428
6925
4416
8036
2782
6601
8310
157
7218
159
5184
363
4973
8822
10289
7584
2154
3944
5696
2757
2743
9086
8593
4966
3815
568
7240
9372
362
565
8346
4964
9285
563
2944
4305
2538
519
9128
8490
2918
3911
3899
9330
2470
7792
511
4298
4739
2928
8389
6979
3682
7521
7577
4919
5157
4245
7822
10312
4180
8582
4181
536
7808
530
6468
578
8481
10325
7494
6881
4497
7392
5066
2963
4360
9333
621
10425
7578
9658
633
10736
635
10048
4193
2527
9781
5148
6773
5764
6050
2112
2108
3641
9665
5780
9506
4361
2101
4362
4363
10558
2480
4508
8242
8197
4673
10749
8578
8880
2469
7693
9760
3603
3613
2038
10790
5049
4163
6038
5139
6523
6806
8507
7854
9906
8009
4605
2867
8694
612
611
608
2877
5134
7631
6483
5131
6488
2864
8715
8945
4369
8432
2903
8970
6521
5186
429
9062
2611
8711
7300
7549
2830
7363
4994
4991
9848
4990
377
4984
4235
2855
7330
9964
2849
2848
2846
3685
9508
7226
9782
8931
2358
10041
8075
5173
10083
4695
381
8355
392
9864
2956
2401
387
2816
2976
7864
10469
10004
6415
4329
7189
10828
473
2952
2932
10788
504
10242
6114
8853
9797
500
5130
5045
4611
2935
499
7793
8523
7516
6628
9094
2811
10283
5877
9489
4217
9063
9280
7775
7778
8162
9003
8044
7027
2772
8255
7906
5111
7315
5108
5079
2760
9134
7750
9238
8105
7313
10187
457
455
10545
7634
7763
8391
1030
7954
5095
2750
9570
8530
10578
5789
7179
9946
6812
8807
6482
2783
9231
5918
3596
1811
7243
5080
5044
1873
6507
9654
8943
9585
7696
6514
4238
2335
9346
10459
2984
7737
9412
8922
5018
4382
1954
1790
4383
1807
1856
10462
1891
4228
1890
9229
8864
6909
8403
6400
8730
5619
7950
4174
9730
5032
2268
4506
8052
3717
8492
10199
9265
6353
1832
8868
10582
2415
9318
8497
6638
4989
1950
2896
1976
3726
7230
2899
5851
8226
10117
1919
6460
8330
1897
2872
1941
8258
1929
3975
4338
9068
1923
8738
4342
7661
7565
7927
9696
8477
9838
7941
9421
10023
3500
6652
1978
4446
8200
9807
7035
9776
8867
1795
7260
9194
6874
10868
5863
6128
9666
10132
6996
6458
10234
4742
2095
6567
9899
7376
6560
2013
1865
1887
1886
1841
1796
1827
1983
1984
10062
9304
1900
3954
2922
6499
4310
10726
8742
9030
8111
7641
8206
4319
2948
3477
5754
10661
8299
6713
9246
8566
8311
7007
8314
7190
4263
8956
4947
2592
7187
6670
4259
2771
8402
4257
7658
5591
7514
10201
5826
1830
2310
8801
8210
8321
4248
1962
8901
6084
9284
9290
7903
2601
9177
4701
3511
3906
6130
3908
6427
7959
10368
7933
9424
10610
10796
7462
4275
1412
8275
6950
6143
6398
9056
6959
1418
4428
7785
5485
5486
4474
10820
10753
4553
5958
8531
1442
3518
9975
2471
1428
9645
5502
6913
3796
9039
4979
4675
4572
1411
1426
4046
7030
7973
4575
6902
7723
9729
4972
9122
4971
7249
8568
10424
7779
9188
7428
10688
1395
6075
7673
10443
1399
8765
9702
9046
5973
6617
9476
3907
8882
6724
2579
1444
8784
3833
1484
9518
4026
8859
8167
6940
9520
1486
5649
8272
9028
8811
10525
4473
2810
1510
6868
2803
6489
4129
1497
4128
2536
5630
10532
7870
5678
4905
3949
3611
8484
8676
7301
9705
10095
9102
4766
10099
2224
1461
7731
6825
8078
8020
3571
4154
4152
10162
6025
4908
8119
1472
1473
1475
7920
9891
7269
6653
3712
1278
8899
4918
8719
7712
1285
7718
4138
8116
10656
2930
9539
8506
8268
3774
2979
9245
2985
5639
4482
9414
7880
9347
2993
4588
2978
9437
2998
2977
3945
8700
5060
6745
4013
4694
4077
7942
8509
4583
7251
8289
1351
10362
1354
3591
7536
2908
3695
5053
8203
2844
7367
3767
7200
10293
7380
7373
4911
7206
1311
5907
8519
8136
10627
4097
5737
2036
6900
4332
8791
6982
7317
3662
2890
2894
3766
10172
4145
9542
9982
10160
7821
9018
8024
5010
8965
6799
2900
4752
8370
5505
7856
4558
10351
1714
9259
9953
5798
4088
1703
5454
10789
2565
4143
4355
7855
8618
9754
1682
7271
9145
6042
5479
8838
2875
7475
9430
4067
10805
2871
1655
8312
7813
4347
4679
7227
1662
1663
5567
6220
10473
7840
4268
5589
10487
1670
6889
2895
8441
6578
2889
3963
2887
8338
8392
5786
5036
8049
1757
2833
6102
1761
7858
5542
5026
2860
5928
6619
2269
7295
3882
10220
4547
3769
9492
5987
5557
2299
8876
2296
1718
1723
2843
1725
2842
6216
1726
1727
7212
1729
1730
1734
1736
1738
1742
1743
6946
2995
5972
8705
1549
2434
9809
9536
9949
8189
9714
2981
6235
1569
5471
1573
6237
2325
8541
10616
6305
9914
4510
2913
4493
5752
5731
9826
1529
8442
5718
9541
9327
7803
6321
8042
7805
9207
5857
10015
10146
4538
6002
7048
1631
9156
9203
6192
10225
1639
4068
3648
5070
2776
8187
1644
3938
6213
2200
3558
4664
3785
5650
8153
2796
8474
9361
8418
2751
1594
5908
8926
3121
3000
2328
7178
1602
9001
6805
6179
4530
1592
1590
4110
1596
3940
1615
9187
1643
7413
7047
7605
10037
9422
4038
1637
9661
9162
4915
9586
9606
8825
2617
4486
2135
8990
1627
7487
1626
8342
6292
6291
7826
6898
2769
8237
8746
5604
5957
1619
8612
7937
1616
2762
8376
8969
9771
6542
7211
6072
6301
8171
6662
7852
8239
105
6922
9549
1580
1537
2936
2937
5923
6878
4276
2222
5000
8820
2941
4287
10594
9105
9388
10014
10410
1518
2910
2912
9465
2914
4725
6310
8112
1514
9166
9116
1576
5481
9594
8651
6052
8113
8827
6575
2256
8091
3903
2927
4691
1567
2987
1560
8794
2989
10248
2713
6096
3564
1993
7013
9383
3664
1548
8164
1728
10764
10114
3552
6938
6851
9067
8327
1750
4219
2116
10842
7687
6267
1769
1770
1773
5528
1777
5019
10667
6924
8795
2707
5021
4348
6247
10303
8701
10757
5916
2821
9712
3743
9282
8424
2824
10122
7586
10073
7429
10501
7247
9185
2831
8536
9436
6255
3735
2838
8668
6260
8333
7680
1755
7245
8202
3473
8878
6561
6563
4313
9076
5536
8439
7552
10213
6243
2892
2893
1676
2901
2304
1668
8467
8222
9335
1665
7829
4513
3499
1660
10002
6841
10191
9552
5569
4702
1658
1657
5829
7337
9972
4747
3467
2056
4656
8002
7432
7343
8427
9886
10522
1653
5945
10305
8858
4356
5954
1652
9069
8428
10565
1651
4060
1664
9619
2051
6577
8553
1710
3742
8115
2878
7339
6304
8301
9903
1705
10100
3772
3983
1701
1700
5004
5905
4677
10734
1699
7005
4108
10128
1697
1696
1695
10815
1688
7603
12
6136
4472
10275
14
9148
9980
15
13
9530
7327
3574
7804
4459
2897
7587
6623
5807
9049
1375
6986
7325
10088
5078
7697
9926
1338
1336
7823
10515
6973
4511
2863
5738
3929
2305
7180
7184
9438
1328
2041
2100
9113
5810
3844
9175
1343
6283
2839
1369
6822
5609
4874
8129
7382
2856
2850
4105
1362
1359
9193
8689
8137
9037
4898
7537
7016
7916
6955
10714
2841
3786
2312
7836
8722
1350
1348
5603
1347
1341
1308
1268
1267
1266
1254
4012
1247
9834
1243
1274
1290
1303
1300
1297
1294
1293
1292
1288
1286
4141
1284
1280
7952
1279
4593
1277
6733
1276
6184
6098
1307
4148
6627
1471
1470
7629
4151
7627
10054
6194
2946
2669
5672
1465
1464
4597
4133
6193
10478
6095
6608
4430
2223
2221
2219
8386
9305
1450
2907
2815
1494
4867
2746
2766
1504
5726
9811
4433
6188
5791
10016
5062
8666
9066
8885
6512
10446
8057
8390
8107
2157
3871
2161
6598
6158
3989
6839
1492
6481
9308
4040
7303
8616
2812
9079
9409
8109
1491
3608
9131
7412
4029
4871
6448
8862
4438
9731
6454
5955
8643
2215
7318
8173
3604
2130
10812
8266
9842
6923
9396
9141
4921
5669
1406
1403
7236
3825
10124
4514
9215
4755
2133
3864
5779
8770
8194
10331
6715
5797
8502
8955
1401
2785
1397
7285
10652
1396
8117
7246
4440
4960
7747
8633
1408
1390
5806
1388
9943
1387
7615
2780
1384
8267
4652
2779
8124
8816
7595
4892
4554
4970
4646
1383
2775
6597
2197
5736
4854
1381
10430
1379
6432
1378
10521
8253
8184
7602
4489
3490
10031
4436
1441
8005
6413
8870
1435
1432
2697
7764
5494
8851
9759
4954
4033
1430
8069
5519
7733
6366
3536
8247
5732
3539
2192
4441
9716
2190
2274
2271
2270
2295
2292
2275
2293
2283
1417
6396
1416
7345
4274
6394
5452
4689
2755
2744
7711
2563
7630
6612
2740
10238
4832
8227
2745
4630
3678
5762
8925
8846
8624
5951
8325
2174
4281
8322
10458
10324
1904
9022
4286
2173
6858
8826
6675
9935
5929
7305
5573
9923
6423
3810
9281
3811
9397
1970
8803
4443
2790
1953
10194
6352
1952
1819
10134
8683
9930
1834
5563
10389
1837
1791
8387
7896
1794
5590
1798
2493
2473
10196
6334
7784
2798
1882
8731
7782
2739
5581
5580
7283
2933
7192
9272
3856
4289
6983
6375
6680
9734
7610
4343
8743
1857
3459
5524
7771
10311
7208
1846
8450
2569
6368
4690
4574
7299
8833
9757
8065
4942
1880
1825
3731
5550
8740
8454
8368
9579
3474
7766
4928
1813
8725
8216
8286
6039
1820
6101
10265
7765
1963
6107
6503
6147
2237
2243
1932
1936
6535
10561
1994
1997
2097
7469
1860
7395
6632
6090
4449
10156
5915
7998
5866
8528
1854
6663
1852
4448
7647
1848
2962
8209
6867
6449
2965
9507
2968
6849
2970
1878
5850
2120
2118
8421
6990
9495
7732
8679
3878
8744
6879
2306
1839
7265
5457
1896
7719
3478
9043
7355
5771
2884
9669
8771
8600
2047
3672
6116
7957
3831
6793
8161
2550
2049
2064
5511
10858
2868
2874
3637
7988
6477
10017
10533
2876
1898
7031
3834
8510
2320
9656
8930
10266
2061
4456
2905
6536
5873
5855
8953
10084
6743
8732
7728
6939
2904
4561
9758
9087
1971
7939
10357
4162
6077
10677
7881
7387
2033
4763
9685
5641
8680
2891
6834
5868
2414
4737
9374
5859
2823
7650
1831
3703
10166
5606
1792
2840
7969
3734
2857
2854
8122
2117
2370
3740
4515
9419
8166
10585
10116
9158
8808
8662
3617
2081
2082
2083
8147
10086
7736
2971
1845
4512
6603
10568
1986
10231
9977
10464
10154
3852
2340
2955
5971
6376
1809
7234
8350
2917
1877
1864
2800
1876
1875
5651
8282
7241
2791
8064
5613
4743
1988
4885
8766
3724
3460
2610
3
4634
4
4476
4498
3850
8669
10013
4635
2726
4636
8168
1946
1918
7907
2795
10006
9160
1935
2747
7936
1924
4581
4796
2741
4213
454
2342
458
2689
7278
2758
7485
6473
2764
468
6688
3686
3524
462
5861
5870
8318
5009
7235
463
4861
2768
465
7866
2201
8872
9296
442
436
5874
438
441
450
445
446
5120
8844
8399
10243
2728
6338
9130
6820
10161
4216
447
449
7328
7583
5845
5123
471
2754
6424
6063
6690
5025
7034
8466
10386
2817
4207
5992
496
4205
2373
10484
5005
5871
3750
2943
5956
7275
502
4221
2945
487
10375
6410
474
6801
7620
475
9577
7464
5023
9075
4841
9257
482
484
7789
2395
485
6433
5959
2958
393
5961
6802
4374
2967
9498
3846
9124
370
7217
7546
9012
2909
8092
368
5042
5860
3676
8100
369
4237
9202
4541
376
9770
6918
3681
4626
3869
9780
10512
7984
7011
6710
5179
8225
2859
399
2431
8887
423
7526
2825
426
427
4226
428
5001
5919
8573
8805
4550
100
8759
416
10281
8896
7554
9205
2035
5995
5008
10523
7511
401
5161
2347
9709
6076
3739
5144
8412
9108
2322
2869
411
7557
7405
7517
506
5133
5081
605
8406
6870
6493
6008
606
2539
2883
10636
2885
9303
584
589
596
590
591
4365
8917
8085
4161
2835
8415
8866
4877
2301
104
2832
5143
595
3621
2484
9353
10794
10032
7663
2654
2044
9212
637
9571
8637
9945
5147
2818
6487
9307
7970
2104
2105
8038
6140
5843
8487
9031
2114
8234
644
6089
8061
648
9545
6551
8476
2075
6671
3854
6786
2953
4190
8059
10733
6631
5150
4189
4188
62
3849
7294
9204
61
4711
5933
632
4886
10217
3958
4463
10765
2957
631
529
6466
8995
2488
10416
6446
537
2510
4222
10186
1999
9019
10022
7194
9496
6044
8326
1992
2011
5711
3527
2460
525
6953
8329
2444
4926
2921
8659
9535
514
5140
6461
2232
9738
5862
2465
9667
8240
8675
7863
7869
3514
3941
564
567
2939
571
8228
2303
4296
5132
2548
10010
6562
548
7679
559
7879
2792
8720
2770
9900
9856
9576
2774
7682
10053
9323
7791
2140
3471
3961
5183
5182
8819
7524
7440
6694
2169
8381
2439
2307
53
2663
54
3709
6757
4650
8039
9313
2778
149
7837
3484
9854
2448
173
174
10301
4334
9960
3898
197
2797
6852
8724
7229
7219
9115
6928
6364
194
9020
2175
2177
2185
2761
10030
10049
147
4291
186
7709
184
183
7466
5116
182
9651
9814
181
9932
180
5119
177
7545
148
9890
2184
8340
4252
9025
4738
118
4256
4267
4946
5104
8855
9818
3812
4494
10663
7465
8302
131
7197
128
10007
3928
2593
4285
8385
2598
110
7846
4982
2730
5383
6357
2806
10483
8118
2807
310
4411
10149
7268
312
7262
313
7580
314
7261
9733
2813
4271
286
9219
3802
7588
300
9874
9655
7198
4340
8423
295
296
2781
7767
3494
346
7919
4037
360
355
356
7508
9439
6348
351
2259
7576
7780
8339
325
9058
4461
4014
102
4010
5368
5382
6635
328
6837
329
8335
8015
6386
6387
6013
332
10542
8847
10250
336
2773
337
4003
9454
338
227
9254
5373
5374
9255
5376
5377
2799
3986
3700
4644
57
58
59
211
204
205
210
212
220
5835
4567
8478
5755
10174
4065
6429
4878
213
214
3910
10557
8584
10513
242
9875
6984
261
264
7438
8031
10192
8295
5938
4047
4522
2934
6133
275
10575
2938
4934
5352
279
8246
2942
6703
6027
3832
5805
2557
8425
247
7638
5323
6395
9152
7228
8479
260
2947
256
9735
4769
10039
4932
2949
4025
7518
257
6401
2595
2929
6402
2589
1092
6814
3625
2242
3623
4015
5802
2596
1043
1046
6112
9763
2916
3747
1037
6408
3728
8841
4132
4124
4122
4952
1021
8345
7354
2923
2924
8829
8918
9610
7589
2925
2124
6987
4002
7699
8012
10620
8495
653
6904
9107
10001
1031
10153
8645
4576
9208
9968
1034
1091
9831
8874
1076
7183
2983
3661
7186
9356
2990
7894
4976
8030
2020
1088
7302
7781
5814
2991
4134
1074
4860
5341
1058
5903
3746
1059
8939
3960
7449
8755
1068
6154
6420
1070
6419
1017
6640
5974
4967
8848
966
970
971
8976
973
980
975
3965
965
6541
8863
7886
7983
2090
8735
2089
10232
8233
8823
3557
7963
4601
2966
3872
8372
2969
5728
7945
9894
7562
9863
959
982
8839
3779
4958
1011
2845
2847
9315
3546
2099
7389
6380
1016
4957
9516
1001
8549
6629
8305
7727
6712
8783
2851
7270
7721
8102
4075
4657
999
7416
2852
6748
8919
5761
8814
4398
6588
4645
8727
9634
5839
2853
7259
3595
5422
998
996
8262
6615
2443
1055
6495
10587
1093
1186
8869
4109
9904
1188
9093
8123
8369
8018
2102
3859
9253
3587
10695
1198
5428
7895
5913
8840
7263
7264
3751
4101
6738
7616
1185
5976
2829
8035
1175
6453
1179
4596
1180
7250
5430
1201
1203
10417
5432
3762
3763
1228
2582
4095
1231
7253
9320
8055
4681
2603
1236
1237
2898
1220
5787
8443
9359
1211
3584
5435
1208
7891
7930
4884
5891
7759
7199
7284
7201
2547
10200
6859
7637
9816
2999
9849
10028
5056
10460
1218
2688
5994
1166
2060
4903
10675
9677
3866
8460
10298
4654
6559
4396
3572
2658
1117
5790
6182
7009
1120
8196
6809
6586
5442
2571
1127
6191
4006
3725
1112
7495
2674
3714
60
9340
8815
2054
10680
8499
3790
6871
2559
5417
2558
9765
6142
6877
1111
1096
8170
3691
4325
8163
7297
3655
1100
7365
4659
2052
2053
4901
2055
7617
2880
8128
9564
4048
10021
7905
3827
8736
1104
5952
5822
7185
10019
6606
7761
1105
1106
4612
2873
1129
9121
10336
4517
2870
9178
5391
8539
5827
7867
1150
6144
10239
6212
1151
6600
8538
7688
2323
3798
6726
6199
2865
5833
2066
6935
8611
1161
9230
2906
7547
5064
6178
2886
6763
2902
1134
1135
1136
10447
8622
4595
1138
4803
7324
5396
1142
3816
4262
7964
8336
8693
7868
9418
746
4265
4290
6065
8687
6294
751
6717
8176
760
4696
5997
5975
756
7506
8802
7409
2862
8433
2836
7244
744
734
6830
729
9990
4295
730
4544
731
6067
735
5403
8430
3461
738
743
5072
761
8419
783
784
4364
788
790
791
8533
781
780
770
5977
2364
764
768
8758
2974
4199
4371
6278
778
7225
5409
5410
2972
776
9497
727
2964
676
2960
4204
7996
680
2420
2996
685
686
6777
7019
7222
671
5412
7239
4528
3758
661
5321
3754
5320
7435
7921
3752
656
669
663
7312
2002
3873
2001
668
670
4177
5967
6168
2988
690
7600
709
9940
2982
2980
7609
2954
9035
4775
6800
2926
691
4322
6796
692
5228
4304
8850
693
8207
8236
5231
696
6029
6708
2350
7770
4317
798
2257
5234
2911
799
898
901
904
905
906
891
890
8491
45
49
5904
44
46
47
8070
48
6691
52
50
51
10203
4471
7459
5242
881
4055
909
10728
2378
2752
2756
929
7008
930
6905
3791
2763
2705
2383
2742
5245
2748
932
8160
2793
8909
3568
4336
933
936
8992
938
941
8585
8249
4865
942
4086
2289
2263
943
4079
917
8888
6094
911
913
914
6238
7214
4724
6234
2789
4993
915
2396
10189
10291
5832
918
2786
2787
4570
7599
6233
4351
9358
2423
7188
4142
8062
820
821
823
8033
8034
6003
4824
8269
824
5195
6226
826
8185
825
817
807
4562
9587
3684
7296
804
10299
806
7210
2809
808
2808
8522
2805
816
5200
10604
7204
2801
3792
4649
9061
835
9092
6218
3522
8513
5823
6121
2794
3690
858
2814
2354
861
7258
10405
7266
865
852
838
5207
839
85
83
2686
2326
7656
5796
6654
5040
5211
1785
588
10009
850
10202
849
3970
10399
3001
848
847
3955
845
851
841
3406
5216
840
10762
3867
7861
837
5792
6148
3793
2333
853
6046
8915
8191
7447
2331
869
7802
6642
10296
8975
866
5935
5030
7636
3354
5029
7799
864
863
862
6214
3360
860
5255
7929
5024
10444
3370
9847
3378
6751
859
3454
3822
857
10658
7384
10148
856
2341
3372
836
3403
7196
9620
6160
2727
10059
6254
834
6761
3998
6149
2212
814
7523
6257
813
5292
3638
2208
7404
3358
9199
8279
8047
5887
5293
812
8313
4658
10363
5294
9258
4891
7876
4833
811
810
4225
815
7203
3442
6081
3431
4836
6732
3437
4749
9992
3429
5295
2677
803
801
10461
4357
5714
9796
2198
6886
831
6988
6739
10394
8050
6618
6047
10046
9407
830
3361
8646
7540
6153
2195
2170
2145
3497
4354
822
5872
4070
3397
819
870
5970
6083
871
6225
2436
5300
3876
3404
6228
872
5301
873
6766
4350
8634
924
4509
9604
922
921
4640
3426
7207
8056
6236
8957
920
4140
7467
9214
4814
9348
919
9023
925
7001
3435
7195
6115
9566
4099
10321
4499
3441
912
5760
7601
3556
2146
7340
926
927
928
3439
3677
2164
3889
6547
2163
3410
2286
2285
940
939
9942
9072
4648
3773
937
3374
8357
935
2160
2159
10018
4457
3563
3383
5315
3966
5316
9082
7814
3601
6311
2708
931
4123
10151
2384
7676
3386
3413
3415
6314
2382
6315
944
9485
4988
4431
7238
907
7860
10712
3388
7835
8013
6872
5258
2262
8913
6884
6146
885
7796
6614
7233
3389
8968
4057
882
2388
6322
888
7417
4439
4437
8595
7420
6744
5264
8317
4875
8400
5266
6325
10340
6326
3409
9593
9641
879
878
877
2394
5268
875
3356
3366
874
3660
3807
880
7991
889
10020
4280
6276
2428
2429
3380
6285
7820
4799
3446
6287
8471
4250
903
902
4714
3501
900
6994
9717
899
3428
897
5286
896
5984
6788
895
2406
5273
3424
894
6215
892
800
6945
7965
5770
8458
5768
5766
6033
6181
3817
703
2633
7427
8656
4453
702
2234
5684
8729
6189
2338
701
3381
6176
10150
3673
2321
6695
9197
695
4804
3498
7255
6957
7790
7498
8332
7567
3363
10353
7473
4591
6927
5277
5059
697
707
3414
722
720
3420
719
6932
718
5280
5281
717
3387
4191
714
7439
1995
9458
7660
713
4327
6941
5284
711
710
5932
2003
3402
8577
4176
4404
5876
9775
5285
7252
8341
667
664
4384
7381
662
5448
2405
5774
3549
9896
8685
10632
659
10457
658
6187
657
7461
4214
6811
7086
5896
9722
6767
9994
6174
10373
6109
5283
3582
9561
8343
679
672
3445
3448
5704
5282
3451
682
3433
6702
9292
687
6943
678
7843
6190
7104
3784
7807
675
2094
5279
674
7402
673
8445
3450
2092
3550
7063
797
10588
6832
7054
3377
2087
3930
6581
7414
5276
775
2389
7064
8665
6206
773
2084
5710
8451
8186
7704
3364
4798
771
769
4198
2376
5274
9850
4017
8241
767
3668
7851
765
3359
3357
779
5069
9607
5914
4366
2653
3926
796
6045
8626
794
2720
2721
5921
31
34
35
32
37
36
43
38
39
40
41
4680
42
33
28
30
25
24
23
22
21
5901
20
19
29
26
27
8435
90
88
10167
9872
3835
2103
741
2650
2071
5753
8251
10218
4470
4156
4387
8586
737
7612
4179
10042
2043
742
9433
3532
6058
3799
5272
8813
3900
8199
3443
9247
5270
8716
3455
6274
733
4297
5269
6970
3427
3533
728
8615
7140
7901
10
2264
11
4669
6980
94
97
7914
6755
745
3480
5842
7311
6557
10190
758
757
4320
2302
9310
754
2685
6165
3896
6132
4417
4618
3481
749
747
3440
908
9832
5261
945
7028
8060
5927
9691
5260
3430
6317
9597
8156
946
947
5271
3981
5288
1143
10556
5303
2031
1141
3503
9590
1139
8753
7504
7276
7981
10783
2636
1145
5879
2339
7708
7067
3452
9895
9189
7010
7484
7057
3419
3379
7844
8986
6576
2639
4284
1133
8542
6776
5864
1132
1131
3375
1147
7045
5289
9240
1148
1163
3369
5317
1162
1160
1159
8989
4270
9384
4185
9861
1156
2063
4409
2062
6857
1155
7082
1154
5313
8351
7002
1153
9567
3795
3411
1149
3718
10182
3698
8142
6011
5937
9991
5312
5922
9551
1128
4727
5311
3416
7333
9547
1110
5310
1108
1107
5309
3400
3948
5308
3956
7341
5307
4500
7108
4058
1103
3399
7055
1102
2265
4036
1099
1097
10090
8871
7493
2657
9937
1095
6860
2671
6270
8971
8304
1101
3696
6687
3733
4117
6815
3656
3883
1124
1123
7307
7061
7503
3373
5020
1121
4642
9601
7059
3376
10497
4011
5305
8270
3555
5318
1118
5304
2665
4399
1116
1115
4078
7147
7150
1113
10072
1164
4106
6718
5996
2607
3988
1217
1216
2609
1215
1214
6749
1213
10267
1219
1212
3895
5299
1210
6222
1209
4843
3447
9110
9911
1206
1205
8101
6221
10204
2026
5708
2632
8315
6620
1221
9338
7356
8747
10109
8051
4126
1234
7169
8894
3350
17
6672
16
18
2687
2266
5886
3765
1230
1229
7021
8455
4008
7306
3111
9000
1227
4096
1225
1224
1223
7468
1204
5296
1238
7145
9845
3112
3113
7530
3861
1181
3114
5858
4469
1178
10276
9170
1177
1176
2040
3665
1173
1172
1169
2475
1174
7117
7900
1183
1200
2477
2699
4808
1199
7119
2463
5017
4834
9803
4103
1197
4728
6741
4902
7406
1196
5988
7127
1195
1194
6256
1193
7832
1192
6253
6252
2462
8158
10539
1190
3115
1187
5968
4837
6249
5290
3116
1094
7419
1202
7507
6329
6554
10313
4395
10184
997
3590
2625
3592
78
2613
2614
9748
7797
994
2451
5256
992
10493
3120
991
6316
5027
5221
989
9339
4844
6248
4582
3594
4397
4092
6251
5219
986
5218
7433
8974
985
3710
990
3129
5034
1000
5217
4080
8296
3782
2693
2513
1015
1014
1013
1012
1010
1007
1006
1004
1003
1002
983
3122
2532
963
9855
961
5215
960
2490
5214
3875
958
9851
8083
957
5213
2085
10372
4543
2086
962
2718
10224
953
951
5212
950
3124
9633
949
10070
948
9858
954
3947
7574
3748
6264
10346
7344
7023
4548
7441
2712
979
3125
2505
977
10407
2608
976
5208
974
3976
3127
7624
6887
7323
968
967
8155
3984
3565
5206
7310
1018
5014
10055
2732
6000
7934
6241
2504
1019
5960
1071
4147
7730
2627
3567
9862
4149
1067
9279
5202
10008
2000
1066
5824
5201
1072
1065
10698
7385
6819
1062
1060
9565
5199
2509
5198
1064
2018
1996
1998
1075
4986
3119
7451
10108
7542
1089
5680
8045
7377
1087
6919
9394
8475
2647
2521
9393
6223
6843
5196
1086
7120
9557
8984
1085
1083
3639
6240
1082
6966
9538
6229
5223
1081
4401
1080
1079
4720
5224
6787
1078
1077
3089
1057
6085
3090
4569
5225
1056
1054
4118
5253
1033
4119
3091
5252
2122
3605
8046
2024
1035
8422
1028
7322
2247
5926
5249
3093
4995
10614
3094
7961
9054
1025
3095
1023
6978
5783
6269
3098
6666
2246
4726
4997
7744
5248
4577
1036
9931
6032
3615
1038
9053
3107
4559
9929
1053
5247
1052
10668
10328
6049
6303
5246
1050
1049
1048
1047
4527
6118
3620
1044
4999
3099
1042
1041
3100
1040
4851
2591
3101
3102
1039
6023
5241
654
4131
4074
9044
4113
4405
2240
259
5254
4655
3103
7272
3104
4032
4044
4023
4022
6104
5238
7677
255
254
9198
10320
5237
9639
2545
5236
253
252
250
5007
249
248
5235
6100
3152
7334
2230
7571
2228
10085
7336
3650
7298
244
7338
4066
251
271
278
8021
276
274
273
3155
2567
7575
2218
4419
5724
5230
270
4054
6318
5227
269
10195
4888
2229
2248
2253
9074
5287
7152
267
266
265
9867
243
8465
3158
219
218
217
216
215
5319
3160
5747
6903
3879
2148
5745
2149
2150
7997
5743
3161
206
3162
8707
9925
3164
4407
222
2153
3486
7865
3487
6324
5978
3675
9962
6051
2315
223
239
238
237
236
235
234
233
9276
2535
4504
232
7924
5740
7639
6692
230
229
228
3167
226
3466
282
6942
321
7335
6298
283
4024
3169
4031
6275
8180
6866
335
334
8567
333
340
6279
3520
4900
6589
6017
2128
5890
6280
6282
5804
4632
9206
2129
5406
330
5405
4794
5404
10209
4408
3523
3171
327
326
2502
2308
3529
6595
6164
3530
324
331
5047
4034
9172
343
359
358
357
6641
3797
5765
2134
3534
10210
7477
5401
6290
5414
354
3994
7675
4410
6293
352
350
5052
349
348
3927
344
5398
2500
10534
8598
3172
5054
6295
341
301
299
5816
298
4779
7745
297
4043
8215
294
5397
6624
9786
293
3153
9580
292
289
3141
288
287
3667
2512
5395
291
317
7080
8328
3133
316
4272
3134
2483
3803
309
308
5394
4792
5393
3804
4520
6602
6200
6540
4797
7103
307
9944
5392
306
305
304
4790
203
281
6201
201
8664
5825
6637
4277
3136
4465
109
112
2534
114
3137
116
3138
121
4602
5389
10047
145
2600
6205
144
142
5388
141
6875
140
6113
6723
139
137
10079
8238
6714
10763
133
132
8019
5819
2552
2551
127
6764
3139
9626
126
124
125
136
5794
6175
5386
122
123
9572
9363
6197
7519
8198
120
117
5416
7501
3142
4251
187
10689
3151
2556
6682
2186
9569
8564
5431
7705
6669
176
3143
4600
178
179
4255
3144
3711
3921
8554
5445
4807
3145
4578
6774
2189
3538
5444
185
188
9823
4721
3147
7931
3531
200
189
3149
190
7087
4778
10264
2578
6211
4264
10034
4863
191
7085
192
5441
3150
3493
195
196
4414
198
199
75
8154
73
74
108
9482
4415
2202
3855
5793
6263
3086
150
3064
4492
7436
3023
8517
151
2515
10025
152
5439
4316
9828
6026
6099
7049
3821
3645
2511
153
154
155
10005
4609
156
7560
3025
3026
158
6328
3027
6459
4586
160
5438
161
5437
162
163
164
165
166
7090
2506
5436
7091
9647
7093
167
7094
168
169
170
5434
6484
4663
171
579
6863
3028
3029
558
5433
557
3470
555
554
553
3032
4706
8135
552
7912
550
549
3041
7390
8908
7897
7564
6445
3033
2577
5013
2549
545
551
3034
5429
2151
560
3036
562
577
3037
6457
576
575
574
7099
573
6465
2564
569
7280
5193
3504
10089
7489
4307
4529
9598
3040
4301
9070
6496
7101
2573
5427
9852
3809
544
3509
5691
7102
9901
543
542
6520
101
98
2690
99
8787
9996
3022
518
3021
523
4653
6525
6921
516
3505
2225
8483
6582
8988
513
2254
4300
6728
8757
510
5425
5424
8217
4922
3020
4292
5423
4715
4849
509
5999
9978
515
4293
3019
10123
533
3526
2021
7949
7361
7360
7684
4731
9958
9877
2454
526
4247
2522
6750
2524
3002
3463
6385
3003
535
7689
5420
6885
3489
541
534
532
531
4788
4388
528
527
3005
6382
5419
5418
9933
580
5385
9591
8086
7058
9456
651
581
6611
9868
3894
4184
6342
6048
6331
629
7657
628
627
626
3006
9941
7053
623
5384
3007
622
6335
3008
6337
4187
3009
620
619
5351
6127
6340
5349
2498
3351
7020
2492
8515
7069
3010
2489
7072
2711
2710
5348
7074
2526
6892
7075
649
8130
6354
6587
2645
8438
3840
3924
647
645
4969
8362
5344
4196
2113
2629
6421
643
4699
5343
6683
9643
642
641
3841
7399
7430
5342
640
4197
6006
5339
2442
6647
5338
5337
5940
639
638
10408
4178
4631
3014
8099
5350
5336
10396
3624
2073
2072
4009
10352
6772
617
7758
5333
5332
616
5331
615
5330
7326
597
3789
5812
7149
3015
3619
5746
8834
7741
6962
3016
594
4158
6391
3018
6660
3973
3031
2594
2599
6407
3042
4953
3614
3043
3044
4817
5815
7551
4872
10111
587
586
2695
583
2544
2067
9502
5722
4169
8537
3881
9774
4170
1240
4171
6411
599
6152
613
7418
6159
2058
3068
6958
7558
609
4560
3069
614
607
8360
3070
604
602
601
5324
507
9181
5677
4585
4368
505
413
4931
412
4933
10508
3072
6082
6791
410
3073
5799
409
4840
408
9631
414
407
6392
4200
10157
5335
3076
9562
6976
6389
6861
6388
405
4831
404
6974
403
402
4370
7463
2048
5818
3077
400
406
3916
5353
424
417
431
7915
430
4811
3704
9581
6430
6658
6428
6968
5381
5380
5379
5378
76
9009
6846
3893
2294
2284
4660
5375
7753
8244
3870
432
4828
4848
3079
425
3897
3887
5372
422
421
6964
420
4638
419
6655
418
3080
3842
5371
8366
9640
398
5370
6384
379
69
3843
5369
5366
7569
8500
3771
3081
4722
374
373
9226
372
4786
378
2368
2367
6351
3082
4887
371
3083
5713
3084
5365
5364
5363
2078
2079
2359
9526
6818
367
9853
366
6345
4464
9603
364
8182
3777
5361
2725
388
3957
5990
2381
6092
6343
5359
5358
7394
395
5357
3066
4240
4801
2025
2659
7434
4335
391
3912
4948
2372
4949
390
396
2433
8718
5355
5930
9155
4637
7604
7943
56
5993
9157
55
10035
9210
3075
2408
5194
7125
7126
386
385
6856
384
4787
7128
5781
9555
5838
383
4641
2692
8692
7806
6110
397
8520
3964
434
435
7458
6377
5127
2348
3065
4224
483
3597
7411
480
6558
8104
4889
2220
7809
5126
5124
479
477
476
3053
9578
3045
9582
7135
6105
472
3770
478
6371
4223
2635
3588
503
2426
3046
3047
5113
501
3048
2245
2227
4890
5112
6370
6103
7320
5106
2369
3049
3951
5107
5109
3050
498
497
2385
4208
6721
495
494
5192
493
5125
492
491
6367
6443
490
4212
5094
469
448
7138
92
91
4712
6162
2664
4376
4730
4377
6689
6024
7902
9183
3761
5172
444
443
6451
4829
3995
440
439
5175
4686
3845
6659
8007
10309
437
7572
7800
6508
4220
7136
4155
3764
452
3054
460
453
467
4545
466
464
2344
8080
5180
6504
7273
3063
3055
9614
3057
4978
3058
10727
9636
2327
461
3059
2272
9336
3683
7607
8924
3581
5703
6015
6643
9235
9244
9979
6501
3061
456
6056
3863
6518
6516
3062
5188
5190
3130
8653
5176
6697
3952
3174
4968
1239
1306
1241
6527
4210
3934
1930
2187
3702
5698
1939
1901
1902
1905
2343
6530
3583
8640
1915
5700
2193
6494
3175
3824
1965
9575
4961
1956
6467
1966
5137
1981
2400
1894
6463
5681
9531
5141
4378
6740
4615
1816
7555
5151
8144
4481
3857
2127
2644
4243
1803
4379
5883
3573
4571
3288
5152
4380
3289
2387
1868
6456
1853
6156
1855
4381
1818
2361
1874
1869
5156
2430
2432
1799
1787
8110
1829
1817
5155
1815
10302
2324
1920
1913
1911
2437
3778
5154
1931
1926
4846
7144
5153
5931
3776
6097
5092
3554
1917
4236
1967
4234
1958
3291
8485
3719
1800
6572
6486
4231
9002
2005
2015
9559
9630
3985
6478
2093
3543
3292
6476
6475
3293
2390
4385
4771
3294
5149
8307
6012
7817
4201
6471
9550
6564
4735
2080
7403
2077
5769
2076
3296
6472
1786
3744
1806
6078
8558
1801
4172
8617
6087
10133
2111
4386
3671
2107
5776
3305
6532
3297
3298
3299
5146
1977
2407
5159
3300
1961
5145
1959
4478
4894
3612
8457
2337
10681
1979
4614
3727
4345
4479
2069
3609
6534
6798
7824
1906
3301
2330
3302
6498
4621
3303
5142
4622
5048
3304
8213
1921
1933
1943
8126
9546
3642
5924
7918
5138
5136
7396
3978
3286
3640
1925
1928
4882
1934
1938
6106
9948
1942
1944
1922
10349
6479
3295
3285
2575
5902
7582
5720
5949
6490
6491
3273
2555
3265
3266
5046
3267
6701
1964
9532
5162
1969
5189
5899
2276
2679
7456
2651
2030
4542
4866
1955
1949
1982
3823
2472
2258
6492
4678
1895
1838
1833
1789
3892
9915
5185
2458
4870
2487
5898
6509
1871
9560
3516
2618
4685
5181
1884
4312
8535
6365
4723
2717
1867
4757
4447
2499
3272
5178
4324
1849
71
9599
5191
3515
3274
1859
4302
1863
4331
5129
6151
1842
6356
4306
4563
3276
3652
2012
2023
2006
5733
3687
3688
7476
8482
1987
3280
2014
2007
4480
3281
2481
1907
4452
5177
4454
1914
7457
3282
6123
1974
1985
4458
1951
4883
5174
7046
1972
3818
1823
3284
3307
1805
6422
5171
6437
1808
3653
3820
7173
1870
1893
5170
2226
3670
6057
1843
3328
5986
1851
6022
1947
2562
4740
1858
5165
5164
6590
5163
6405
3308
9182
4839
1850
1844
1866
2267
1885
9612
3331
7632
3890
3888
9527
2474
9829
5160
1872
5102
4467
2165
5093
2298
6134
4468
5096
5099
8688
2456
1804
1802
8
7
6
93
5
3332
3980
3333
1793
4827
4254
2131
4821
5122
1836
3813
1828
6333
1826
1824
1822
1821
5121
3838
6163
3967
5117
1912
5115
2519
3334
5114
3335
2485
1960
3336
1948
7735
8525
1968
1980
2206
5695
5694
9543
5110
2476
5128
1975
1973
3337
7105
6676
2210
2211
2621
8141
7353
8883
7757
3338
1910
6854
3340
3349
6470
2542
1940
1937
9632
1908
1784
3507
3341
1775
5105
3959
1413
5103
1414
1415
4273
5098
5100
4781
2183
2182
2181
4904
6500
5101
3953
4427
6580
10222
2643
7444
5648
5878
2179
2540
3342
3343
1419
2642
5750
5734
5637
1420
4432
10300
1421
1422
1423
1424
6018
2694
2583
2171
9088
3517
5778
5758
5715
6524
8891
1425
4039
4910
2581
8348
1427
4869
2675
3946
3540
3721
7107
1429
9859
5849
5682
3344
8503
5701
7890
9785
5661
1431
5659
3345
3346
1433
1434
3464
7070
5615
5610
2638
2646
2449
5867
2445
6173
1439
1440
7282
6030
4661
7014
3347
1392
3330
8540
1380
9876
6064
1382
7158
6404
4064
6412
3806
3339
3329
3317
1385
1386
2529
3309
3310
4666
9
9699
5884
4668
2261
7873
4667
5882
2260
1389
2734
10746
5037
1391
5598
3922
5614
6864
3312
1398
1400
4532
2507
9871
3314
3315
1404
1405
5611
5663
3858
5668
3697
5893
8654
1407
1409
9600
9993
10143
2668
3316
1477
2501
6381
1445
2494
1481
1482
1483
3318
1485
4027
2144
3626
6360
9629
4992
1487
5521
1488
1489
3327
8096
9613
5498
3319
4643
5495
3320
6685
1493
5490
2162
6568
8097
4623
3321
5487
6450
7154
1495
6485
3322
1496
72
3323
4624
6474
2670
4651
7079
5516
3622
2466
5512
5510
3992
10050
3324
6531
1498
6533
1499
1500
6037
6330
1501
5483
2566
1503
6502
5460
7279
1505
8897
1506
4639
1507
70
1508
1509
4776
6522
2568
10052
5455
5466
1479
4800
2576
3325
5477
3919
1478
1460
5757
3732
7397
7060
5474
5470
3326
5469
5484
1446
1447
7713
2560
9554
1448
1449
2561
5571
4920
6684
2297
5894
9638
1451
1452
1453
5562
1454
1455
1457
3736
5577
1458
3657
3264
5705
1459
3636
5586
1476
1462
6526
6086
1463
3837
5982
6517
5533
4975
4741
5685
3306
3263
1466
5554
8570
1467
2541
1468
6139
7062
5548
3218
3768
2703
5880
3199
4531
9529
10065
3200
2588
2580
1443
82
81
9750
2736
6442
1376
3201
6707
6361
2464
96
3651
95
3202
3203
4426
2231
5748
9592
5545
4424
5551
1281
1282
1283
3204
4616
3205
4617
4825
1287
2251
2662
2661
9844
3206
1289
2479
1291
3208
6369
9767
5541
8414
3217
2450
5539
4521
1295
1296
3659
5525
1298
1299
5527
1301
2455
3974
2461
5529
6372
3839
9947
2517
7960
2520
7133
1304
6374
1305
1275
3210
7407
3211
1256
7776
2528
2530
6040
1242
3917
5579
1244
1245
9764
1246
5582
6332
2491
5583
5588
9627
2619
4879
6336
4526
5592
1248
1249
5593
9815
4501
8480
6350
5709
3548
5712
1250
1251
1252
1253
4945
1255
1257
1272
1258
1259
9602
1260
1261
1262
1263
1264
1265
5566
3215
4551
3216
1269
1270
1273
4853
8994
1309
1344
1345
5570
5572
1346
6418
3920
6699
3909
6126
1349
3207
5574
4094
2531
2682
1353
4111
6079
6613
6426
1355
5468
1356
5473
1357
7293
3999
6573
2523
4939
5478
9644
9897
6434
4451
7172
3996
2516
1360
2514
1363
2459
6548
1364
1365
8875
2733
2656
2641
6393
9533
4847
1367
2452
9534
1368
6645
1370
7513
6020
4838
1371
5509
7332
4818
4102
1372
1373
2106
8444
2314
9825
4713
2313
3753
5518
1358
1342
9749
7342
7157
6845
4736
1324
1310
4823
2440
5497
4100
6071
1312
1313
1314
3757
5500
1315
1316
1317
1318
1319
1320
1321
1322
1323
1325
1340
5595
3178
1326
9642
1327
5644
3760
1329
1330
2676
6936
7520
1332
3179
5991
1333
5664
1334
4707
2714
3180
1337
2602
4082
6061
6349
3182
2587
2032
6007
3575
3853
5725
2029
1511
1512
3183
4359
2586
1513
2318
2319
3923
7352
5632
3184
1685
1687
3991
5627
5626
6383
6848
6060
1689
1690
5618
2543
1691
1692
6373
6847
9553
1693
2537
7670
3186
2554
6753
4072
4687
3585
5652
4085
4881
4777
2057
2574
3971
1704
3562
1706
1707
4783
3188
9836
5628
1709
3190
1711
5623
2634
5683
2637
5688
4912
1712
1683
5640
1698
9540
5707
2123
2050
5706
4053
5636
6004
4326
3942
4744
68
107
67
5656
1650
3914
3826
3191
84
4759
86
87
89
4758
4850
2706
1654
3193
7096
6835
5689
3194
9588
9873
1656
3196
2282
2291
5658
3800
4704
1661
3801
2615
5744
2068
1680
4859
4710
1666
4555
5673
3808
1669
2672
5900
6679
9927
6208
3240
5660
3220
7460
1671
5602
9556
5635
1672
1673
1674
5980
5653
1675
3243
1677
5657
5674
4647
9568
1678
1679
9589
5645
5906
3891
4676
3886
1715
1716
5620
1717
1752
3245
2034
1753
4732
5621
6198
1754
2287
2680
3246
2413
1756
6204
4791
1758
2409
5638
1759
4016
2278
2702
5605
5063
2404
4793
4175
9843
9190
4333
1762
5662
1763
5608
6299
1764
2045
6594
3885
1765
2
4619
4780
1766
6296
3247
5622
1767
4620
1768
1782
5675
2425
5773
5772
2109
5624
1780
2397
5631
5625
3658
5616
1779
1778
4233
3249
8697
5607
5612
1783
5667
4806
1776
1774
9637
6817
5671
1771
2698
3250
0
3261
1751
5642
3759
5643
1749
5646
6169
2119
5739
2649
9537
1719
6323
5496
2366
1720
5491
1721
2311
4762
1722
2363
5488
5493
10327
6319
6069
4349
3254
3255
3256
7156
4246
2360
2735
4897
6765
5517
4004
3257
3258
3969
2374
4819
4810
2375
1731
1733
2715
2393
7474
4868
1748
3259
1735
2386
3260
1737
5515
5513
5508
5730
4524
1739
5461
1740
5983
4708
5464
2380
1741
6307
3242
1744
5453
1745
1746
1747
1649
5456
2371
1648
5465
6302
5482
4855
1647
1579
3251
9573
2421
2422
4858
3829
1550
6272
1552
3472
5759
5475
2403
1554
5686
5522
4546
2019
7018
2640
6784
1555
1556
4625
5558
1557
2353
1558
1559
3241
6230
1561
1563
1578
3221
5782
5981
1564
1565
2288
5575
3222
1568
7121
4820
5568
3805
1570
1571
5576
3223
1572
5578
3224
1574
9596
4899
2249
3602
6093
1575
3225
1577
1547
1
2351
6217
6227
1562
1546
5560
5559
5537
1528
3968
2238
3468
3491
5535
5532
5449
2356
1516
3502
2241
2623
2216
3226
7134
1519
5530
7274
1520
1521
5540
1522
5556
5777
5553
1523
2235
2417
1524
2435
1525
1526
1527
5546
1544
1530
1531
1533
3512
5544
1534
1535
3227
5514
5596
1536
5543
5547
5549
6246
9584
3228
5555
5526
4341
1538
1539
4835
5538
1540
5534
1541
5888
1542
5594
1543
4862
5584
1545
6634
3230
3239
2377
5587
2214
2355
5561
1613
6231
5523
1581
3902
6844
3901
2392
4830
2626
2158
5717
4812
1618
5476
4523
2362
2365
5480
5467
6607
1620
5451
5459
1621
1622
5462
5463
1623
2166
2167
1624
5507
1625
2125
2648
3874
5727
2616
5721
4826
3485
5719
1628
2419
2723
5979
3232
1646
2424
2427
3979
1632
5503
5489
1633
6068
1634
1635
1636
1638
1640
4709
5492
5499
9548
2191
2194
1642
3234
6754
4671
79
77
3236
7137
9608
1630
5687
2199
2622
5742
5892
2290
2273
1582
5665
2204
2205
2207
2209
1584
1585
5629
1586
3997
5654
1587
1588
1589
3905
4785
2709
5655
2172
4466
2630
8353
5666
4789
5633
3990
5617
1597
5597
2700
1612
2673
2176
2178
2180
5600
1598
6177
6203
1599
5670
1600
1601
2346
4005
6736
1603
1604
1605
1606
1607
1608
1609
3238
4613
1610
1611
9528
4533
